ad	density	cc	spath	eigencentr	betwcentr
drug_1	426	427	-590.5	-482	-493.5	437.5
drug_10	-666	-592	437.5	-557	606.5	-692.5
drug_100	-471.5	-484.5	-657	427	-444.5	-554
drug_101	426	427	-495.5	427	-420	-542.5
drug_102	426	427	-590.5	-482	517.5	437.5
drug_103	-506.5	-568.5	-733.5	-668	-697	-617.5
drug_104	-558.5	-540.5	-652.5	427	606.5	437.5
drug_105	426	427	-590.5	-482	-507.5	437.5
drug_106	426	427	-590.5	-482	-493.5	437.5
drug_107	426	427	-461	-594.5	517.5	437.5
drug_108	426	427	-590.5	-482	517.5	437.5
drug_109	426	427	-461	-594.5	-410.5	437.5
drug_11	-633.5	-603.5	437.5	-441	606.5	-722
drug_110	-449	-498	-542.5	-723	-516	437.5
drug_111	-599.5	-651.5	437.5	427	-660	-654
drug_112	-599.5	-651.5	437.5	427	-660	-654
drug_113	-449	-498	-542.5	-723	-520	437.5
drug_114	-718	-724	437.5	427	-721	-598.5
drug_115	-686.5	-703.5	437.5	-707.5	-710.5	-514
drug_116	-686.5	-703.5	437.5	-707.5	-710.5	-514
drug_117	-686.5	-703.5	437.5	-707.5	-706	-514
drug_118	-671.5	-682.5	-720.5	-697	-555.5	437.5
drug_119	-686.5	-703.5	437.5	-707.5	-706	-514
drug_12	426	427	-556.5	-527	606.5	-584.5
drug_120	-599.5	-651.5	437.5	427	-687	-654
drug_121	-599.5	-651.5	437.5	427	-675.5	-654
drug_122	-686.5	-703.5	437.5	-707.5	-706	-514
drug_123	-449	-498	-542.5	-723	-511.5	437.5
drug_124	-599.5	-651.5	437.5	427	-647	-654
drug_125	-686.5	-703.5	437.5	-707.5	-706	-514
drug_126	-736	-739	437.5	-690	-728.5	-521.5
drug_127	-671.5	-682.5	-720.5	-697	-555.5	437.5
drug_128	-449	-498	-542.5	-723	-511.5	437.5
drug_129	-599.5	-651.5	437.5	427	-687	-654
drug_13	674.5	674.5	685	674.5	671	-692.5
drug_130	-599.5	-651.5	437.5	427	-660	-654
drug_131	-736	-739	437.5	-690	-728.5	-521.5
drug_132	-718	-724	437.5	427	-716.5	-598.5
drug_133	-449	-498	-542.5	-723	517.5	437.5
drug_134	-718	-724	437.5	427	-721	-598.5
drug_135	426	427	-590.5	-482	517.5	437.5
drug_136	-736	-739	437.5	-690	-728.5	-521.5
drug_137	-736	-739	437.5	-690	-728.5	-521.5
drug_138	-686.5	-703.5	437.5	-707.5	-706	-514
drug_139	-599.5	-651.5	437.5	427	-660	-654
drug_14	-680	674.5	685	-674.5	637.5	-732
drug_140	-736	-739	437.5	-690	-728.5	-521.5
drug_141	-599.5	-651.5	437.5	427	-675.5	-654
drug_142	426	427	437.5	-610.5	352	437.5
drug_143	-677	-679	-741	-534.5	-521.5	437.5
drug_144	426	427	-482	-629.5	-368	437.5
drug_145	426	427	-482	-629.5	606.5	437.5
drug_146	426	427	-447	-550	352	437.5
drug_147	426	427	437.5	-612	352	437.5
drug_148	-558.5	-540.5	-676	427	517.5	437.5
drug_149	426	427	-482	-629.5	-368	437.5
drug_15	674.5	674.5	685	674.5	716.5	-722
drug_150	-677	-679	-741	-534.5	-522.5	437.5
drug_151	426	427	-482	-629.5	517.5	437.5
drug_152	-428.5	427	437.5	-663	352	437.5
drug_153	426	427	-482	-629.5	517.5	437.5
drug_154	-570.5	-507.5	-639.5	-563	517.5	437.5
drug_155	-531.5	-517.5	-687	-654.5	-447.5	437.5
drug_156	-531.5	-517.5	-628	-702	-587.5	-628.5
drug_157	-531.5	-517.5	-687	-654.5	606.5	437.5
drug_158	-696	-690	-742.5	-434	-523.5	437.5
drug_159	-674	-588	-683.5	-615	606.5	-679.5
drug_16	-680	674.5	685	-674.5	637.5	-732
drug_160	-570.5	-507.5	-670	-677.5	352	437.5
drug_161	-464.5	-526.5	-642	-659.5	-637	-708
drug_162	-570.5	-507.5	-670	-677.5	517.5	437.5
drug_163	-479.5	-455.5	-635.5	427	517.5	437.5
drug_164	426	427	-517.5	-578	517.5	437.5
drug_165	-471.5	-484.5	-657	427	517.5	-554
drug_166	426	427	437.5	-610.5	517.5	437.5
drug_167	-479.5	-455.5	-624.5	-651.5	-577.5	-700.5
drug_168	-531.5	-517.5	-687	-654.5	-447.5	437.5
drug_169	-544	-473	-649	427	352	437.5
drug_17	-428.5	427	437.5	-644.5	352	-682
drug_170	426	427	-495.5	427	-420	-542.5
drug_171	-599.5	-651.5	437.5	427	-675.5	-654
drug_172	-657	-621	437.5	-542.5	-614	-569.5
drug_173	426	427	-517.5	-578	517.5	437.5
drug_174	-599.5	-651.5	437.5	427	-692.5	-654
drug_175	-731.5	-732.5	437.5	-743.5	-742	-743
drug_176	-708.5	-696.5	437.5	-735	-628.5	437.5
drug_177	426	427	-590.5	-482	-507.5	437.5
drug_178	-449	-498	-542.5	-723	-516	437.5
drug_179	-428.5	427	437.5	-622	517.5	437.5
drug_18	674.5	674.5	685	674.5	671	-692.5
drug_180	-449	-498	-542.5	-723	-520	437.5
drug_181	-686.5	-703.5	437.5	-707.5	-706	-514
drug_182	426	427	-590.5	-482	-493.5	437.5
drug_183	-599.5	-651.5	437.5	427	-660	-654
drug_184	-708.5	-696.5	437.5	-735	-629.5	437.5
drug_185	-599.5	-651.5	437.5	427	-660	-654
drug_186	-458	-462	437.5	-737.5	-392.5	437.5
drug_187	-599.5	-651.5	437.5	427	-647	-654
drug_188	-708.5	-696.5	437.5	-735	-630.5	437.5
drug_189	-449	-498	-542.5	-723	517.5	437.5
drug_19	674.5	674.5	685	674.5	671	685
drug_190	-731.5	-732.5	437.5	-743.5	-742	-743
drug_191	-657	-621	437.5	-542.5	-614	-569.5
drug_192	-686.5	-703.5	437.5	-707.5	-710.5	-514
drug_193	426	427	-517.5	-578	517.5	437.5
drug_194	-657	-621	437.5	-542.5	-619	-569.5
drug_195	-599.5	-651.5	437.5	427	-675.5	-654
drug_196	-449	-498	-542.5	-723	-511.5	437.5
drug_197	-657	-621	437.5	-542.5	-621.5	-569.5
drug_198	-599.5	-651.5	437.5	427	-660	-654
drug_199	-449	-498	-542.5	-723	517.5	437.5
drug_2	426	427	-482	-600.5	352	-468
drug_20	674	675	437.5	675	517.5	-527.5
drug_200	-703	-715	-644.5	-613	-735.5	-704.5
drug_201	-708.5	-696.5	437.5	675	-638.5	-606.5
drug_202	-599.5	-651.5	437.5	427	-647	-654
drug_203	674	675	437.5	675	-608.5	-627
drug_204	674	675	437.5	675	-573.5	-563
drug_205	674	675	-469.5	675	517.5	437.5
drug_206	-599.5	-651.5	437.5	427	-660	-654
drug_207	-703	-715	437.5	-649	-737.5	-740.5
drug_208	-599.5	-651.5	437.5	427	-687	-654
drug_209	-718	-724	437.5	427	-721	-598.5
drug_21	674.5	674.5	685	674.5	637.5	685
drug_210	426	427	-590.5	-482	606.5	437.5
drug_211	426	427	-590.5	-482	517.5	437.5
drug_212	-599.5	-651.5	437.5	427	-660	-654
drug_213	-558.5	-540.5	-676	427	-397	437.5
drug_214	426	427	-590.5	-482	-466	437.5
drug_215	-726.5	-710.5	437.5	-679	-736.5	-733.5
drug_216	426	427	-517.5	-578	-357.5	437.5
drug_217	-599.5	-651.5	437.5	427	-660	-654
drug_218	-599.5	-651.5	437.5	427	-687	-654
drug_219	426	427	-590.5	-482	517.5	437.5
drug_22	-818.5	-755.5	-254.5	-763	-558.5	-607.5
drug_220	674	675	-549.5	675	517.5	437.5
drug_221	674	675	437.5	675	-609.5	-627
drug_222	426	427	-517.5	-578	517.5	437.5
drug_223	-599.5	-651.5	437.5	427	-647	-654
drug_224	-599.5	-651.5	437.5	427	-687	-654
drug_225	-599.5	-651.5	437.5	427	-675.5	-654
drug_226	-666	-592	437.5	-449	-579.5	-577.5
drug_227	674	675	-469.5	675	517.5	437.5
drug_228	674	675	437.5	675	-574.5	-563
drug_229	426	427	-517.5	-578	606.5	437.5
drug_23	426	427	-482	-600.5	517.5	-468
drug_230	-599.5	-651.5	437.5	427	-687	-654
drug_231	-657	-621	437.5	-542.5	-614	-569.5
drug_232	-428.5	427	437.5	-622	606.5	437.5
drug_233	-657	-621	437.5	-542.5	-614	-569.5
drug_234	-657	-621	437.5	-542.5	-614	-569.5
drug_235	426	427	-517.5	-578	517.5	437.5
drug_236	-666	-592	437.5	-557	-571.5	-692.5
drug_237	426	427	-590.5	-482	517.5	437.5
drug_238	426	427	-556.5	-527	-377	-584.5
drug_239	426	427	-590.5	-482	517.5	437.5
drug_24	-443	427	437.5	-682	517.5	437.5
drug_240	426	427	-556.5	-527	-374.5	-584.5
drug_241	-449	-498	-542.5	-723	-516	437.5
drug_242	426	427	-590.5	-482	517.5	437.5
drug_243	426	427	-590.5	-482	-493.5	437.5
drug_244	-440	427	437.5	-673	606.5	-575.5
drug_245	-428.5	427	437.5	-622	352	437.5
drug_246	-633.5	-603.5	437.5	-519	-586	-559
drug_247	-633.5	-603.5	437.5	-441	-591	-722
drug_248	-657	-621	437.5	-542.5	-619	-569.5
drug_249	426	427	-590.5	-482	517.5	437.5
drug_25	674.5	674.5	685	674.5	637.5	685
drug_250	-599.5	-651.5	437.5	427	-647	-654
drug_251	-599.5	-651.5	437.5	427	-660	-654
drug_252	426	427	-517.5	-578	352	437.5
drug_253	426	427	-461	-594.5	517.5	437.5
drug_254	-428.5	427	437.5	-622	606.5	437.5
drug_255	-544	-473	437.5	-742	352	437.5
drug_256	426	427	-590.5	-482	-466	437.5
drug_257	-657	-621	437.5	-542.5	-614	-569.5
drug_258	-458	-462	437.5	-737.5	-391.5	437.5
drug_259	426	427	-590.5	-482	-466	437.5
drug_26	922.5	922.5	685	922.5	637.5	685
drug_260	674.5	674.5	685	674.5	716.5	685
drug_261	674.5	674.5	685	674.5	716.5	685
drug_262	674.5	674.5	685	674.5	637.5	685
drug_263	674.5	674.5	685	674.5	716.5	685
drug_264	674.5	674.5	685	674.5	637.5	685
drug_265	674.5	674.5	685	-730.5	671	685
drug_266	674.5	674.5	685	674.5	716.5	685
drug_267	674.5	674.5	-689.5	674.5	671	685
drug_268	674.5	674.5	685	674.5	716.5	685
drug_269	-726.5	-710.5	685	-741	-712.5	-695.5
drug_27	922.5	922.5	685	922.5	716.5	685
drug_270	674.5	674.5	685	674.5	671	-688.5
drug_271	674.5	674.5	685	674.5	716.5	-722
drug_272	674.5	674.5	685	674.5	671	685
drug_273	674.5	674.5	685	674.5	716.5	685
drug_274	674.5	674.5	685	674.5	671	685
drug_275	674.5	674.5	685	674.5	716.5	685
drug_276	674.5	674.5	685	674.5	-675.5	685
drug_277	674.5	674.5	685	674.5	716.5	-689.5
drug_278	674.5	674.5	685	674.5	716.5	685
drug_279	674.5	674.5	685	674.5	716.5	-722
drug_28	922.5	922.5	685	922.5	671	685
drug_280	674.5	674.5	685	674.5	716.5	685
drug_281	674.5	674.5	685	-739	637.5	685
drug_282	674.5	674.5	685	674.5	716.5	685
drug_283	674.5	674.5	685	674.5	671	-735.5
drug_284	674.5	674.5	-704.5	674.5	716.5	685
drug_285	674.5	674.5	685	674.5	716.5	685
drug_286	674.5	674.5	685	674.5	716.5	685
drug_287	674.5	674.5	685	674.5	637.5	685
drug_288	-740	-735	685	-694	-640	685
drug_289	674.5	674.5	685	674.5	671	685
drug_29	674.5	674.5	685	674.5	671	685
drug_290	-650	-491	-622.5	-647	517.5	437.5
drug_291	-531.5	-517.5	-687	-654.5	-445.5	437.5
drug_292	426	427	437.5	-614	517.5	437.5
drug_293	-675	-524	-738.5	427	517.5	437.5
drug_294	-485	427	-632	427	517.5	437.5
drug_295	-724	-677	-728.5	-662	352	437.5
drug_296	-485	427	-632	427	352	437.5
drug_297	-680	-614	-739.5	-549	-393.5	437.5
drug_298	-440	427	437.5	-686	517.5	-507.5
drug_299	426	427	-445	-561.5	517.5	-504
drug_3	-666	-592	437.5	-557	-571.5	-692.5
drug_30	922.5	922.5	685	922.5	637.5	685
drug_300	426	427	-482	-629.5	-368	437.5
drug_301	426	427	-445	-561.5	517.5	-504
drug_302	-643	427	-637	-680.5	352	-472
drug_303	-711	-549	-723.5	-609	517.5	-462.5
drug_304	-485	427	-632	427	517.5	437.5
drug_305	-485	427	-632	427	517.5	437.5
drug_306	-485	427	-652.5	-606	517.5	437.5
drug_307	426	427	-474.5	-640	517.5	437.5
drug_308	-440	427	437.5	-686	517.5	-507.5
drug_309	426	427	437.5	-564	352	-699.5
drug_31	674.5	674.5	-704.5	674.5	671	685
drug_310	-544	-473	-645.5	-451	352	437.5
drug_311	-650	-491	-647	-699.5	606.5	437.5
drug_312	-650	-491	-647	-699.5	517.5	437.5
drug_313	-643	427	-637	-680.5	517.5	-472
drug_314	426	427	-474.5	-640	517.5	437.5
drug_315	-625	-466	-638.5	-676	-390.5	437.5
drug_316	-643	427	-504.5	-560	517.5	-529.5
drug_317	426	427	-474.5	-640	352	437.5
drug_318	-440	427	437.5	-686	517.5	-507.5
drug_319	-706	-612	-724.5	-605	517.5	437.5
drug_32	922.5	922.5	685	922.5	742.5	685
drug_320	674.5	674.5	685	674.5	671	685
drug_321	674.5	674.5	685	674.5	637.5	685
drug_322	674.5	674.5	685	674.5	716.5	-686.5
drug_323	674.5	674.5	685	674.5	637.5	-736.5
drug_324	-718	-724	685	674.5	-716.5	685
drug_325	674.5	674.5	685	674.5	716.5	685
drug_326	-718	-724	685	674.5	-721	685
drug_327	674.5	674.5	685	674.5	671	-686.5
drug_328	674.5	674.5	685	674.5	-687	685
drug_329	674.5	674.5	685	674.5	671	-713.5
drug_33	922.5	922.5	685	922.5	716.5	685
drug_330	674.5	674.5	-704.5	674.5	637.5	685
drug_331	674.5	674.5	685	674.5	671	685
drug_332	674.5	674.5	685	674.5	716.5	685
drug_333	674.5	674.5	685	674.5	671	685
drug_334	674.5	-682.5	685	674.5	671	-728.5
drug_335	674.5	674.5	685	674.5	716.5	685
drug_336	674.5	674.5	685	674.5	716.5	685
drug_337	674.5	674.5	685	674.5	671	685
drug_338	674.5	674.5	685	674.5	637.5	685
drug_339	674.5	674.5	685	674.5	671	685
drug_34	922.5	922.5	685	922.5	637.5	685
drug_340	674.5	674.5	685	674.5	716.5	685
drug_341	674.5	674.5	685	674.5	671	685
drug_342	674.5	674.5	685	674.5	671	685
drug_343	674.5	674.5	685	674.5	716.5	685
drug_344	674.5	674.5	685	674.5	716.5	685
drug_345	674.5	674.5	-704.5	674.5	671	685
drug_346	-730	-730	685	674.5	-725.5	-705.5
drug_347	674.5	674.5	685	674.5	716.5	685
drug_348	674.5	674.5	685	674.5	637.5	685
drug_349	426	427	-495.5	427	517.5	-542.5
drug_35	674.5	674.5	685	674.5	671	685
drug_350	-428.5	427	437.5	-622	352	437.5
drug_351	426	427	-495.5	427	-427.5	-542.5
drug_352	426	427	-476.5	427	352	-684.5
drug_353	426	427	-452	-429	352	437.5
drug_354	426	427	-517.5	-578	517.5	437.5
drug_355	426	427	-590.5	-482	517.5	437.5
drug_356	-428.5	427	437.5	-622	352	437.5
drug_357	426	427	-517.5	-578	352	437.5
drug_358	426	427	-452	-429	352	437.5
drug_359	426	427	-590.5	-482	606.5	437.5
drug_36	674.5	674.5	685	674.5	671	685
drug_360	426	427	-590.5	-482	-466	437.5
drug_361	426	427	-495.5	427	-420	-542.5
drug_362	426	427	-590.5	-482	-507.5	437.5
drug_363	426	427	-495.5	427	-427.5	-542.5
drug_364	426	427	-495.5	427	517.5	-542.5
drug_365	426	427	-590.5	-482	-493.5	437.5
drug_366	426	427	-452	-429	352	437.5
drug_367	426	427	-482	-600.5	352	-468
drug_368	426	427	-495.5	427	517.5	-542.5
drug_369	426	427	-590.5	-482	-493.5	437.5
drug_37	922.5	922.5	685	922.5	671	685
drug_370	426	427	-556.5	-527	517.5	-584.5
drug_371	426	427	-590.5	-482	-493.5	437.5
drug_372	-428.5	427	437.5	-622	517.5	437.5
drug_373	426	427	-517.5	-578	-357.5	437.5
drug_374	426	427	-517.5	-578	-357.5	437.5
drug_375	426	427	-517.5	-578	-357.5	437.5
drug_376	426	427	-556.5	-527	517.5	-584.5
drug_377	426	427	-531.5	427	517.5	-463.5
drug_378	426	427	-517.5	-578	517.5	437.5
drug_379	426	427	-590.5	-482	606.5	437.5
drug_38	922.5	922.5	685	922.5	637.5	685
drug_380	-506.5	-568.5	-704.5	427	-547.5	-487.5
drug_381	-703	-715	-440	-513.5	-733.5	-578.5
drug_382	-744	-742	-660.5	427	-732.5	437.5
drug_383	-458	-462	-682	427	-557.5	437.5
drug_384	-677	-679	-440	-513.5	-724.5	-697.5
drug_385	-531.5	-517.5	437.5	427	-597.5	-713.5
drug_386	-558.5	-540.5	-725.5	427	352	437.5
drug_387	426	427	-590.5	-482	517.5	437.5
drug_388	-599.5	-651.5	437.5	427	-660	-654
drug_389	-599.5	-651.5	437.5	427	-647	-654
drug_39	674.5	674.5	685	674.5	671	685
drug_390	-718	-724	437.5	427	-721	-598.5
drug_391	-531.5	-517.5	437.5	427	-603	-713.5
drug_392	-733	-731	-666.5	427	-734.5	-696.5
drug_393	426	427	-495.5	427	-420	-542.5
drug_394	426	427	-495.5	427	517.5	-542.5
drug_395	426	427	-590.5	-482	606.5	437.5
drug_396	-506.5	-568.5	-704.5	427	-537	-487.5
drug_397	426	427	-590.5	-482	-493.5	437.5
drug_398	-599.5	-651.5	437.5	427	-675.5	-654
drug_399	-531.5	-517.5	437.5	427	-591	-713.5
drug_4	-633.5	-603.5	437.5	-441	-597.5	-722
drug_40	674.5	674.5	685	674.5	716.5	685
drug_400	-696	-690	437.5	427	-632.5	-701.5
drug_401	-471.5	-484.5	-629.5	-642	-627.5	-729.5
drug_402	-531.5	-517.5	437.5	427	-603	-713.5
drug_403	-544	-473	437.5	-519	-562	-686.5
drug_404	-544	-473	-722.5	427	352	-470.5
drug_405	-599.5	-651.5	437.5	427	-675.5	-654
drug_406	-718	-724	437.5	427	-714	-598.5
drug_407	426	427	-532.5	427	606.5	-579.5
drug_408	-696	-690	437.5	-715	-622.5	-610.5
drug_409	-479.5	-455.5	-668.5	427	352	-605.5
drug_41	674.5	674.5	685	674.5	716.5	685
drug_410	-712	-685	437.5	427	-581.5	-698.5
drug_411	-696	-690	437.5	-715	-625	-610.5
drug_412	-479.5	-455.5	-628	-740	352	437.5
drug_413	-740	-735	437.5	-694	-641.5	-623.5
drug_414	-458	-462	-535	-730.5	-380	437.5
drug_415	-633.5	-603.5	437.5	-441	-591	-722
drug_416	-696	-690	437.5	-715	-625	-610.5
drug_417	-696	-690	437.5	-715	-625	-610.5
drug_418	-462	427	-634.5	-536	-563.5	-734.5
drug_419	-471.5	-484.5	-682	427	-432.5	-505.5
drug_42	674.5	674.5	685	674.5	742.5	685
drug_420	-633.5	-603.5	437.5	-441	-597.5	-722
drug_421	-633.5	-603.5	437.5	-441	-597.5	-722
drug_422	-726.5	-710.5	437.5	427	-633.5	-702.5
drug_423	-633.5	-603.5	437.5	-441	-597.5	-722
drug_424	426	427	-456	-603.5	352	-525
drug_425	-599.5	-651.5	437.5	427	-687	-654
drug_426	-742.5	-743.5	-622.5	-531.5	-744.5	-738
drug_427	-458	-462	-535	-730.5	517.5	437.5
drug_428	-458	-462	-535	-730.5	517.5	437.5
drug_429	-686.5	-703.5	437.5	-707.5	-702.5	-514
drug_43	674.5	674.5	685	674.5	716.5	685
drug_430	-599.5	-651.5	437.5	427	-660	-654
drug_431	426	427	-556.5	-527	-372	-584.5
drug_432	-696	-690	437.5	-715	-625	-610.5
drug_433	-740	-735	437.5	-694	-640	-623.5
drug_434	-718	-724	437.5	427	-714	-598.5
drug_435	-671.5	-682.5	-720.5	-697	-555.5	437.5
drug_436	426	427	-556.5	-527	-377	-584.5
drug_437	-506.5	-568.5	-704.5	427	606.5	-487.5
drug_438	426	427	-590.5	-482	-466	437.5
drug_439	-506.5	-568.5	-704.5	427	606.5	-487.5
drug_44	922.5	922.5	685	922.5	671	685
drug_440	426	427	-590.5	-482	606.5	437.5
drug_441	-506.5	-568.5	-704.5	427	-528.5	-487.5
drug_442	426	427	-590.5	-482	517.5	437.5
drug_443	-506.5	-568.5	-704.5	427	-537	-487.5
drug_444	426	427	-590.5	-482	517.5	437.5
drug_445	426	427	-590.5	-482	-466	437.5
drug_446	-506.5	-568.5	-704.5	427	-547.5	-487.5
drug_447	426	427	-590.5	-482	-493.5	437.5
drug_448	-506.5	-568.5	-704.5	427	-537	-487.5
drug_449	426	427	-590.5	-482	-493.5	437.5
drug_45	922.5	922.5	685	922.5	716.5	685
drug_450	-506.5	-568.5	-704.5	427	-547.5	-487.5
drug_451	426	427	-590.5	-482	-466	437.5
drug_452	-666	-592	-726.5	-733	-731.5	-703.5
drug_453	-506.5	-568.5	-733.5	-668	-693.5	-617.5
drug_454	426	427	-590.5	-482	-466	437.5
drug_455	-506.5	-568.5	-704.5	427	-528.5	-487.5
drug_456	426	427	-590.5	-482	517.5	437.5
drug_457	426	427	-590.5	-482	-466	437.5
drug_458	-506.5	-568.5	-733.5	-668	-697	-617.5
drug_459	-506.5	-568.5	-733.5	-668	-701	-617.5
drug_46	674.5	674.5	-704.5	674.5	716.5	685
drug_460	426	427	-590.5	-482	-466	437.5
drug_461	426	427	-590.5	-482	517.5	437.5
drug_462	-506.5	-568.5	-704.5	427	-553.5	-487.5
drug_463	-506.5	-568.5	-733.5	-668	-697	-617.5
drug_464	-506.5	-568.5	-704.5	427	-537	-487.5
drug_465	-506.5	-568.5	-733.5	-668	-697	-617.5
drug_466	674.5	674.5	685	674.5	-675.5	685
drug_467	-703	-715	685	674.5	-739	-740.5
drug_468	674.5	674.5	685	674.5	671	685
drug_469	674.5	674.5	685	674.5	637.5	685
drug_47	922.5	922.5	685	922.5	716.5	685
drug_470	674.5	674.5	685	674.5	716.5	685
drug_471	674.5	674.5	-704.5	674.5	637.5	685
drug_472	674.5	674.5	685	674.5	716.5	685
drug_473	674.5	674.5	685	674.5	716.5	685
drug_474	674.5	674.5	-704.5	674.5	671	685
drug_475	674.5	674.5	685	674.5	716.5	685
drug_476	674.5	674.5	-704.5	674.5	671	685
drug_477	-703	-715	685	674.5	-739	-740.5
drug_478	-742.5	-743.5	685	674.5	-743.5	-738
drug_479	674.5	674.5	685	674.5	716.5	685
drug_48	-558.5	-540.5	-652.5	427	517.5	437.5
drug_480	-718	-724	685	674.5	-721	685
drug_481	674.5	674.5	685	674.5	671	685
drug_482	674.5	674.5	685	674.5	716.5	-708
drug_483	674.5	674.5	685	674.5	671	685
drug_484	674.5	674.5	685	674.5	637.5	685
drug_485	-718	-724	685	674.5	-716.5	685
drug_486	-726.5	-710.5	685	674.5	716.5	685
drug_487	674.5	674.5	685	674.5	671	685
drug_488	674.5	674.5	685	674.5	671	685
drug_489	674.5	674.5	685	674.5	-675.5	685
drug_49	426	427	-495.5	427	-427.5	-542.5
drug_490	674.5	674.5	685	674.5	744.5	685
drug_491	674.5	674.5	685	674.5	716.5	685
drug_492	674.5	674.5	-704.5	674.5	716.5	685
drug_493	674.5	674.5	685	674.5	671	685
drug_494	-729	-718	685	-683	-740.5	-744.5
drug_495	674.5	674.5	685	674.5	671	685
drug_496	674.5	674.5	685	674.5	671	685
drug_5	-599.5	-651.5	437.5	427	-660	-654
drug_50	426	427	-461	-594.5	-410.5	437.5
drug_51	426	427	-452	-429	517.5	437.5
drug_52	426	427	-590.5	-482	517.5	437.5
drug_53	-506.5	-568.5	-704.5	427	-547.5	-487.5
drug_54	426	427	-517.5	-578	352	437.5
drug_55	-506.5	-568.5	-704.5	427	-537	-487.5
drug_56	426	427	-517.5	-578	-357.5	437.5
drug_57	-558.5	-540.5	-676	427	517.5	437.5
drug_58	-696	-690	-744	-633.5	-607.5	-465
drug_59	426	427	-452	-429	352	437.5
drug_6	-633.5	-603.5	437.5	-441	-597.5	-722
drug_60	-464.5	-526.5	-642	-659.5	-635	-708
drug_61	-696	-690	-744	-633.5	-606.5	-465
drug_62	-558.5	-540.5	-727.5	-684	-610.5	-530.5
drug_63	426	427	-517.5	-578	-357.5	437.5
drug_64	-558.5	-540.5	-676	427	517.5	437.5
drug_65	426	427	-461	-594.5	-410.5	437.5
drug_66	-544	-473	-649	427	352	437.5
drug_67	-506.5	-568.5	-733.5	-668	-701	-617.5
drug_68	426	427	-452	-429	352	437.5
drug_69	426	427	437.5	-429	352	437.5
drug_7	426	427	-482	-600.5	606.5	-468
drug_70	426	427	-517.5	-578	517.5	437.5
drug_71	-558.5	-540.5	-676	427	517.5	437.5
drug_72	-440	427	-625.5	427	624.5	-730.5
drug_73	-570.5	-507.5	-552.5	-701	-576.5	-580.5
drug_74	-479.5	-455.5	-551.5	-651.5	-580.5	-710.5
drug_75	-428.5	427	437.5	-622	352	437.5
drug_76	-506.5	-568.5	-704.5	427	606.5	-487.5
drug_77	426	427	-517.5	-578	-357.5	437.5
drug_78	-428.5	427	437.5	-622	352	437.5
drug_79	-471.5	-484.5	-657	427	-443.5	-554
drug_8	-633.5	-603.5	437.5	-441	-597.5	-722
drug_80	-558.5	-540.5	-676	427	517.5	437.5
drug_81	426	427	-517.5	-578	517.5	437.5
drug_82	426	427	-590.5	-482	-466	437.5
drug_83	-506.5	-568.5	-733.5	-668	-697	-617.5
drug_84	-506.5	-568.5	-733.5	-668	-697	-617.5
drug_85	-506.5	-568.5	-704.5	427	-547.5	-487.5
drug_86	-506.5	-568.5	-704.5	427	-547.5	-487.5
drug_87	426	427	-495.5	427	517.5	-542.5
drug_88	-506.5	-568.5	-704.5	427	-537	-487.5
drug_89	-506.5	-568.5	-704.5	427	-537	-487.5
drug_9	-479.5	-455.5	-626.5	-657	-575.5	-625.5
drug_90	426	427	-495.5	427	606.5	-542.5
drug_91	426	427	-495.5	427	-430.5	-542.5
drug_92	426	427	-590.5	-482	517.5	437.5
drug_93	-506.5	-568.5	-704.5	427	-528.5	-487.5
drug_94	-471.5	-484.5	-657	427	517.5	-554
drug_95	-464.5	-526.5	-642	-659.5	-637	-708
drug_96	426	427	-590.5	-482	-466	437.5
drug_97	426	427	-590.5	-482	517.5	437.5
drug_98	426	427	-590.5	-482	-493.5	437.5
drug_99	-471.5	-484.5	-657	427	-440.5	-554
