ad	density	cc	spath	eigencentr	betwcentr
drug_1	665	444	655	-609.5	-689	-712.5
drug_10	-389	-535	-471	-402	-856	655.5
drug_100	637	-535	-471	-402	578	716
drug_101	580.5	-535	-471	546.5	-648.5	-509
drug_102	580.5	-535	-471	546.5	658.5	-509
drug_103	644.5	637.5	-471	-402	677	712.5
drug_104	-389	-535	-471	-402	-641	564.5
drug_105	580.5	-535	-471	546.5	451.5	-509
drug_106	580.5	-535	-471	546.5	458	-509
drug_107	580.5	-535	-471	546.5	-512.5	-509
drug_108	580.5	-535	-471	546.5	-505	-509
drug_109	-389	-535	-471	-402	-682.5	564.5
drug_11	422.5	686.5	655	488.5	809	-509
drug_110	524.5	595.5	537.5	593	699	-509
drug_111	524.5	595.5	537.5	593	-682.5	-509
drug_112	524.5	595.5	537.5	593	738.5	-509
drug_113	678	747	707.5	700.5	548	743
drug_114	524.5	595.5	537.5	593	-505	-509
drug_115	-389	-535	-471	-402	-505	642
drug_116	-389	-535	-471	-402	351	642
drug_117	524.5	595.5	537.5	593	-529	-509
drug_118	-389	-535	-471	-402	-505	642
drug_119	-700.5	741	-471	694	782	726
drug_12	641	733	694.5	298	695.5	-718.5
drug_120	524.5	595.5	537.5	593	531.5	-509
drug_121	524.5	595.5	537.5	593	-505	-509
drug_122	422.5	686.5	655	488.5	757	-509
drug_123	524.5	595.5	537.5	593	632.5	-509
drug_124	524.5	595.5	537.5	593	-641	-509
drug_125	524.5	595.5	537.5	593	699	-509
drug_126	524.5	595.5	537.5	593	492	-509
drug_127	-389	-535	579.5	-402	551	-509
drug_128	-629.5	351	-471	-637.5	-301	682
drug_129	-389	-535	-471	-402	-641	642
drug_13	422.5	686.5	655	488.5	847	-718.5
drug_130	-389	-535	-471	-402	-641	642
drug_131	524.5	595.5	537.5	593	-720	-509
drug_132	-389	-535	579.5	-402	-641	-509
drug_133	-389	-535	-471	-402	551	642
drug_134	422.5	686.5	655	488.5	780.5	-509
drug_135	524.5	595.5	537.5	593	531.5	-509
drug_136	462	-535	-471	421	629.5	681
drug_137	-389	-535	-471	-402	-784.5	642
drug_138	524.5	595.5	537.5	593	738.5	-509
drug_139	-389	-535	-471	-402	-505	642
drug_14	422.5	686.5	655	488.5	886.5	-509
drug_140	-389	-535	-471	-402	-505	642
drug_141	524.5	595.5	537.5	593	632.5	-509
drug_142	-629.5	547.5	-471	664.5	377	403.5
drug_143	524.5	595.5	537.5	593	-505	-509
drug_144	651	724	-471	-637.5	669	633
drug_145	-629.5	401.5	-471	640	-437	625
drug_146	-629.5	401.5	-471	640	-267.5	625
drug_147	-629.5	547.5	-471	664.5	377	403.5
drug_148	-629.5	547.5	-471	664.5	-301	403.5
drug_149	-629.5	547.5	-471	664.5	380	403.5
drug_15	422.5	686.5	655	488.5	845	-718.5
drug_150	-629.5	547.5	-471	664.5	377	403.5
drug_151	-629.5	401.5	-471	640	-492	625
drug_152	-389	-535	-471	421	-720	670.5
drug_153	-629.5	547.5	-471	664.5	579	403.5
drug_154	524.5	595.5	537.5	593	-505	-509
drug_155	-629.5	547.5	-471	664.5	-461	403.5
drug_156	422.5	686.5	655	488.5	-859.5	-509
drug_157	-629.5	644.5	596	649.5	558.5	375.5
drug_158	-629.5	644.5	596	649.5	561	375.5
drug_159	-629.5	547.5	-471	664.5	-403.5	403.5
drug_16	422.5	686.5	655	488.5	640	-509
drug_160	-629.5	547.5	-471	664.5	536.5	403.5
drug_161	-629.5	547.5	-471	664.5	614	403.5
drug_162	-629.5	547.5	-471	664.5	369.5	403.5
drug_163	-629.5	401.5	-471	640	-301	625
drug_164	524.5	595.5	537.5	593	517	-509
drug_165	524.5	595.5	537.5	593	531.5	-509
drug_166	-629.5	547.5	-471	664.5	618.5	403.5
drug_167	-629.5	401.5	-471	640	264	625
drug_168	-629.5	547.5	-471	664.5	623.5	403.5
drug_169	-629.5	547.5	-471	664.5	377	403.5
drug_17	422.5	686.5	655	488.5	640	-718.5
drug_170	524.5	595.5	537.5	593	-505	-509
drug_171	422.5	686.5	655	488.5	608	-509
drug_172	422.5	686.5	655	488.5	640	-509
drug_173	422.5	686.5	655	488.5	-682.5	-509
drug_174	422.5	686.5	655	488.5	847	-509
drug_175	-629.5	595.5	-471	-637.5	751	572
drug_176	-389	-535	-471	-402	-720	604.5
drug_177	-389	-535	487.5	-402	-682.5	-509
drug_178	422.5	686.5	655	488.5	475	-509
drug_179	422.5	686.5	655	488.5	886.5	-509
drug_18	422.5	686.5	655	488.5	640	-718.5
drug_180	-389	-535	487.5	-402	-505	-509
drug_181	-389	-535	487.5	-402	415	-509
drug_182	422.5	686.5	655	488.5	-682.5	-509
drug_183	-389	-535	-471	-402	-623.5	604.5
drug_184	422.5	686.5	655	488.5	-641	-509
drug_185	-389	-535	487.5	-402	-505	-509
drug_186	422.5	686.5	655	488.5	815	-509
drug_187	-389	-535	487.5	-402	424.5	-509
drug_188	422.5	686.5	655	488.5	616.5	-509
drug_189	422.5	686.5	655	488.5	608	-509
drug_19	422.5	686.5	655	488.5	832.5	-509
drug_190	-389	-535	487.5	-402	-505	-509
drug_191	497.5	-330.5	330	-199.5	-272	866
drug_192	-389	-535	487.5	-402	555.5	-509
drug_193	-389	-535	487.5	-402	-623.5	-509
drug_194	422.5	686.5	655	488.5	847	-509
drug_195	-389	-535	-471	-402	780.5	604.5
drug_196	422.5	686.5	655	488.5	598.5	-509
drug_197	-389	-535	487.5	-402	-641	-509
drug_198	-389	-535	-471	-402	567.5	604.5
drug_199	422.5	686.5	655	488.5	771.5	-509
drug_2	422.5	686.5	655	488.5	-648.5	-509
drug_20	422.5	686.5	655	488.5	640	-718.5
drug_200	422.5	686.5	655	488.5	-641	-509
drug_201	-389	-535	579.5	-402	-720	-509
drug_202	682	767	721.5	704	693	740
drug_203	-389	-535	579.5	-402	717.5	-509
drug_204	682	767	721.5	704	692	740
drug_205	422.5	686.5	655	488.5	640	-509
drug_206	691	783	735.5	709	930.5	747
drug_207	422.5	686.5	655	488.5	-648.5	-509
drug_208	-629.5	416	-471	-637.5	301	278
drug_209	-389	-535	487.5	-402	415	-509
drug_21	422.5	686.5	655	488.5	771.5	-509
drug_210	691	783	735.5	709	725.5	747
drug_211	-389	-535	487.5	-402	615	-509
drug_212	422.5	686.5	655	488.5	847	-509
drug_213	422.5	686.5	655	488.5	608	-509
drug_214	671	761	724.5	698	714	753
drug_215	-389	-535	-471	-402	556	630.5
drug_216	691	783	735.5	709	929	747
drug_217	671	761	724.5	698	920	753
drug_218	-389	-535	-471	-402	-525	630.5
drug_219	691	783	735.5	709	864	747
drug_22	708	-741.5	655	-682.5	-579	-723.5
drug_220	691	783	735.5	709	867.5	747
drug_221	-700.5	752	704.5	-702	853	751
drug_222	671	761	724.5	698	715	753
drug_223	658.5	738.5	716.5	696	531	725
drug_224	-389	-535	579.5	-402	551	-509
drug_225	-389	-535	487.5	-402	-641	-509
drug_226	-389	-535	487.5	-402	-505	-509
drug_227	422.5	686.5	655	488.5	640	-509
drug_228	-389	-535	-471	-402	-641	630.5
drug_229	-389	-535	-471	-402	-505	652
drug_23	-629.5	595.5	-471	-637.5	682.5	572
drug_230	682	767	721.5	704	691	740
drug_231	-389	-535	487.5	-402	-648.5	-509
drug_232	-389	-535	-471	-402	-623.5	604.5
drug_233	422.5	686.5	655	488.5	515.5	-509
drug_234	-389	-535	-471	421	-682.5	670.5
drug_235	-389	-535	-471	421	-505	670.5
drug_236	-389	-535	-471	-402	-505	707
drug_237	-389	-535	487.5	-402	-682.5	-509
drug_238	-389	-535	-471	-402	-682.5	642
drug_239	-389	-535	-471	-402	-818.5	642
drug_24	705	-739.5	655	-673.5	477.5	-793.5
drug_240	-389	-535	-471	-402	-347.5	642
drug_241	524.5	595.5	537.5	593	778	-509
drug_242	-389	-535	-471	-402	-682.5	707
drug_243	-389	-535	-471	-402	351	642
drug_244	524.5	595.5	537.5	593	-720	-509
drug_245	-389	-535	-471	-402	-505	-509
drug_246	524.5	595.5	537.5	593	-682.5	-509
drug_247	524.5	595.5	537.5	593	-389	-509
drug_248	-389	-535	-471	421	-623.5	670.5
drug_249	-629.5	486.5	-471	-637.5	-267.5	416
drug_25	671	761	729	682	871.5	757.5
drug_250	422.5	686.5	655	488.5	663.5	-509
drug_251	-389	-535	-471	-402	-317	-509
drug_252	524.5	595.5	537.5	593	492	-509
drug_253	422.5	686.5	655	488.5	-686.5	-509
drug_254	-389	-535	-471	421	-641	670.5
drug_255	524.5	595.5	537.5	593	465.5	-509
drug_256	-389	-535	-471	-402	-505	707
drug_257	-389	-535	-471	-402	-682.5	707
drug_258	-389	-535	-471	-402	-784.5	642
drug_259	-389	-535	-471	-402	590.5	642
drug_26	678	747	711	687.5	845.5	767.5
drug_260	-389	-535	474.5	-402	-641	659
drug_261	-629.5	316	-471	-637.5	-267.5	617
drug_262	-389	-535	611	-402	-623.5	551.5
drug_263	-629.5	316	-471	-637.5	-267.5	617
drug_264	-629.5	316	-471	-637.5	-340.5	617
drug_265	-700.5	351	-471	-702	439.5	691.5
drug_266	-629.5	316	-471	-637.5	429	617
drug_267	-629.5	432	586	-637.5	361	577.5
drug_268	-902	-569	-682.5	-916	-549	-561
drug_269	-389	-535	611	-402	439	551.5
drug_27	678	747	711	687.5	706.5	767.5
drug_270	-629.5	316	-471	-637.5	503	617
drug_271	-629.5	348	-471	-637.5	366	683
drug_272	-629.5	316	-471	-637.5	467	617
drug_273	422.5	686.5	655	488.5	640	-509
drug_274	-629.5	316	-471	-637.5	-403.5	617
drug_275	-629.5	316	-471	-637.5	506.5	617
drug_276	-700.5	547.5	-471	-702	382	598.5
drug_277	-629.5	316	-471	-637.5	-461	617
drug_278	462	432	586	-427	499.5	577.5
drug_279	-700.5	297.5	-471	-702	-245.5	395.5
drug_28	-389	-535	-471	-402	-641	687.5
drug_280	-629.5	432	586	-637.5	356	577.5
drug_281	-629.5	432	586	-637.5	-437	577.5
drug_282	-700.5	297.5	-471	-702	408	395.5
drug_283	-629.5	463.5	-471	-637.5	-492	390.5
drug_284	-629.5	432	586	-637.5	359	577.5
drug_285	665	-809.5	-682.5	728	-874.5	-796.5
drug_286	-902	-569	-682.5	-916	-461.5	-561
drug_287	-970.5	-432.5	-680	-978	-435	-500
drug_288	-629.5	432	586	-637.5	359	577.5
drug_289	-914	-575	-677.5	-922	-561	840
drug_29	422.5	686.5	655	488.5	640	-509
drug_290	767	-777	-715	832.5	-704	-760
drug_291	767	-777	-715	832.5	-922	-760
drug_292	767	-777	-715	832.5	-757.5	-760
drug_293	767	-777	-715	832.5	-708.5	-760
drug_294	767	-777	-715	832.5	-744.5	-760
drug_295	767	-777	-715	832.5	-744.5	-760
drug_296	895	-536.5	-715	563	-617	-945
drug_297	895	-536.5	-715	563	-601	-945
drug_298	665	-777	-715	728	-704	-760
drug_299	897.5	-536.5	-715	929.5	-598.5	-945
drug_3	883.5	-738.5	694.5	-607.5	536.5	909.5
drug_30	697.5	775.5	714.5	714	870.5	762
drug_300	899	-536.5	-715	931	-610	-945
drug_301	767	-777	-715	832.5	-863	-760
drug_302	767	-777	-715	832.5	-728.5	-760
drug_303	890.5	-536.5	-715	550.5	-598.5	-945
drug_304	767	-777	-715	832.5	-716	-760
drug_305	767	-777	-715	832.5	-863	-760
drug_306	767	-777	-715	832.5	-716	-760
drug_307	767	-777	-715	832.5	-919	-760
drug_308	767	-777	-715	832.5	-959.5	-760
drug_309	767	-777	-715	832.5	-704	-760
drug_31	-389	-535	611	-402	-562.5	551.5
drug_310	767	-777	-715	832.5	-834.5	-760
drug_311	767	-777	-715	832.5	-888	-760
drug_312	767	-777	-715	832.5	-744.5	-760
drug_313	665	-777	-715	728	-847	-760
drug_314	767	-777	-715	832.5	-592	-760
drug_315	767	-777	-715	832.5	-744.5	-760
drug_316	767	-777	-715	832.5	-716	-760
drug_317	767	-777	-715	832.5	-704	-760
drug_318	767	-777	-715	832.5	-847	-760
drug_319	767	-777	-715	832.5	-716	-760
drug_32	697.5	775.5	714.5	714	728.5	762
drug_320	-389	-535	-471	-402	-505	610
drug_321	-389	-535	-471	-402	-505	695.5
drug_322	-389	-535	-471	-402	-347.5	642
drug_323	-389	-535	-471	-402	556	642
drug_324	-389	-535	-471	432.5	-623.5	-509
drug_325	-389	-535	-471	-402	-507.5	695.5
drug_326	-389	-535	-471	-402	-505	707
drug_327	-389	-535	-471	-402	-389	564.5
drug_328	-389	-535	-471	-402	-389	-509
drug_329	-389	-535	-471	-402	-393	-509
drug_33	671	761	729	682	868.5	757.5
drug_330	-389	-535	-471	-402	-720	564.5
drug_331	926.5	-807.5	694.5	-672.5	-581	920
drug_332	-389	-535	-471	-402	-856	610
drug_333	-389	-535	-471	432.5	-389	-509
drug_334	-389	-535	579.5	-402	-623.5	-509
drug_335	-389	-535	-471	-402	511	-509
drug_336	-389	-535	-471	-402	319	564.5
drug_337	-629.5	305	-471	-637.5	-476.5	276
drug_338	-389	-535	-471	-402	-818.5	564.5
drug_339	-389	-535	-471	-402	530	564.5
drug_34	422.5	686.5	655	488.5	530.5	-509
drug_340	-389	-535	-471	-402	-641	564.5
drug_341	-629.5	-294.5	-471	-637.5	247	274
drug_342	649.5	729.5	701.5	677	586	710
drug_343	-629.5	486.5	-471	-637.5	521.5	416
drug_344	580.5	-535	-471	546.5	-641	-509
drug_345	-389	-535	-471	-402	-505	610
drug_346	-629.5	342	-471	-637.5	279	275
drug_347	-389	-535	-471	421	298.5	670.5
drug_348	-389	-535	-471	-402	385.5	-509
drug_349	-629.5	644.5	596	649.5	771	375.5
drug_35	678	747	711	687.5	708	767.5
drug_350	654	740	618.5	682	522	728
drug_351	-629.5	463.5	-471	-637.5	337	390.5
drug_352	-629.5	644.5	596	649.5	725	375.5
drug_353	-629.5	644.5	596	649.5	556	375.5
drug_354	-389	-535	487.5	-402	-505	-509
drug_355	-389	-535	-471	-402	567.5	604.5
drug_356	-389	-535	-471	-402	572	655.5
drug_357	-629.5	644.5	596	649.5	561	375.5
drug_358	-629.5	486.5	-471	-637.5	-449	628
drug_359	-700.5	738.5	602.5	693	577	727
drug_36	-389	-535	-471	-402	-623.5	687.5
drug_360	-700.5	755.5	699.5	695	685	724
drug_361	-629.5	463.5	-471	-637.5	544	390.5
drug_362	422.5	686.5	655	488.5	-818.5	-509
drug_363	-629.5	644.5	596	649.5	566	375.5
drug_364	-629.5	644.5	596	649.5	561	375.5
drug_365	-629.5	644.5	596	649.5	704.5	375.5
drug_366	-700.5	401.5	-471	-702	-374	277
drug_367	-629.5	644.5	596	649.5	763	375.5
drug_368	-629.5	463.5	-471	-637.5	506	390.5
drug_369	-700.5	547.5	-471	-702	-381.5	598.5
drug_37	474	-535	-471	444	-641	589
drug_370	-629.5	463.5	-471	-637.5	332.5	390.5
drug_371	-629.5	463.5	-471	-637.5	331	390.5
drug_372	-629.5	463.5	-471	-637.5	332.5	390.5
drug_373	-389	-535	-471	-402	571.5	604.5
drug_374	-629.5	463.5	-471	-637.5	-356	390.5
drug_375	-629.5	644.5	596	649.5	558.5	375.5
drug_376	-629.5	644.5	596	649.5	564	375.5
drug_377	-669.5	-811.5	467	-676.5	-700	825.5
drug_378	422.5	686.5	655	488.5	-818.5	-509
drug_379	-389	-535	-471	-402	-297.5	-509
drug_38	474	-535	-471	444	798	589
drug_380	-389	-535	487.5	-402	-505	-509
drug_381	422.5	686.5	655	488.5	616.5	-509
drug_382	-389	-535	-471	-402	-393	-509
drug_383	474	-535	-471	444	-818.5	589
drug_384	474	-535	-471	444	-641	589
drug_385	-832	463.5	283	-840	669.5	693.5
drug_386	474	-535	-471	444	725	589
drug_387	474	-535	-471	444	-759.5	589
drug_388	474	-535	-471	444	-720	589
drug_389	474	-535	-471	444	749	589
drug_39	-389	-535	-471	-402	-441	687.5
drug_390	-389	-535	-471	-402	599	-509
drug_391	-389	-535	-471	-402	-505	-509
drug_392	-389	-535	487.5	-402	-682.5	-509
drug_393	-389	-535	-471	-402	-491	-509
drug_394	474	-535	-471	444	591	589
drug_395	422.5	686.5	655	488.5	616.5	-509
drug_396	-389	-535	-471	-402	761	703.5
drug_397	474	-535	-471	444	831	589
drug_398	-389	-535	487.5	-402	-505	-509
drug_399	-389	-535	-471	-402	392	-509
drug_4	422.5	686.5	655	488.5	805.5	-509
drug_40	678	747	711	687.5	913.5	767.5
drug_400	474	-535	-471	444	591	589
drug_401	-913	-573	-674.5	-499.5	-634	-986.5
drug_402	474	-535	-471	444	731.5	589
drug_403	-389	-535	-471	-402	-623.5	-509
drug_404	474	-535	-471	444	720.5	589
drug_405	-389	-535	-471	-402	-505	-509
drug_406	-389	-535	-471	-402	-505	-509
drug_407	767	-777	-715	832.5	-881.5	-760
drug_408	767	-777	-715	832.5	-757.5	-760
drug_409	-628	-777	-715	660.5	-716	-760
drug_41	-389	-535	-471	-402	-897	687.5
drug_410	665	-777	-715	728	-822.5	-760
drug_411	-628	-777	-715	660.5	-728.5	-760
drug_412	767	-777	-715	832.5	-708.5	-760
drug_413	767	-777	-715	832.5	-893.5	-760
drug_414	767	-777	-715	832.5	-959.5	-760
drug_415	-628	-777	-715	-641	-744.5	-760
drug_416	-628	-777	-715	660.5	-716	-760
drug_417	-628	-777	-715	660.5	-757.5	-760
drug_418	-628	-777	-715	660.5	-863	-760
drug_419	767	-777	-715	832.5	-728.5	-760
drug_42	697.5	775.5	714.5	714	935.5	762
drug_420	-628	-777	-715	-641	-863	-760
drug_421	767	-777	-715	832.5	-744.5	-760
drug_422	-628	-777	-715	660.5	-906	-760
drug_423	-628	-777	-715	660.5	-757.5	-760
drug_424	-628	-777	-715	660.5	-728.5	-760
drug_425	-628	-777	-715	660.5	-876	-760
drug_426	-628	-777	-715	660.5	-893.5	-760
drug_427	-628	-777	-715	660.5	-604	-760
drug_428	767	-777	-715	832.5	-943.5	-760
drug_429	767	-777	-715	832.5	-744.5	-760
drug_43	-389	-535	-471	-402	-818.5	687.5
drug_430	767	-777	-715	832.5	-888	-760
drug_431	-628	-777	-715	660.5	-922	-760
drug_432	767	-777	-715	832.5	-744.5	-760
drug_433	-628	-777	-715	660.5	-906	-760
drug_434	665	-777	-715	728	-834.5	-760
drug_435	-628	-777	-715	660.5	-757.5	-760
drug_436	767	-777	-715	832.5	-716	-760
drug_437	524.5	595.5	537.5	593	738.5	-509
drug_438	524.5	595.5	537.5	593	661	-509
drug_439	524.5	595.5	537.5	593	-570	-509
drug_44	474	-535	-471	444	798	589
drug_440	524.5	595.5	537.5	593	531.5	-509
drug_441	524.5	595.5	537.5	593	-641	-509
drug_442	422.5	686.5	655	488.5	815	-509
drug_443	665	-742.5	-676.5	728	-692	-798.5
drug_444	665	-744	-680	728	-694.5	-800
drug_445	422.5	686.5	655	488.5	640	-718.5
drug_446	839	244	297.5	-844	156.5	626.5
drug_447	697.5	775.5	718.5	718	710.5	737
drug_448	524.5	595.5	537.5	593	321	-509
drug_449	-629.5	486.5	-471	-637.5	-356	416
drug_45	422.5	686.5	655	488.5	-818.5	-509
drug_450	524.5	595.5	537.5	593	492	-509
drug_451	524.5	595.5	537.5	593	738.5	-509
drug_452	702.5	-740.5	655	-685.5	-690	-794.5
drug_453	524.5	595.5	537.5	593	657.5	-509
drug_454	524.5	595.5	537.5	593	-566.5	-509
drug_455	656.5	750.5	698	691.5	526.5	730.5
drug_456	524.5	595.5	537.5	593	-641	-509
drug_457	697.5	775.5	718.5	718	577.5	737
drug_458	702	769	702.5	720	889	735
drug_459	524.5	595.5	537.5	593	517	-509
drug_46	-389	-535	-471	-402	-856	687.5
drug_460	697.5	775.5	718.5	718	709	737
drug_461	524.5	595.5	537.5	593	469	-509
drug_462	-629.5	486.5	-471	-637.5	312	416
drug_463	422.5	686.5	655	488.5	640	-509
drug_464	524.5	595.5	537.5	593	-682.5	-509
drug_465	524.5	595.5	537.5	593	699	-509
drug_466	474	-535	-471	444	841.5	589
drug_467	-597.5	-745.5	-675.5	-606.5	-696	-724.5
drug_468	-389	-535	-471	-402	-682.5	-509
drug_469	-629.5	328.5	-471	-637.5	329.5	443.5
drug_47	663	742	708.5	678	689	765
drug_470	708	-814.5	-684.5	-674.5	-639	-791.5
drug_471	686	771	742	674	731.5	722.5
drug_472	422.5	686.5	655	488.5	886.5	-509
drug_473	-389	-535	-471	-402	-641	630.5
drug_474	-629.5	328.5	-471	-637.5	329.5	443.5
drug_475	-629.5	463.5	-471	-637.5	462.5	693.5
drug_476	-629.5	595.5	-471	-637.5	683.5	572
drug_477	635.5	-535	-471	-402	841	-509
drug_478	635.5	-535	-471	-402	671	-509
drug_479	-389	-535	-471	-402	-505	-509
drug_48	-389	-535	611	-402	608	551.5
drug_480	-389	-535	-471	-402	-784.5	-509
drug_481	646.5	725.5	-471	283	683	702
drug_482	-389	-535	-471	-402	651	600
drug_483	-389	-535	-471	-402	-505	-509
drug_484	-389	-535	-471	-402	392	-509
drug_485	474	-535	-471	444	725	589
drug_486	-389	-535	-471	-402	-623.5	703.5
drug_487	422.5	686.5	655	488.5	823.5	-509
drug_488	-389	-535	-471	-402	-818.5	653
drug_489	-389	-535	579.5	-402	415.5	-509
drug_49	701	779	706.5	716	856.5	742
drug_490	-389	-535	-471	-402	512.5	-509
drug_491	686	771	742	674	731.5	722.5
drug_492	-389	-535	-471	-402	561	-509
drug_493	-389	-535	-471	-402	-856	-509
drug_494	985.5	471.5	739.5	-841	570.5	949.5
drug_495	474	-535	-471	444	591	589
drug_496	422.5	686.5	655	488.5	640	-509
drug_5	641	733	694.5	-402	902.5	699
drug_50	691	783	735.5	709	725.5	747
drug_51	422.5	686.5	655	488.5	640	-509
drug_52	-700.5	771	740.5	-702	718	717
drug_53	-666.5	-812.5	-678.5	-675.5	-762	766
drug_54	-389	-535	611	-402	646	551.5
drug_55	-389	-535	611	-402	432.5	551.5
drug_56	-389	-535	611	-402	-505	551.5
drug_57	-389	-535	611	-402	439	551.5
drug_58	422.5	686.5	655	488.5	-641	-509
drug_59	660	753	744.5	-637.5	857.5	721
drug_6	422.5	686.5	655	488.5	640	-509
drug_60	-389	-535	611	-402	-641	551.5
drug_61	664.5	755.5	743.5	672	579	711
drug_62	-700.5	727	703.5	-702	576	764
drug_63	-389	-535	611	-402	-682.5	551.5
drug_64	641	733	694.5	-402	695.5	699
drug_65	422.5	686.5	655	488.5	-648.5	-509
drug_66	-389	-535	611	-402	-466	551.5
drug_67	666	744	705.5	702	895	733
drug_68	422.5	686.5	655	488.5	640	-509
drug_69	671	761	729	682	702.5	757.5
drug_7	665	-737.5	655	-610.5	509	-725.5
drug_70	-389	-535	487.5	-402	-641	-509
drug_71	671	761	729	682	906.5	757.5
drug_72	-389	-535	474.5	-402	-347.5	659
drug_73	-389	-535	611	-402	-623.5	551.5
drug_74	-389	-535	611	-402	-641	551.5
drug_75	691	783	735.5	709	588	747
drug_76	671	761	729	682	871.5	757.5
drug_77	649.5	729.5	700.5	360	842	729
drug_78	671	761	729	682	554.5	757.5
drug_79	-906	-506	380.5	-907	-523.5	898.5
drug_8	422.5	686.5	655	488.5	863	-509
drug_80	634	636	691.5	-402	545	714
drug_81	-389	-535	474.5	-402	-800.5	659
drug_82	-389	-535	-471	-402	-347.5	564.5
drug_83	-389	-535	-471	-402	574	564.5
drug_84	-389	-535	-471	-402	-529	564.5
drug_85	638	723	472.5	-402	690	715
drug_86	580.5	-535	-471	546.5	-604	-509
drug_87	580.5	-535	-471	546.5	653	-509
drug_88	580.5	-535	-471	546.5	-525	-509
drug_89	644.5	637.5	-471	-402	922.5	712.5
drug_9	-389	-535	-471	-402	363.5	655.5
drug_90	580.5	-535	-471	546.5	461	-509
drug_91	580.5	-535	-471	546.5	-682.5	-509
drug_92	-389	-535	-471	-402	-505	564.5
drug_93	580.5	-535	-471	546.5	-720	-509
drug_94	580.5	-535	-471	546.5	-505	-509
drug_95	524.5	595.5	537.5	593	492	-509
drug_96	580.5	-535	-471	546.5	-566.5	-509
drug_97	422.5	686.5	655	488.5	663.5	-509
drug_98	580.5	-535	-471	546.5	-759.5	-509
drug_99	646.5	725.5	589.5	-402	926.5	651
