ad	density	cc	spath	eigencentr	betwcentr
drug_1	-632	-621	-349.5	417	-668.5	-728.5
drug_10	-632	-652	-373.5	-526.5	-772	-697.5
drug_100	-331.5	-456.5	-577	-440.5	-463	406.5
drug_101	-331.5	-456.5	-577	-440.5	343	406.5
drug_102	-384	-596	-612	-553	-691	-386
drug_103	-592.5	-666.5	-749	-716	-652	516.5
drug_104	-592.5	-666.5	-749	-716	-513.5	516.5
drug_105	-616.5	-728.5	-755.5	-723.5	-511	466
drug_106	-592.5	-666.5	-749	-716	-513.5	516.5
drug_107	374	-401	-455.5	-501.5	-368	533
drug_108	-592.5	-666.5	-749	-716	-510	516.5
drug_109	-592.5	-666.5	-749	-716	-508.5	516.5
drug_11	-632	-703	-406.5	-533.5	-691.5	-669.5
drug_110	519	464	-705.5	685	-555	710
drug_111	528.5	-576.5	654	-570.5	634.5	595
drug_112	613	585	652	-631.5	775.5	698
drug_113	-632	-652	-737	-692	-803.5	704.5
drug_114	519	464	-705.5	685	549.5	710
drug_115	528.5	-576.5	654	-570.5	802	595
drug_116	509.5	-576.5	-719	675.5	779.5	690.5
drug_117	660.5	613.5	-673	738	-660.5	718
drug_118	528.5	-576.5	654	-570.5	-748	595
drug_119	537	479	605	487	-801	678
drug_12	-648	-745	-414	-644	-561.5	-685
drug_120	707.5	655.5	663	750	643.5	723
drug_121	660.5	613.5	-673	738	650.5	718
drug_122	519	464	-705.5	685	718.5	710
drug_123	654.5	659.5	699	732	843.5	716
drug_124	509.5	-576.5	-719	675.5	608.5	690.5
drug_125	615.5	527.5	603	544	698.5	714
drug_126	537	479	605	487	-735	678
drug_127	365	-456.5	-577	383.5	461.5	569.5
drug_128	519	464	-705.5	685	720.5	710
drug_129	-632	-652	-737	-692	-624	704.5
drug_13	-610.5	-639.5	-393	-400	-657	-659.5
drug_130	-384	-596	-612	-553	-639	503.5
drug_131	-659	-633	-758	726.5	-768	721.5
drug_132	519	464	-705.5	685	545.5	710
drug_133	-659	-633	-758	726.5	576.5	721.5
drug_134	365	-456.5	-577	383.5	-476	569.5
drug_135	509.5	-576.5	-719	675.5	610.5	690.5
drug_136	509.5	-576.5	-719	675.5	779.5	690.5
drug_137	660.5	613.5	-673	738	819.5	718
drug_138	519	464	-705.5	685	546.5	710
drug_139	537	479	605	487	-778.5	678
drug_14	-610.5	-639.5	-393	-400	-792	-659.5
drug_140	519	464	-705.5	685	716.5	710
drug_141	-384	-596	-612	-553	-757	503.5
drug_142	520	749	276	466	777	485
drug_143	540	777	-352	309	781	535
drug_144	461	620	-408	95.5	717	516.5
drug_145	541.5	842.5	384.5	312.5	834	772.5
drug_146	540	777	-352	309	782	535
drug_147	543	857	-364	545	840.5	546
drug_148	483.5	775.5	-403	-282.5	783	547.5
drug_149	447.5	670.5	-423.5	-224.5	775	482.5
drug_15	-632	-703	-406.5	-533.5	-895	-669.5
drug_150	533	747	-382.5	199.5	798	563.5
drug_151	406.5	526.5	-147.5	198.5	614	469.5
drug_152	296.5	483.5	-158.5	247.5	503.5	451.5
drug_153	520	749	276	466	778	485
drug_154	533	747	175.5	482.5	893	481.5
drug_155	517.5	650.5	-379	157.5	701	492.5
drug_156	462	372	-356	478	824	513
drug_157	543	857	-364	545	868	546
drug_158	534.5	858.5	-370.5	543.5	855	816.5
drug_159	536	815	-400.5	228.5	830	811.5
drug_16	-610.5	-639.5	-393	-400	-792	-659.5
drug_160	452.5	676.5	-386.5	-143.5	676	725.5
drug_161	536	815	-384.5	531.5	866	604.5
drug_162	537.5	809.5	378.5	-309.5	838.5	491.5
drug_163	477.5	589.5	-353.5	168.5	623	496.5
drug_164	390.5	472.5	-127.5	183.5	645.5	460.5
drug_165	-328.5	474.5	-162.5	186.5	585	483.5
drug_166	518.5	734.5	-387.5	161.5	729	622.5
drug_167	274.5	449.5	-146.5	94.5	470.5	519.5
drug_168	461	620	229.5	315.5	740	531.5
drug_169	278	486	-214.5	131.5	569	572.5
drug_17	-632	-703	-406.5	-533.5	-565	-669.5
drug_170	280.5	590.5	-275.5	140.5	594.5	786.5
drug_171	-653	-724	-384	-533.5	-546.5	-711
drug_172	-677	-703	461	609.5	-812	-747.5
drug_173	-750.5	-750.5	-649	-746.5	-757.5	-718.5
drug_174	-653	-724	-384	-533.5	-882	-711
drug_175	-677	-703	461	609.5	-724.5	-747.5
drug_176	-653	-724	-384	-533.5	-624.5	-711
drug_177	-666.5	-738.5	588	-688.5	-744	-724.5
drug_178	-750.5	-750.5	-649	-746.5	-842	-718.5
drug_179	-677	-703	461	609.5	-724.5	-747.5
drug_18	-610.5	-639.5	-393	-400	-527.5	-659.5
drug_180	-653	-724	-384	-533.5	-882	-711
drug_181	-653	-724	-384	-533.5	-703.5	-711
drug_182	-666.5	-738.5	588	-688.5	-943	-724.5
drug_183	-648	-745	-414	-644	-856.5	-685
drug_184	-752.5	-747.5	-590.5	-748.5	-942	676
drug_185	-747.5	-752.5	-678	-734.5	-748	-646.5
drug_186	-750.5	-750.5	-649	-746.5	-631	-718.5
drug_187	-677	-703	461	609.5	-602.5	-747.5
drug_188	-677	-703	461	609.5	-724.5	-747.5
drug_189	-688.5	-657.5	491	661	-819	-696.5
drug_19	-610.5	-639.5	-393	-400	-792	-659.5
drug_190	-677	-703	461	609.5	-561	-747.5
drug_191	-867	-939	329	-889	-968.5	-926
drug_192	-653	-724	-384	-533.5	-904.5	-711
drug_193	-648	-745	-414	-644	-637	-685
drug_194	-677	-703	461	609.5	-729	-747.5
drug_195	-656.5	-681.5	-338.5	-577.5	-526.5	-664.5
drug_196	-666.5	-738.5	588	-688.5	-746	-724.5
drug_197	-648	-745	-414	-644	-720	-685
drug_198	-748.5	-753.5	-658.5	-753.5	-961	-693.5
drug_199	-832.5	-852.5	-149	-727	-867.5	-835
drug_2	-601.5	-508.5	-335	414	-622	-702.5
drug_20	-610.5	-639.5	-393	-400	-533.5	-659.5
drug_200	-666.5	-738.5	588	-688.5	-744	-724.5
drug_201	640	642	672	-700.5	615.5	-565.5
drug_202	640	642	672	-700.5	620	-565.5
drug_203	528.5	547.5	637	-664.5	-693	-482.5
drug_204	-632	-703	-738.5	-735.5	-690	434
drug_205	-677	-703	-741	-740	-477	499.5
drug_206	514	539	626	-611.5	-689	-598.5
drug_207	610	627	696.5	-652	-671	574.5
drug_208	640	642	672	-700.5	-787.5	-565.5
drug_209	528.5	547.5	637	-664.5	692.5	-482.5
drug_21	-610.5	-639.5	-393	-400	-858	-659.5
drug_210	-705	-685	-734	-751	-616	607.5
drug_211	482	-530.5	651	-574.5	687.5	529
drug_212	640	642	672	-700.5	-716	-565.5
drug_213	640	642	672	-700.5	784.5	-565.5
drug_214	-414.5	-530.5	-524.5	-602.5	-468.5	-495.5
drug_215	-693	-722	378	-865	-786	-684
drug_216	-677	-703	-741	-740	-603.5	499.5
drug_217	-677	-703	-741	-740	672	499.5
drug_218	640	642	672	-700.5	841.5	-565.5
drug_219	-677	-703	-741	-740	-477	499.5
drug_22	532	638	792	557	676	145
drug_220	640	642	672	-700.5	612.5	-565.5
drug_221	640	642	672	-700.5	-716	-565.5
drug_222	-705	-685	-734	-751	526.5	607.5
drug_223	528.5	547.5	637	-664.5	740.5	-482.5
drug_224	610	627	696.5	-652	637.5	574.5
drug_225	528.5	547.5	637	-664.5	-559.5	-482.5
drug_226	-728	-678	413	-901	-805.5	803
drug_227	-705	-685	-734	-751	-749	607.5
drug_228	-705	-685	-734	-751	746	607.5
drug_229	640	642	672	-700.5	-721.5	-565.5
drug_23	-632	-703	-406.5	-533.5	-691.5	-669.5
drug_230	640	642	672	-700.5	789	-565.5
drug_231	754	712	747	734.5	-765	660
drug_232	-695.5	-621	593	666.5	-799	-715.5
drug_233	752	693	733	730	654.5	-690.5
drug_234	752	693	733	730	-723	-690.5
drug_235	752	693	733	730	824.5	-690.5
drug_236	-695.5	-621	593	666.5	-539	-715.5
drug_237	755	682	698	740	-681	-733.5
drug_238	-688.5	-657.5	744	597.5	-750	-652.5
drug_239	757	710	730	742	-821	-706.5
drug_24	-632	-703	-406.5	-533.5	-531.5	-669.5
drug_240	-659	-633	628	597.5	-701	-650.5
drug_241	-592.5	-666.5	-429.5	456	-626	-611.5
drug_242	757	710	730	742	842	-706.5
drug_243	734	695	743	714	676.5	-663.5
drug_244	-904	-829.5	-605	-716	-895.5	-924
drug_245	672	510	625	580	-468	525
drug_246	-688.5	-657.5	648	669	-673	-676.5
drug_247	-610.5	-639.5	-401	553	538.5	-674.5
drug_248	654.5	659.5	679	660	-607	-597.5
drug_249	584	558	678	-650.5	-764	-609.5
drug_25	455.5	-576.5	-719	622.5	508.5	581.5
drug_250	-705	687	746	673	-901	-677.5
drug_251	-705	-685	700	-706.5	-755	-588.5
drug_252	649.5	595.5	647	659	731.5	-651.5
drug_253	765	691	749	728	830.5	-649.5
drug_254	689	662	748	-685.5	497	-655.5
drug_255	-688.5	-657.5	649.5	-630	-682.5	-688
drug_256	-688.5	-657.5	649.5	-630	-556	-688
drug_257	757	710	730	742	671.5	-706.5
drug_258	-677	-703	764	609.5	847.5	635
drug_259	640	642	765	-633.5	670.5	527
drug_26	-632	-703	-764	-730	-565.5	654.5
drug_260	398	-401	-498.5	399	-451	-534.5
drug_261	556.5	488.5	-685	696.5	-512	616.5
drug_262	583	-477.5	-651.5	-708.5	-504	600
drug_263	556.5	488.5	-685	696.5	608.5	616.5
drug_264	-615	-731	-322	-803	-814.5	-697
drug_265	556.5	488.5	-685	696.5	291.5	616.5
drug_266	615.5	527.5	-641.5	713	375.5	611
drug_267	398	-401	-498.5	399	-361	-534.5
drug_268	556.5	488.5	-685	696.5	434	616.5
drug_269	490.5	454.5	-705.5	647.5	455.5	670.5
drug_27	455.5	-576.5	-719	622.5	-488	581.5
drug_270	556.5	488.5	-685	696.5	439.5	616.5
drug_271	556.5	488.5	-685	696.5	439.5	616.5
drug_272	398	-401	-498.5	399	-533	-534.5
drug_273	398	-401	-498.5	399	-451	-534.5
drug_274	556.5	488.5	-685	696.5	-290	616.5
drug_275	556.5	488.5	-685	696.5	-512	616.5
drug_276	340.5	-456.5	-577	-357	-344.5	492.5
drug_277	556.5	488.5	-685	696.5	659	616.5
drug_278	340.5	-456.5	-577	-357	502	492.5
drug_279	556.5	488.5	-685	696.5	605	616.5
drug_28	455.5	-576.5	-719	622.5	-546	581.5
drug_280	490.5	454.5	-705.5	647.5	625.5	670.5
drug_281	-384	-596	-612	-553	-679.5	-386
drug_282	340.5	-456.5	-577	-357	-476	492.5
drug_283	398	-401	-498.5	399	-526	-534.5
drug_284	340.5	-456.5	-577	-357	-473.5	492.5
drug_285	-384	-596	-612	-553	-679.5	459
drug_286	514	539	-695	679.5	352	536.5
drug_287	398	-401	-498.5	399	-609	-534.5
drug_288	455.5	-576.5	-719	622.5	728	581.5
drug_289	514	539	-695	679.5	493.5	536.5
drug_29	455.5	-576.5	-719	622.5	670	581.5
drug_290	426.5	371.5	-538.5	457.5	-300.5	-516
drug_291	414	-326.5	-469	444	-387	-551.5
drug_292	414	-326.5	-469	444	-609.5	-551.5
drug_293	414	-326.5	-469	444	397	-551.5
drug_294	414	-326.5	-469	444	-574.5	-551.5
drug_295	414	-326.5	-469	444	-470	-551.5
drug_296	387	-500	-553.5	-440.5	-487.5	-461.5
drug_297	331.5	-369	-531	-335	-529.5	-487.5
drug_298	414	-326.5	-469	444	-463.5	-551.5
drug_299	414	-326.5	-469	444	235	-551.5
drug_3	-601.5	-508.5	-335	414	-820	-702.5
drug_30	-632	-703	-764	-730	-571.5	654.5
drug_300	414	-326.5	-469	444	-260.5	-551.5
drug_301	374	-401	-518	420.5	488.5	-499
drug_302	414	-326.5	-469	444	397	-551.5
drug_303	414	-326.5	-469	444	-522	-551.5
drug_304	426.5	371.5	-538.5	457.5	-426	-516
drug_305	414	-326.5	-469	444	-393.5	-551.5
drug_306	331.5	-369	-531	-335	-623.5	-487.5
drug_307	414	-326.5	-469	444	-305	-551.5
drug_308	414	-326.5	-469	444	-267	-551.5
drug_309	414	-326.5	-469	444	-387	-551.5
drug_31	-632	-703	-764	-730	413	654.5
drug_310	340.5	-456.5	-577	-357	-349.5	492.5
drug_311	374	-401	-518	420.5	-535	-499
drug_312	374	-401	-518	420.5	-452	-499
drug_313	374	-401	-518	420.5	490.5	-499
drug_314	414	-326.5	-469	444	-393.5	-551.5
drug_315	414	-326.5	-469	444	-517	-551.5
drug_316	340.5	-456.5	-577	-357	-606	492.5
drug_317	331.5	-369	-531	-335	-581.5	-487.5
drug_318	414	-326.5	-469	444	-588	-551.5
drug_319	-368	-500	-547.5	-514.5	-518	-431.5
drug_32	455.5	-576.5	-719	622.5	506	581.5
drug_320	602.5	578.5	685.5	559.5	701.5	627.5
drug_321	398	-401	-498.5	399	-365	-534.5
drug_322	588	608	717	-657.5	770	559
drug_323	602.5	578.5	685.5	559.5	539	627.5
drug_324	602.5	578.5	685.5	559.5	708	627.5
drug_325	640	642	707	-707.5	757.5	669
drug_326	602.5	578.5	685.5	559.5	539	627.5
drug_327	602.5	578.5	685.5	559.5	539	627.5
drug_328	602.5	578.5	685.5	559.5	708	627.5
drug_329	547	562	702.5	467.5	565.5	673.5
drug_33	-616.5	-728.5	-755.5	-723.5	-674.5	466
drug_330	588	608	717	-657.5	774	559
drug_331	-584.5	-796.5	-409.5	-753.5	-764	631
drug_332	602.5	578.5	685.5	559.5	-578	627.5
drug_333	398	-401	-498.5	399	-664	-534.5
drug_334	602.5	578.5	685.5	559.5	534	627.5
drug_335	547	562	702.5	467.5	-617	673.5
drug_336	602.5	578.5	685.5	559.5	708	627.5
drug_337	398	-401	-498.5	399	-664	-534.5
drug_338	602.5	578.5	685.5	559.5	-586.5	627.5
drug_339	398	-401	-498.5	399	-444	-534.5
drug_34	455.5	-576.5	-719	622.5	720.5	581.5
drug_340	602.5	578.5	685.5	559.5	703	627.5
drug_341	398	-401	-498.5	399	-406.5	-534.5
drug_342	-805.5	-807.5	507	-701	-542.5	980
drug_343	547	562	702.5	467.5	-641	673.5
drug_344	610	627	728	-684.5	598.5	697
drug_345	602.5	578.5	685.5	559.5	758.5	627.5
drug_346	588	608	717	-657.5	-705	559
drug_347	547	562	702.5	467.5	565.5	673.5
drug_348	588	608	717	-657.5	-751	559
drug_349	-731.5	-676.5	710.5	717.5	794.5	-738.5
drug_35	-632	-703	-764	-730	408.5	654.5
drug_350	-731.5	-676.5	710.5	717.5	-630.5	-738.5
drug_351	-632	-537.5	-326.5	528	-787	-721.5
drug_352	-723	-742	661	-638.5	-852	-720.5
drug_353	726	617	693	663	-678.5	-731.5
drug_354	-731.5	-676.5	710.5	717.5	628.5	-738.5
drug_355	-731.5	-676.5	710.5	717.5	-847.5	-738.5
drug_356	-911.5	-847.5	466.5	-776.5	-913	-900.5
drug_357	-677	-703	461	609.5	-642.5	-747.5
drug_358	-743.5	-733.5	740	723	-734.5	-754.5
drug_359	737	684	723	671	-712.5	-738.5
drug_36	-632	-703	-764	-730	-516.5	654.5
drug_360	709	690	745	657	652.5	701
drug_361	-731.5	-676.5	710.5	717.5	-712.5	-738.5
drug_362	-605	-607	-356.5	381	-557	-679.5
drug_363	-731.5	-676.5	710.5	717.5	-712.5	-738.5
drug_364	737	684	723	671	-847.5	-738.5
drug_365	-743.5	-733.5	740	723	-737	-754.5
drug_366	-695.5	-621	577	541	-786	-692.5
drug_367	-743.5	-733.5	740	723	-820	-754.5
drug_368	-677	-703	461	609.5	-729	-747.5
drug_369	726	617	693	663	-879.5	-731.5
drug_37	455.5	-576.5	-719	622.5	501	581.5
drug_370	-743.5	-733.5	740	723	-737	-754.5
drug_371	726	617	693	663	743.5	-731.5
drug_372	-711	-647	725.5	-576	763.5	-699
drug_373	748.5	649.5	695	703	586.5	-617.5
drug_374	737	684	723	671	811	-738.5
drug_375	-701.5	-730.5	666	-636.5	-574.5	-678.5
drug_376	-783.5	-748.5	721	-641.5	-762	-763.5
drug_377	-594	-510	496	-672	-533.5	642
drug_378	-743.5	-733.5	740	723	-935.5	-754.5
drug_379	347	-369	-538.5	-335	-499.5	-421.5
drug_38	-384	-596	-612	-553	-552	-386
drug_380	374	-369	-538.5	360.5	-596.5	-421.5
drug_381	-331.5	-456.5	-577	-440.5	-463	457.5
drug_382	374	-369	-538.5	360.5	-421.5	-421.5
drug_383	387	-500	-553.5	-440.5	-405.5	-461.5
drug_384	374	-369	-538.5	360.5	-421.5	-421.5
drug_385	-331.5	-456.5	-577	-440.5	-546	406.5
drug_386	-384	-596	-612	-553	-544.5	-386
drug_387	374	-369	-538.5	360.5	-421.5	-421.5
drug_388	387	-500	-553.5	-440.5	530.5	-461.5
drug_389	374	-369	-538.5	360.5	433	-421.5
drug_39	-384	-596	-612	-553	-687	-386
drug_390	387	-500	-553.5	-440.5	-405.5	-461.5
drug_391	387	-500	-553.5	-440.5	-622.5	-461.5
drug_392	374	-369	-538.5	360.5	-295	-421.5
drug_393	387	-500	-553.5	-440.5	-493	-461.5
drug_394	374	-369	-538.5	360.5	-290	-421.5
drug_395	-331.5	-456.5	-577	-440.5	410.5	457.5
drug_396	-331.5	-456.5	-577	-440.5	-463	406.5
drug_397	-592.5	-666.5	-749	-716	-714.5	516.5
drug_398	-384	-596	-612	-553	-745.5	-386
drug_399	387	-500	-553.5	-440.5	-666	-461.5
drug_4	-601.5	-508.5	-335	414	-538	-702.5
drug_40	-632	-703	-764	-730	407.5	654.5
drug_400	-384	-596	-612	-553	-627.5	-386
drug_401	-414.5	-530.5	599	-635	-679	380
drug_402	374	-369	-538.5	360.5	264	-421.5
drug_403	346	-456.5	-546.5	-540.5	659.5	346
drug_404	-384	-596	-612	-553	-544.5	-386
drug_405	-584.5	-796.5	-409.5	-753.5	-781	631
drug_406	387	-500	-553.5	-440.5	-361	-461.5
drug_407	479	765	158	481	675	537
drug_408	-460	680	301	355.5	755	571
drug_409	-443	615	98	360	554	-514
drug_41	455.5	-576.5	-719	622.5	501	581.5
drug_410	-460	680	301	355.5	730	571
drug_411	-454	697	153.5	363.5	584	656.5
drug_412	-375	453.5	-59.5	237.5	477	-503.5
drug_413	-404.5	486	132.5	-286.5	536.5	514.5
drug_414	-375	453.5	-59.5	237.5	480	-503.5
drug_415	-375	453.5	-59.5	237.5	479	-503.5
drug_416	-438.5	675	113	391	560	679
drug_417	-402	520.5	-65	-254	486	533.5
drug_418	-431.5	611.5	220.5	-417.5	640	732.5
drug_419	-375	453.5	-59.5	237.5	476	-503.5
drug_42	-632	-703	-764	-730	-513.5	654.5
drug_420	315.5	625.5	400.5	-296.5	721.5	745.5
drug_421	-438.5	542.5	160.5	-273	646	520.5
drug_422	486	825	270	485.5	758.5	775
drug_423	479	765	158	481	674	537
drug_424	-406	569	87	376	525.5	-512
drug_425	-438.5	675	113	391	534.5	679
drug_426	-406	569	87	376	525.5	-512
drug_427	-375	453.5	-59.5	237.5	478	-503.5
drug_428	486	825	270	485.5	732	775
drug_429	486	825	270	485.5	734.5	775
drug_43	-632	-703	-764	-730	-568.5	654.5
drug_430	-481.5	741.5	155.5	453.5	540.5	826.5
drug_431	486	825	270	485.5	757	775
drug_432	-443	615	98	360	553	-514
drug_433	205.5	623.5	408.5	-274.5	755	812.5
drug_434	-466	843.5	441.5	-463.5	857	794.5
drug_435	-139	473.5	-163.5	-275.5	555	583.5
drug_436	401.5	718.5	383.5	347.5	641	938.5
drug_437	588	608	717	-657.5	603.5	559
drug_438	588	608	717	-657.5	601	559
drug_439	-725.5	-719.5	736.5	-743.5	636.5	702.5
drug_44	455.5	-576.5	-719	622.5	-533.5	581.5
drug_440	683.5	652.5	751.5	-678	-836.5	694.5
drug_441	683.5	652.5	751.5	-678	642	694.5
drug_442	524	-615.5	735	-635	-507	590
drug_443	568	-560	705.5	-657.5	-771	572.5
drug_444	695.5	699.5	759.5	-678	665.5	664.5
drug_445	-448.5	-576.5	656.5	-570.5	-746	530.5
drug_446	588	608	717	-657.5	605	559
drug_447	-725.5	-719.5	736.5	-743.5	-674	702.5
drug_448	-775.5	-748.5	492.5	-878.5	-856.5	954.5
drug_449	695.5	699.5	759.5	-678	-767	664.5
drug_45	-610.5	-639.5	-759.5	-725.5	-332	602
drug_450	547	562	640.5	-608.5	-646	-615.5
drug_451	695.5	699.5	759.5	-678	837	664.5
drug_452	570	660	709	598	626	-282
drug_453	-677	-703	-728.5	-736.5	-697	534
drug_454	506	-521.5	627	-608.5	-647	-615.5
drug_455	695.5	699.5	759.5	-678	665.5	664.5
drug_456	695.5	699.5	759.5	-678	-763.5	664.5
drug_457	695.5	699.5	759.5	-678	-767	664.5
drug_458	695.5	699.5	759.5	-678	-763.5	664.5
drug_459	695.5	699.5	759.5	-678	668	664.5
drug_46	455.5	-576.5	-719	622.5	-533.5	581.5
drug_460	547	562	640.5	-608.5	-780	-615.5
drug_461	-725.5	-719.5	-730.5	-743.5	-593	706
drug_462	-677	-703	-743.5	-737.5	626.5	659
drug_463	-448.5	-576.5	656.5	-570.5	641.5	530.5
drug_464	683.5	652.5	751.5	-678	809	694.5
drug_465	568	-560	705.5	-657.5	530.5	572.5
drug_466	927.5	933.5	745.5	969.5	728	428.5
drug_467	397	463	830	489	391	395
drug_468	776	781	721	782	630.5	-277
drug_469	310.5	318.5	705.5	318.5	227.5	-293.5
drug_47	455.5	-576.5	-719	622.5	508.5	581.5
drug_470	351.5	361.5	316	375	311	630
drug_471	397	463	830	489	391	395
drug_472	927.5	933.5	745.5	969.5	717	428.5
drug_473	877.5	889.5	842	942.5	805	475
drug_474	877.5	889.5	842	942.5	786.5	475
drug_475	927.5	933.5	745.5	969.5	724	428.5
drug_476	927.5	933.5	745.5	969.5	717	428.5
drug_477	804	887	876	910	830.5	422
drug_478	877.5	889.5	842	942.5	799	475
drug_479	927.5	933.5	745.5	969.5	728	428.5
drug_48	-758	-779	-783	-779	385.5	478.5
drug_480	884.5	896.5	793	956	711.5	469
drug_481	909	953	812.5	962.5	817.5	-377.5
drug_482	884.5	896.5	793	956	710.5	469
drug_483	826	853	858	912	802.5	488
drug_484	927.5	933.5	745.5	969.5	713	428.5
drug_485	927.5	933.5	745.5	969.5	732.5	428.5
drug_486	909	953	812.5	962.5	818.5	-377.5
drug_487	927.5	933.5	745.5	969.5	713	428.5
drug_488	884.5	896.5	793	956	720.5	469
drug_489	927.5	933.5	745.5	969.5	717	428.5
drug_49	-773	-764	-783	-763.5	302	423
drug_490	776	781	721	782	629.5	-277
drug_491	956.5	915.5	612	975	805.5	387
drug_492	927.5	933.5	745.5	969.5	717	428.5
drug_493	884.5	896.5	664	960	707.5	398
drug_494	366.5	460.5	950.5	322.5	489.5	326.5
drug_495	833	821	559	954	604.5	-434
drug_496	894	865	588	961	614.5	487
drug_5	-632	-621	-349.5	568.5	-803.5	-728.5
drug_50	-773	-764	-783	-763.5	-420	423
drug_51	-773	-764	-783	-763.5	302	423
drug_52	387	-500	-553.5	-440.5	535	-461.5
drug_53	-958.5	-979.5	-580.5	-979.5	-498	738.5
drug_54	-965.5	-986.5	-587.5	-986.5	216.5	731.5
drug_55	-758	-779	-783	-779	-404.5	478.5
drug_56	-773	-764	-783	-763.5	-428.5	423
drug_57	-773	-764	-783	-763.5	307.5	423
drug_58	-773	-764	-783	-763.5	300.5	423
drug_59	-773	-764	-783	-763.5	307.5	423
drug_6	-601.5	-508.5	-335	414	-622	-702.5
drug_60	-758	-779	-783	-779	-408.5	478.5
drug_61	-773	-764	-783	-763.5	307.5	423
drug_62	-758	-779	-783	-779	-404.5	478.5
drug_63	-773	-764	-783	-763.5	307.5	423
drug_64	-773	-764	-783	-763.5	-420	423
drug_65	-773	-764	-783	-763.5	307.5	423
drug_66	-773	-764	-783	-763.5	-494.5	423
drug_67	-773	-764	-783	-763.5	311.5	423
drug_68	-773	-764	-783	-763.5	314.5	423
drug_69	-758	-779	-783	-779	-404.5	478.5
drug_7	-632	-537.5	-322	492	-481.5	-682.5
drug_70	-773	-764	-783	-763.5	314.5	423
drug_71	-773	-764	-783	-763.5	314.5	423
drug_72	-568.5	-700.5	-351	-641	-712	-663
drug_73	387	-500	-553.5	-440.5	-487.5	-461.5
drug_74	-773	-764	-783	-763.5	-420	423
drug_75	-758	-779	-783	-779	-454	478.5
drug_76	-758	-779	-783	-779	383	478.5
drug_77	-773	-764	-783	-763.5	-486	423
drug_78	-758	-779	-783	-779	379	478.5
drug_79	310	-401.5	566	-356.5	-366.5	-580.5
drug_8	-632	-621	-349.5	568.5	-670	-728.5
drug_80	-773	-764	-783	-773.5	536.5	564
drug_81	-773	-764	-783	-763.5	-285	423
drug_82	-331.5	-456.5	-577	-440.5	-456.5	406.5
drug_83	-592.5	-666.5	-749	-716	-513.5	516.5
drug_84	-592.5	-666.5	-749	-716	-714.5	516.5
drug_85	-592.5	-666.5	-749	-716	-508.5	516.5
drug_86	-616.5	-728.5	-755.5	-723.5	-509.5	466
drug_87	-331.5	-456.5	-577	-440.5	-463	406.5
drug_88	-331.5	-456.5	-577	-440.5	512	406.5
drug_89	-592.5	-666.5	-749	-716	-387	516.5
drug_9	-601.5	-508.5	-335	414	-705	-702.5
drug_90	-384	-596	-612	-553	-552	-386
drug_91	-331.5	-456.5	-577	-440.5	512	406.5
drug_92	-384	-596	-612	-553	-679.5	-386
drug_93	-331.5	-456.5	-577	-440.5	518	406.5
drug_94	-331.5	-456.5	-577	-440.5	-657.5	406.5
drug_95	-331.5	-456.5	-577	-440.5	-647	406.5
drug_96	-331.5	-456.5	-577	-440.5	343	406.5
drug_97	-384	-596	-612	-553	-687	-386
drug_98	-331.5	-456.5	-577	-440.5	518	406.5
drug_99	-331.5	-456.5	-577	-440.5	-589	406.5
