ad	density	cc	spath	eigencentr	betwcentr
drug_1	681	435	258	449	466.5	-674
drug_10	-568.5	626	661	613	476	616
drug_100	696	673	315.5	679.5	431	749.5
drug_101	561	403.5	408	416	451	533
drug_102	-401	457.5	554	426	320.5	435
drug_103	691	690	441	685	601	752
drug_104	687	583	318.5	659	408	711.5
drug_105	-401	-321	444.5	-355.5	386	757.5
drug_106	561	403.5	408	416	451	533
drug_107	561	403.5	408	416	451	533
drug_108	561	403.5	408	416	-378	533
drug_109	359	285	333.5	237.5	326	771.5
drug_11	625.5	440.5	398.5	460.5	-498.5	678.5
drug_110	733	867	902	859	898	375
drug_111	786.5	625.5	698	618.5	646	-117.5
drug_112	733	867	902	859	953	375
drug_113	733	867	902	859	935	375
drug_114	733	867	902	859	935	375
drug_115	733	867	902	859	855.5	375
drug_116	733	867	902	859	935	375
drug_117	733	867	902	859	892.5	375
drug_118	545	-726.5	801	-719.5	-807	-237.5
drug_119	733	867	902	859	935	375
drug_12	-568.5	-486.5	560	-479.5	490	-477.5
drug_120	733	867	902	859	957.5	375
drug_121	875	822	851	901	833	474
drug_122	733	867	902	859	935	375
drug_123	733	867	902	859	935	375
drug_124	733	867	902	859	898	375
drug_125	733	867	902	859	953	375
drug_126	733	867	902	859	898	375
drug_127	902.5	938.5	836.5	938.5	860	489.5
drug_128	733	867	902	859	838	375
drug_129	733	867	902	859	935	375
drug_13	-601	-610	228	-580	218	-828
drug_130	545	-726.5	801	-719.5	726	-237.5
drug_131	733	867	902	859	898	375
drug_132	733	867	902	859	892.5	375
drug_133	733	867	902	859	935	375
drug_134	733	867	902	859	838	375
drug_135	902.5	938.5	836.5	938.5	856.5	489.5
drug_136	733	867	902	859	935	375
drug_137	902.5	938.5	836.5	938.5	861.5	489.5
drug_138	733	867	902	859	892.5	375
drug_139	513	654	846.5	604.5	664	-388
drug_14	-520	-523	264	-525	212.5	978.5
drug_140	733	867	902	859	898	375
drug_141	902.5	938.5	836.5	938.5	853.5	489.5
drug_142	786.5	625.5	576	-823.5	657.5	287
drug_143	849	-848.5	-891	-904.5	-909	-528
drug_144	814	-848.5	-891	-904.5	-833	-528
drug_145	873.5	585.5	524.5	640.5	623.5	-342
drug_146	823.5	-848.5	-891	-904.5	-899.5	-528
drug_147	602	-907	-891	-904.5	-892.5	-480
drug_148	823.5	-848.5	-891	-904.5	-823.5	-528
drug_149	823.5	-848.5	-891	-904.5	-813	-528
drug_15	-601	-610	384	-580	415	891.5
drug_150	847	-848.5	-891	-904.5	-879	-528
drug_151	847	-848.5	-891	-904.5	-879	-528
drug_152	612	-907	-891	-904.5	-933	-480
drug_153	796	779	701	-823.5	779.5	418
drug_154	602	-907	-891	-904.5	-892.5	-480
drug_155	823.5	-848.5	-891	-904.5	-899.5	-528
drug_156	560	-926	-891	-842	-954.5	-499
drug_157	893	-848.5	-891	-904.5	-869.5	-528
drug_158	612	-907	-891	-904.5	-938.5	-480
drug_159	879	-832.5	-891	-930.5	-836.5	-513.5
drug_16	-601	-610	384	-580	406.5	891.5
drug_160	823.5	-848.5	-891	-904.5	-833	-528
drug_161	602	-907	-891	-904.5	-933	-480
drug_162	814	-848.5	-891	-904.5	-823.5	-528
drug_163	823.5	-848.5	-891	-904.5	-879	-528
drug_164	814	-848.5	-891	-904.5	-909	-528
drug_165	577.5	-926	-891	-842	-908.5	-499
drug_166	823.5	-848.5	-891	-904.5	-879	-528
drug_167	863	666	643	703	711	-388
drug_168	823.5	-848.5	-891	-904.5	-833	-528
drug_169	814	-848.5	-891	-904.5	-879	-528
drug_17	-568.5	626	661	613	665.5	616
drug_170	873.5	585.5	524.5	640.5	622.5	-342
drug_171	-568.5	-486.5	-493.5	-479.5	-431	-477.5
drug_172	-568.5	503	501	494	549	496
drug_173	-401	-321	448.5	-355.5	365	740.5
drug_174	-401	394.5	615.5	-355.5	284.5	763.5
drug_175	-568.5	503	501	494	-681	496
drug_176	671.5	680.5	420.5	672.5	-392	699.5
drug_177	-568.5	-486.5	-493.5	-479.5	-576.5	-477.5
drug_178	-568.5	503	501	494	-626	496
drug_179	-568.5	503	501	494	578	496
drug_18	-601	-610	384	-580	418.5	891.5
drug_180	-401	-321	-356	-291	-392	-628
drug_181	-401	-321	328	-355.5	-321.5	555
drug_182	-568.5	503	501	494	549	496
drug_183	-401	-321	448.5	-355.5	366	740.5
drug_184	671.5	680.5	420.5	672.5	-496.5	699.5
drug_185	-568.5	626	661	613	497.5	616
drug_186	-568.5	503	501	494	-576.5	496
drug_187	-401	-321	448.5	-355.5	364	740.5
drug_188	-568.5	503	501	494	-718	496
drug_189	671.5	680.5	420.5	672.5	468	699.5
drug_19	-520	-523	134	-525	105	975.5
drug_190	671.5	680.5	420.5	672.5	465	699.5
drug_191	849.5	364.5	-151.5	751	-187.5	-823.5
drug_192	-568.5	-486.5	-493.5	-479.5	-576.5	-477.5
drug_193	-568.5	503	501	494	588	496
drug_194	-401	327.5	432.5	302.5	-416	-628
drug_195	-568.5	503	501	494	549	496
drug_196	-568.5	503	501	494	532	496
drug_197	-568.5	503	501	494	-587	496
drug_198	-568.5	503	501	494	549	496
drug_199	671.5	680.5	420.5	672.5	619	699.5
drug_2	625.5	440.5	398.5	460.5	-533.5	678.5
drug_20	612.5	570.5	583.5	562.5	640.5	687.5
drug_200	-568.5	503	501	494	591	496
drug_201	-725	-647	-650	-630.5	-684	713.5
drug_202	-751	-686	-650	-602	-724	-739
drug_203	-751	-686	-650	-602	-828.5	-739
drug_204	-751	-686	-650	-602	-724	-739
drug_205	-751	-686	-650	-602	-607.5	-739
drug_206	659.5	697.5	595.5	692.5	456	730.5
drug_207	-751	-686	-650	-602	-865.5	-739
drug_208	-725	-647	-650	-630.5	-788.5	717.5
drug_209	-751	-686	-650	-602	-530.5	-739
drug_21	-601	-610	384	-580	410.5	891.5
drug_210	-568.5	626	661	613	-576.5	616
drug_211	-751	-686	-650	-602	-885.5	-739
drug_212	-751	-686	-650	-602	-828.5	-739
drug_213	-751	-686	-650	-602	-724	-739
drug_214	-725	-647	-650	-630.5	-684	717.5
drug_215	-725	-647	-650	-630.5	-788.5	713.5
drug_216	-725	-647	-650	-630.5	-684	717.5
drug_217	-751	-686	-650	-602	-724	-739
drug_218	-751	-686	-650	-602	-865.5	-739
drug_219	-568.5	626	661	613	683.5	616
drug_22	289.5	421.5	456	813	433.5	-681.5
drug_220	-751	-686	-650	-602	-736	-739
drug_221	-751	-686	-650	-602	-724	-739
drug_222	-751	-686	-650	-602	-724	-739
drug_223	-751	-686	-650	-602	-724	-739
drug_224	-725	-647	-650	-630.5	-697	717.5
drug_225	-401	394.5	615.5	-355.5	647	763.5
drug_226	-568.5	626	661	613	725	616
drug_227	-568.5	626	661	613	-681	616
drug_228	-751	-686	-650	-602	-541	-739
drug_229	-751	-686	-650	-602	-828.5	-739
drug_23	612.5	570.5	583.5	562.5	799	687.5
drug_230	-751	-686	-650	-602	-736	-739
drug_231	671.5	680.5	420.5	672.5	460.5	699.5
drug_232	659.5	697.5	595.5	692.5	624	730.5
drug_233	-568.5	503	501	494	-431	496
drug_234	-568.5	626	661	613	702.5	616
drug_235	-568.5	503	501	494	549	496
drug_236	-568.5	626	661	613	665.5	616
drug_237	-568.5	503	501	494	707.5	496
drug_238	-568.5	503	501	494	549	496
drug_239	-568.5	626	661	613	702.5	616
drug_24	612.5	570.5	583.5	562.5	637	687.5
drug_240	-568.5	626	661	613	665.5	616
drug_241	-568.5	-486.5	560	-479.5	-576.5	-477.5
drug_242	-320	291	456	-253.5	334	720
drug_243	-568.5	503	501	494	-576.5	496
drug_244	490	626	661	613	725	616
drug_245	-568.5	-486.5	-493.5	-479.5	-482.5	-477.5
drug_246	-568.5	503	501	494	549	496
drug_247	-568.5	503	501	494	549	496
drug_248	-568.5	503	501	494	549	496
drug_249	-568.5	503	501	494	-482.5	496
drug_25	-568.5	-486.5	-493.5	-479.5	-393.5	-477.5
drug_250	-773.5	-780.5	788	-773.5	-737	694
drug_251	-568.5	626	661	613	665.5	616
drug_252	-568.5	626	661	613	842	616
drug_253	-568.5	626	661	613	702.5	616
drug_254	-568.5	503	501	494	578	496
drug_255	-568.5	503	501	494	-587	496
drug_256	-568.5	503	501	494	-718	496
drug_257	-568.5	626	661	613	702.5	616
drug_258	-401	457.5	554	426	522.5	435
drug_259	-401	413	605.5	358.5	471.5	-628
drug_26	-568.5	-486.5	-493.5	-479.5	415	-477.5
drug_260	-568.5	503	501	494	-576.5	496
drug_261	-568.5	503	501	494	532	496
drug_262	-568.5	-486.5	-493.5	-479.5	419	546
drug_263	-401	327.5	432.5	302.5	348.5	-628
drug_264	-568.5	503	501	494	-681	496
drug_265	-568.5	503	501	494	530	496
drug_266	-568.5	503	501	494	567	496
drug_267	-568.5	503	501	494	-535.5	496
drug_268	-568.5	503	501	494	-576.5	496
drug_269	-568.5	538	-493.5	532.5	598	563.5
drug_27	-568.5	503	501	494	-624	496
drug_270	-401	413	605.5	358.5	471.5	-628
drug_271	-279.5	298.5	-298.5	298	318	-682.5
drug_272	377	371	577	286	480	778
drug_273	-568.5	503	501	494	707.5	496
drug_274	-568.5	503	501	494	-587	496
drug_275	671.5	680.5	420.5	672.5	460.5	699.5
drug_276	-568.5	503	501	494	-624	496
drug_277	-568.5	626	661	613	683.5	616
drug_278	-568.5	503	501	494	-718	496
drug_279	671.5	680.5	420.5	672.5	465	699.5
drug_28	-568.5	503	501	494	549	496
drug_280	-568.5	626	661	613	648	616
drug_281	-568.5	626	661	613	702.5	616
drug_282	-568.5	503	501	494	-718	496
drug_283	671.5	680.5	420.5	672.5	289	699.5
drug_284	-568.5	503	501	494	578	496
drug_285	-568.5	-486.5	-493.5	-479.5	-576.5	-477.5
drug_286	-568.5	503	501	494	-718	496
drug_287	-401	327.5	432.5	302.5	-368	-628
drug_288	-568.5	503	501	494	549	496
drug_289	-401	-321	439	298	-209	-628
drug_29	-568.5	-486.5	-493.5	-479.5	-576.5	-477.5
drug_290	535	-321	-298.5	-355.5	320.5	396.5
drug_291	-320	-234	252	-236	-273.5	-357.5
drug_292	599.5	-486.5	-493.5	-479.5	-299.5	549.5
drug_293	535	-321	-298.5	-355.5	322	396.5
drug_294	-401	413	605.5	358.5	307.5	-628
drug_295	-401	351	358	-355.5	543.5	378
drug_296	701	704	703	699	727	784
drug_297	700	705	705	700	729	779
drug_298	599.5	-486.5	-493.5	-479.5	-587	549.5
drug_299	590.5	556.5	570.5	546.5	613	669.5
drug_3	625.5	440.5	398.5	460.5	499.5	678.5
drug_30	-568.5	503	501	494	-460	496
drug_300	599.5	-486.5	-493.5	-479.5	444	549.5
drug_301	-320	274	310	264.5	465.5	-357.5
drug_302	599.5	-486.5	-493.5	-479.5	-576.5	549.5
drug_303	699	564	564	664	-289	744
drug_304	-320	-234	252	-236	247.5	-357.5
drug_305	-401	-321	-298.5	-355.5	-138.5	328.5
drug_306	-320	-234	252	-236	247.5	-357.5
drug_307	599.5	-486.5	-493.5	-479.5	-681	549.5
drug_308	543.5	384.5	385.5	399.5	427	457.5
drug_309	535	-321	-298.5	-355.5	-321.5	396.5
drug_31	633	470	437	528	529	574
drug_310	-568.5	-486.5	-493.5	-479.5	316	-477.5
drug_311	535	-321	-298.5	-355.5	-445	396.5
drug_312	599.5	-486.5	-493.5	-479.5	605.5	549.5
drug_313	-568.5	-486.5	-493.5	-479.5	-718	-477.5
drug_314	-568.5	503	501	494	578	496
drug_315	-401	-321	-356	293	-533.5	-628
drug_316	-401	-321	-298.5	-355.5	251	328.5
drug_317	-401	457.5	554	426	520.5	435
drug_318	590.5	556.5	570.5	546.5	-718	669.5
drug_319	543.5	384.5	385.5	399.5	426	457.5
drug_32	-568.5	-486.5	-493.5	-479.5	-576.5	-477.5
drug_320	-751	-686	-650	-602	-724	-739
drug_321	-725	-647	-650	-630.5	-684	-700
drug_322	-725	-647	-650	-630.5	-684	-700
drug_323	-725	-647	-650	-630.5	-788.5	-700
drug_324	-699.5	-608.5	-650	-645	-636.5	-676
drug_325	-725	-647	-650	-630.5	-474	-700
drug_326	-725	-647	-650	-630.5	-501	-700
drug_327	-751	-686	-650	-602	-884	-739
drug_328	-682	-622	-650	-602	-555	-781
drug_329	-725	-647	-650	-630.5	-501	-700
drug_33	-401	-321	448.5	-355.5	361.5	740.5
drug_330	-725	-647	-650	-630.5	-838.5	-700
drug_331	317	351	358	350.5	383	378
drug_332	-725	-647	-650	-630.5	-684	-700
drug_333	-725	-647	-650	-630.5	-684	-700
drug_334	-682	-622	-650	-602	-555	-781
drug_335	-725	-647	-650	-630.5	-684	-700
drug_336	-725	-647	-650	-630.5	-697	-700
drug_337	-751	-686	-650	-602	-877.5	-739
drug_338	-725	-647	-650	-630.5	-684	-700
drug_339	-725	-647	-650	-630.5	-788.5	-700
drug_34	-568.5	-486.5	-493.5	-479.5	368	-477.5
drug_340	-725	-647	-650	-630.5	-684	-700
drug_341	-568.5	503	501	494	549	496
drug_342	-676	-385	323	-587	-486	-586
drug_343	-401	351	358	-355.5	542.5	378
drug_344	-725	-647	-650	-630.5	-501	-700
drug_345	-680	-595	-650	-630.5	-519	-756
drug_346	-725	-647	-650	-630.5	-684	-700
drug_347	-725	-647	-650	-630.5	-684	-700
drug_348	-725	-647	-650	-630.5	-684	-700
drug_349	-672.5	538	460	-583.5	604	659
drug_35	-401	-321	328	-355.5	-408	555
drug_350	687	583	297	663	392	724
drug_351	-699.5	-608.5	-650	-664.5	-639	-768
drug_352	-672.5	403.5	332	-583.5	432	571
drug_353	625.5	440.5	394.5	528	683.5	708.5
drug_354	-699.5	-608.5	-650	-664.5	-753	-768
drug_355	-781	-667	-650	-664.5	-595.5	-720
drug_356	684.5	-590	-650	659	-518	-785
drug_357	-781	-667	-650	-664.5	-853.5	-720
drug_358	-568.5	626	661	613	824	616
drug_359	612.5	570.5	583.5	562.5	631	687.5
drug_36	-401	-321	-356	-291	-275.5	-628
drug_360	-699.5	-608.5	-650	-664.5	-648.5	-768
drug_361	-781	-667	-650	-664.5	-708	-720
drug_362	625.5	440.5	394.5	528	527.5	708.5
drug_363	-781	-667	-650	-664.5	-586	-720
drug_364	696	673	312	682	255	759
drug_365	-781	-667	-650	-664.5	-519.5	-720
drug_366	625.5	440.5	394.5	528	527.5	708.5
drug_367	-672.5	-381.5	363	-583.5	-446	393
drug_368	-699.5	-608.5	-650	-664.5	-648.5	-768
drug_369	625.5	440.5	394.5	528	526	708.5
drug_37	-568.5	503	501	494	-576.5	496
drug_370	-764	-596	-650	-698	-775	-675
drug_371	698	550	250	661	344	754
drug_372	379	295	320	313	333	-666
drug_373	-682	-622	-650	-602	-488.5	-781
drug_374	-699.5	-608.5	-650	-664.5	-658	-768
drug_375	-699.5	-608.5	-650	-664.5	-648.5	-768
drug_376	-299	225.5	259	-216	270	745
drug_377	-568.5	626	661	613	702.5	616
drug_378	-751	-686	-650	-602	-619.5	-739
drug_379	-320	351	463.5	268.5	434.5	774.5
drug_38	-568.5	-486.5	-493.5	-479.5	-460	-477.5
drug_380	-320	351	463.5	268.5	436	774.5
drug_381	620	425	402	457	477	-628
drug_382	642	370	304	272	77	769
drug_383	-568.5	626	661	613	665.5	616
drug_384	693.5	669.5	317	665.5	424	723
drug_385	691	690	441	685	600	752
drug_386	671.5	680.5	420.5	672.5	-392	699.5
drug_387	650	546	412.5	375.5	394.5	782.5
drug_388	-568.5	503	501	494	-576.5	496
drug_389	-320	351	463.5	268.5	437	774.5
drug_39	-568.5	503	501	494	588	496
drug_390	-568.5	-486.5	-493.5	-479.5	-718	-477.5
drug_391	659.5	697.5	595.5	692.5	450	730.5
drug_392	-320	251	364	-236	-378	721
drug_393	-568.5	503	501	494	578	496
drug_394	-320	280	336.5	237.5	125	755.5
drug_395	650	546	412.5	375.5	394.5	782.5
drug_396	612.5	570.5	583.5	562.5	640.5	687.5
drug_397	-320	280	336.5	237.5	324	755.5
drug_398	-401	394.5	615.5	-355.5	484.5	763.5
drug_399	-401	327.5	432.5	302.5	-392	-628
drug_4	625.5	440.5	398.5	460.5	499.5	678.5
drug_40	-401	-321	328	-355.5	-303.5	555
drug_400	-401	394.5	615.5	-355.5	488.5	763.5
drug_401	-568.5	626	661	613	683.5	616
drug_402	620	425	402	457	478.5	-628
drug_403	671.5	680.5	420.5	672.5	460.5	699.5
drug_404	-568.5	626	661	613	702.5	616
drug_405	-764	304.5	294.5	690.5	-398.5	692.5
drug_406	-568.5	503	501	494	578	496
drug_407	886	-832.5	-891	-930.5	-862	-513.5
drug_408	-529.5	-868.5	-891	-930.5	-893.5	-441.5
drug_409	612	-907	-891	-904.5	-909.5	-480
drug_41	-568.5	503	501	494	-681	496
drug_410	612	-907	-891	-904.5	-959	-480
drug_411	-529.5	-868.5	-891	-930.5	-831.5	-441.5
drug_412	-529.5	-868.5	-891	-930.5	-897.5	-441.5
drug_413	-529.5	-868.5	-891	-930.5	-897.5	-441.5
drug_414	545	-726.5	801	-719.5	-689.5	-237.5
drug_415	-529.5	-868.5	-891	-930.5	-845.5	-441.5
drug_416	-529.5	-868.5	-891	-930.5	-874	-441.5
drug_417	505.5	-887	-891	-870.5	-914.5	-460
drug_418	-529.5	-868.5	-891	-930.5	-851.5	-441.5
drug_419	-485	-887	-891	-870.5	-927.5	-460
drug_42	-568.5	-486.5	-493.5	-479.5	-576.5	-477.5
drug_420	612	-907	-891	-904.5	-938.5	-480
drug_421	-529.5	-868.5	-891	-930.5	-851.5	-441.5
drug_422	-459.5	-848.5	-891	-904.5	-888.5	-528
drug_423	458	-832.5	-891	-930.5	-838.5	-513.5
drug_424	612	604	589	618.5	642.5	209
drug_425	882.5	-828.5	-891	-904.5	-858	-543.5
drug_426	499	504	516	-617.5	529.5	98
drug_427	-529.5	-868.5	-891	-930.5	-847.5	-441.5
drug_428	505.5	-887	-891	-870.5	-848.5	-460
drug_429	796	779	701	-823.5	793	418
drug_43	571	-321	311	-355.5	352	385
drug_430	882.5	-828.5	-891	-904.5	-859	-543.5
drug_431	-529.5	-868.5	-891	-930.5	-868	-441.5
drug_432	450	-832.5	-891	-930.5	-862	-513.5
drug_433	902.5	938.5	836.5	938.5	852	489.5
drug_434	577.5	-926	-891	-842	-908.5	-499
drug_435	733	867	902	859	855.5	375
drug_436	733	867	902	859	877	375
drug_437	659.5	697.5	595.5	692.5	627.5	730.5
drug_438	-401	-321	448.5	-355.5	363	740.5
drug_439	-568.5	626	661	613	702.5	616
drug_44	-568.5	503	501	494	549	496
drug_440	-568.5	-486.5	560	-479.5	495.5	-477.5
drug_441	-568.5	503	501	494	549	496
drug_442	-401	-321	448.5	-355.5	361.5	740.5
drug_443	-568.5	626	661	613	702.5	616
drug_444	-401	394.5	615.5	-355.5	482	763.5
drug_445	-568.5	626	661	613	806.5	616
drug_446	684.5	579.5	-356	656.5	-392	681
drug_447	-568.5	626	661	613	648	616
drug_448	-568.5	503	501	494	591	496
drug_449	-568.5	503	501	494	-681	496
drug_45	-568.5	503	501	494	-576.5	496
drug_450	-568.5	503	501	494	549	496
drug_451	-568.5	503	501	494	578	496
drug_452	-568.5	-486.5	611	-479.5	593	768
drug_453	-568.5	626	661	613	534.5	616
drug_454	641	445	362	329	323	777
drug_455	-401	413	605.5	358.5	471.5	-628
drug_456	-568.5	-486.5	-493.5	-479.5	-576.5	-477.5
drug_457	-568.5	-486.5	-493.5	-479.5	-460	-477.5
drug_458	-568.5	626	661	613	702.5	616
drug_459	-568.5	503	501	494	549	496
drug_46	-568.5	-486.5	-493.5	-479.5	-393.5	-477.5
drug_460	-320	-234	366	-236	-283.5	-357.5
drug_461	671.5	680.5	420.5	672.5	623.5	699.5
drug_462	-568.5	-486.5	-493.5	-479.5	-482.5	-477.5
drug_463	-568.5	503	501	494	-482.5	496
drug_464	-568.5	626	661	613	665.5	616
drug_465	-401	-321	-356	-291	-416	-628
drug_466	-568.5	626	661	613	452.5	616
drug_467	-568.5	538	-493.5	532.5	596	563.5
drug_468	-568.5	626	661	613	665.5	616
drug_469	-401	413	605.5	358.5	-496.5	-628
drug_47	-568.5	-486.5	-493.5	-479.5	-576.5	-477.5
drug_470	-568.5	626	661	613	489.5	616
drug_471	683	687	414	681	481	722
drug_472	-568.5	626	661	613	-576.5	616
drug_473	-568.5	626	661	613	-482.5	616
drug_474	-568.5	626	661	613	824	616
drug_475	-568.5	626	661	613	683.5	616
drug_476	-568.5	626	661	613	702.5	616
drug_477	-568.5	626	661	613	720.5	616
drug_478	-568.5	626	661	613	665.5	616
drug_479	-568.5	626	661	613	-576.5	616
drug_48	-568.5	626	661	613	-587	616
drug_480	-568.5	626	661	613	824	616
drug_481	702	706	704	701	528	785
drug_482	-568.5	626	661	613	665.5	616
drug_483	-568.5	626	661	613	665.5	616
drug_484	659.5	697.5	595.5	692.5	782.5	730.5
drug_485	-568.5	626	661	613	665.5	616
drug_486	289.5	421.5	461.5	412.5	480.5	816
drug_487	-568.5	626	661	613	702.5	616
drug_488	-568.5	538	-493.5	532.5	598	563.5
drug_489	-568.5	626	661	613	552.5	616
drug_49	-401	394.5	615.5	-355.5	484.5	763.5
drug_490	659.5	697.5	595.5	692.5	451.5	730.5
drug_491	-401	413	605.5	358.5	471.5	-628
drug_492	-401	331	430	315	-520.5	-628
drug_493	-568.5	626	661	613	665.5	616
drug_494	659.5	697.5	595.5	692.5	456	730.5
drug_495	-568.5	626	661	613	502.5	616
drug_496	-401	413	605.5	358.5	469	-628
drug_5	634	471	436	537	595	706
drug_50	-568.5	626	661	613	648	616
drug_51	-568.5	-486.5	560	-479.5	-576.5	-477.5
drug_52	-568.5	626	661	613	720.5	616
drug_53	590.5	556.5	570.5	546.5	609	669.5
drug_54	590.5	556.5	570.5	546.5	617	669.5
drug_55	590.5	556.5	570.5	546.5	-681	669.5
drug_56	-401	-321	-356	-291	456.5	-628
drug_57	678.5	577.5	-356	569.5	-533.5	-628
drug_58	637	403.5	378	288	-426.5	748
drug_59	-401	394.5	615.5	-355.5	487	763.5
drug_6	612.5	570.5	583.5	562.5	-509.5	687.5
drug_60	-568.5	-486.5	-493.5	-479.5	-576.5	-477.5
drug_61	-568.5	-486.5	-493.5	-479.5	581.5	-477.5
drug_62	590.5	556.5	570.5	546.5	613	669.5
drug_63	689	688	438	683	594	747
drug_64	-401	394.5	615.5	-355.5	484.5	763.5
drug_65	-568.5	-486.5	-493.5	-479.5	-681	-477.5
drug_66	645.5	542.5	387.5	367	377	780.5
drug_67	-568.5	626	661	613	879	616
drug_68	645.5	542.5	387.5	367	376	780.5
drug_69	678.5	577.5	-356	569.5	-368	-628
drug_7	696	673	315.5	679.5	262	749.5
drug_70	-568.5	-486.5	-493.5	-479.5	-576.5	-477.5
drug_71	-401	338.5	458	-355.5	418	770
drug_72	-568.5	626	661	613	683.5	616
drug_73	590.5	556.5	570.5	546.5	615	669.5
drug_74	590.5	556.5	570.5	546.5	609	669.5
drug_75	590.5	556.5	570.5	546.5	609	669.5
drug_76	693.5	669.5	-356	665.5	-357	746
drug_77	590.5	556.5	570.5	546.5	413	669.5
drug_78	644	668	435	656.5	586.5	-628
drug_79	880	-779.5	-688.5	-772.5	-739	868.5
drug_8	-568.5	626	661	613	824	616
drug_80	590.5	556.5	570.5	546.5	609	669.5
drug_81	-401	-321	444.5	-355.5	387	757.5
drug_82	687	583	318.5	659	409	711.5
drug_83	612.5	570.5	583.5	562.5	634.5	687.5
drug_84	638	549	443	571	630	737
drug_85	561	403.5	408	416	451	533
drug_86	-568.5	538	-493.5	532.5	598	563.5
drug_87	612.5	570.5	583.5	562.5	466.5	687.5
drug_88	561	403.5	408	416	451	533
drug_89	571	319	295	347	341	460
drug_9	691	690	441	685	602	752
drug_90	647	671	429	662	265	661
drug_91	571	319	295	347	-433.5	460
drug_92	-401	457.5	554	426	524	435
drug_93	561	403.5	408	416	451	533
drug_94	359	285	302	299	317	365
drug_95	571	319	295	347	-273.5	460
drug_96	635	373	324	421	438	662
drug_97	-401	457.5	554	426	522.5	435
drug_98	543.5	384.5	427.5	392	-423.5	-628
drug_99	376	244	-249	253	-415	-357.5
