Gene_Symbol	avg_log2FC	p_val	pct.1	pct.2	p_val_adj
Rps18	3.631194819	1.53E-180	0.979	0.23	4.95E-176
Rps19	3.29046078	1.10E-176	0.989	0.358	3.56E-172
Lyz2	4.228453338	2.46E-175	0.985	0.417	7.93E-171
Rpl13	2.749756839	4.82E-171	0.991	0.56	1.56E-166
Rpl32	3.151552771	2.75E-168	0.972	0.345	8.88E-164
Ctss	3.72800849	4.58E-162	0.929	0.174	1.48E-157
Cxcl2	-2.571155578	4.72E-162	0.863	0.989	1.52E-157
Rps23	2.553565023	4.94E-161	0.983	0.477	1.59E-156
Rps24	3.007272175	7.46E-160	0.966	0.288	2.41E-155
mt-Atp6	2.926224288	4.67E-159	0.974	0.352	1.51E-154
Crip1	4.988761695	5.18E-154	0.86	0.078	1.67E-149
S100a9	-2.547909793	1.59E-153	0.901	0.997	5.13E-149
Rps4x	3.190836359	5.70E-153	0.94	0.249	1.84E-148
Rplp0	2.663608046	1.24E-151	0.976	0.448	4.02E-147
Tmsb10	4.900194244	1.55E-150	0.837	0.075	5.01E-146
Rps28	2.685576341	1.03E-148	0.968	0.363	3.34E-144
Rps15a	2.914940229	1.56E-148	0.942	0.308	5.03E-144
Rps11	2.651477412	9.45E-148	0.968	0.407	3.05E-143
S100a8	-2.227754498	4.68E-147	0.949	0.997	1.51E-142
Rps8	2.483637733	1.13E-142	0.964	0.427	3.64E-138
Rpl26	2.358703151	2.47E-142	0.972	0.451	7.96E-138
Apoe	4.928194899	4.49E-140	0.856	0.148	1.45E-135
Psap	2.959733834	5.85E-140	0.938	0.288	1.89E-135
Rpsa	3.509489965	2.41E-138	0.863	0.143	7.79E-134
Prdx1	4.6319204	3.78E-138	0.8	0.059	1.22E-133
Rps6	2.281433681	4.42E-138	0.972	0.476	1.43E-133
mt-Co3	2.405203418	2.52E-137	0.968	0.441	8.14E-133
Rps5	2.3106082	3.63E-134	0.961	0.458	1.17E-129
Rpl10a	4.018802543	3.87E-134	0.805	0.08	1.25E-129
Rpl23a	2.246363464	4.02E-134	0.972	0.474	1.30E-129
Rpl19	2.589877593	8.80E-134	0.933	0.358	2.84E-129
Rpl11	2.474401187	1.11E-133	0.942	0.342	3.57E-129
S100a4	5.776825061	1.82E-131	0.727	0.024	5.88E-127
Rpl3	3.349898723	8.03E-131	0.848	0.142	2.59E-126
Rpl37a	2.007954548	3.14E-129	0.987	0.567	1.01E-124
Rpl6	2.717820906	8.27E-129	0.912	0.314	2.67E-124
mt-Nd1	3.154251408	8.77E-129	0.854	0.137	2.83E-124
mt-Co1	2.124108042	4.95E-127	0.974	0.515	1.60E-122
mt-Co2	2.42685012	4.25E-125	0.933	0.344	1.37E-120
Eef1a1	2.17499803	6.85E-124	0.951	0.485	2.21E-119
Rpl13a	2.002284043	2.40E-122	0.976	0.549	7.74E-118
Rps7	2.36229311	3.96E-121	0.931	0.373	1.28E-116
Rpl8	2.028001692	1.16E-120	0.964	0.472	3.76E-116
Rps3a1	2.049302885	9.21E-119	0.949	0.49	2.97E-114
Cxcl3	-4.729399695	4.84E-118	0.122	0.777	1.56E-113
Ms4a6c	6.761263501	1.85E-117	0.65	0.008	5.98E-113
Rpl14	2.504162378	1.04E-116	0.891	0.311	3.37E-112
Rpl21	2.075755461	5.48E-116	0.942	0.422	1.77E-111
Ier3	-2.292270155	2.48E-115	0.669	0.954	8.00E-111
Plac8	3.854392748	3.34E-115	0.788	0.16	1.08E-110
Rpl15	2.467795275	2.00E-114	0.893	0.261	6.45E-110
Il1r2	-2.081460452	3.41E-114	0.655	0.959	1.10E-109
Egr1	-2.189993983	1.72E-113	0.605	0.938	5.54E-109
Rpl39	2.43660922	2.92E-113	0.899	0.29	9.43E-109
Rpl27a	2.02137933	4.91E-113	0.944	0.432	1.58E-108
Rpl34	2.01032587	1.69E-109	0.934	0.448	5.47E-105
Rpl35	2.690595442	1.98E-109	0.845	0.179	6.41E-105
Rpl18	2.018466216	2.38E-109	0.934	0.45	7.68E-105
Rps15	2.167465222	4.21E-108	0.918	0.36	1.36E-103
Rps17	2.703629876	1.87E-107	0.841	0.226	6.04E-103
Rpl24	2.273864611	8.98E-106	0.901	0.336	2.90E-101
Cstdc4	-3.921716117	1.10E-105	0.228	0.8	3.54E-101
Slc7a11	-2.276913589	4.15E-105	0.536	0.923	1.34E-100
Rpl7	2.268396198	4.29E-105	0.888	0.295	1.38E-100
Rpl4	2.796632212	1.61E-104	0.801	0.168	5.21E-100
mt-Cytb	2.335703943	5.16E-104	0.888	0.264	1.67E-99
Nme2	2.921188856	8.69E-103	0.779	0.148	2.81E-98
Lgmn	5.886856033	5.86E-101	0.596	0.018	1.89E-96
Rps2	2.362517386	6.70E-100	0.863	0.306	2.16E-95
Dbi	4.516722543	1.28E-99	0.622	0.033	4.12E-95
Rpl36a	3.103065954	6.73E-97	0.719	0.101	2.17E-92
Rpl28	2.231312211	2.08E-96	0.858	0.272	6.70E-92
Rpl22	3.112616723	4.31E-96	0.717	0.099	1.39E-91
Rpl36	2.215983811	5.15E-95	0.865	0.309	1.66E-90
Ppia	2.008276856	1.16E-93	0.893	0.363	3.76E-89
Pid1	4.344814785	4.39E-93	0.601	0.037	1.42E-88
Ifitm1	-2.423813014	6.51E-93	0.493	0.894	2.10E-88
Rpl7a	2.797680502	9.82E-93	0.743	0.135	3.17E-88
S100a10	4.078211794	1.46E-91	0.612	0.046	4.71E-87
G0s2	-2.622075376	1.94E-91	0.522	0.894	6.27E-87
Rps10	2.032617042	7.43E-90	0.875	0.309	2.40E-85
Retnlg	-3.039610496	5.23E-89	0.328	0.826	1.69E-84
Rps20	2.335521231	6.52E-89	0.807	0.235	2.10E-84
Wfdc21	-3.004438573	3.00E-88	0.253	0.756	9.69E-84
Cd9	-2.064218266	4.76E-88	0.534	0.878	1.54E-83
Pnrc1	-2.076207819	1.23E-86	0.513	0.86	3.98E-82
Hcar2	-2.805103145	6.07E-86	0.236	0.752	1.96E-81
Npc2	2.649348714	2.82E-85	0.738	0.163	9.12E-81
Ctsc	3.33125517	3.30E-85	0.635	0.077	1.07E-80
Ccr2	5.710873194	1.11E-84	0.506	0.007	3.60E-80
Hilpda	-3.372300785	4.99E-84	0.264	0.739	1.61E-79
Naca	2.281791243	3.58E-82	0.775	0.202	1.16E-77
Lgals1	3.473759505	3.41E-81	0.637	0.104	1.10E-76
Rack1	2.663348092	6.82E-79	0.68	0.125	2.20E-74
Emp3	2.396114478	8.14E-79	0.725	0.158	2.63E-74
Hsp90ab1	2.957701817	1.04E-78	0.648	0.104	3.35E-74
Vim	2.551866939	4.30E-78	0.734	0.217	1.39E-73
Rpl29	2.094144421	7.08E-78	0.781	0.218	2.29E-73
Gngt2	2.596272515	1.19E-77	0.727	0.179	3.86E-73
Ifi30	4.38588296	1.95E-77	0.511	0.024	6.31E-73
Lcn2	-2.936059305	2.25E-77	0.228	0.721	7.26E-73
Osm	-2.590621246	4.90E-77	0.328	0.764	1.58E-72
Rpl5	2.895357147	1.22E-75	0.625	0.093	3.95E-71
Aprt	3.140659724	4.42E-73	0.581	0.073	1.43E-68
Ms4a6d	5.140048969	6.58E-72	0.453	0.01	2.12E-67
Slc25a5	2.556672796	8.17E-72	0.657	0.122	2.64E-67
Lamp1	2.268685539	1.13E-71	0.648	0.117	3.65E-67
mt-Nd2	3.387222328	1.66E-71	0.541	0.054	5.37E-67
Rpl31	2.05295325	9.26E-71	0.77	0.265	2.99E-66
Rpl12	2.63438457	1.75E-70	0.629	0.107	5.66E-66
Ctsb	2.15885383	8.72E-69	0.816	0.357	2.81E-64
Lrg1	-2.24967199	1.56E-68	0.386	0.783	5.02E-64
mt-Nd4	2.189498536	1.03E-67	0.699	0.173	3.33E-63
Clec4a3	7.747251488	4.95E-67	0.406	0.002	1.60E-62
Egln3	-4.609558324	9.93E-67	0.047	0.502	3.21E-62
Plcb1	6.642759802	2.84E-66	0.41	0.005	9.16E-62
Ccr1	-2.081291918	3.09E-66	0.369	0.746	9.97E-62
Slc8a1	4.355060949	4.26E-65	0.436	0.018	1.38E-60
Aif1	7.214250348	1.47E-64	0.397	0.003	4.74E-60
Hint1	2.836041933	2.89E-64	0.545	0.07	9.33E-60
Trem1	-2.206007215	1.14E-63	0.339	0.717	3.67E-59
Pld4	8.00776709	3.94E-63	0.386	0.002	1.27E-58
Ccl9	2.319224454	3.99E-63	0.622	0.13	1.29E-58
Uqcrb	2.820203478	8.28E-63	0.549	0.083	2.67E-58
Cxcr2	-2.290047718	1.73E-62	0.296	0.694	5.60E-58
Anxa5	3.237814546	1.75E-62	0.489	0.047	5.66E-58
Eif3h	2.886168739	1.78E-62	0.522	0.065	5.73E-58
Ccl3	-2.716071122	4.51E-62	0.307	0.725	1.46E-57
Eif3f	2.441715838	1.10E-61	0.596	0.114	3.54E-57
Cd24a	-2.528403353	1.25E-61	0.29	0.681	4.04E-57
Slfn1	-2.271243914	7.26E-61	0.32	0.699	2.34E-56
Ybx1	2.189232916	2.45E-60	0.659	0.184	7.91E-56
Fn1	5.115196221	3.45E-60	0.401	0.015	1.12E-55
Cybb	3.693711318	4.55E-60	0.442	0.033	1.47E-55
Ccl4	-2.820115071	3.81E-59	0.416	0.752	1.23E-54
Npm1	3.591233662	5.71E-59	0.442	0.034	1.84E-54
Apoc2	4.175688265	2.37E-58	0.421	0.029	7.65E-54
Ndufa4	2.474533615	4.14E-58	0.558	0.103	1.34E-53
Ms4a4c	10.86993342	7.24E-58	0.354	0	2.34E-53
Basp1	-2.28829983	7.45E-58	0.337	0.687	2.41E-53
Smpdl3a	3.146078156	8.51E-58	0.468	0.049	2.75E-53
Camk2d	4.544527696	5.51E-57	0.376	0.01	1.78E-52
Clec4a1	5.096578387	1.36E-56	0.373	0.01	4.38E-52
Rps27l	2.10594278	3.42E-56	0.616	0.15	1.10E-51
Hdc	-2.005789347	1.82E-55	0.423	0.733	5.89E-51
Tmem256	5.162626992	2.71E-55	0.361	0.008	8.76E-51
Prdx2	4.284815205	9.20E-55	0.38	0.016	2.97E-50
Eif3e	3.880163929	1.65E-54	0.391	0.021	5.33E-50
Cd68	2.317823648	4.08E-54	0.541	0.103	1.32E-49
Il1rap	-2.515165408	3.16E-53	0.21	0.594	1.02E-48
Rpl22l1	2.464816298	4.29E-53	0.524	0.094	1.38E-48
Cd48	5.797881055	5.08E-52	0.335	0.005	1.64E-47
Mafb	4.927289114	3.99E-51	0.346	0.011	1.29E-46
Snrpg	2.543267537	1.09E-50	0.476	0.072	3.52E-46
Ms4a6b	5.719631499	1.25E-50	0.328	0.005	4.03E-46
Fmnl2	-2.984316829	1.68E-50	0.125	0.511	5.41E-46
Atp5c1	2.499081887	5.28E-50	0.489	0.083	1.70E-45
Arg2	-2.182802562	1.35E-49	0.273	0.617	4.34E-45
Atp5g1	2.587540577	3.16E-49	0.466	0.072	1.02E-44
Ctsh	2.09636998	3.60E-49	0.526	0.101	1.16E-44
Otulinl	3.298795095	4.68E-49	0.397	0.039	1.51E-44
Ahnak	4.130339485	7.10E-49	0.35	0.018	2.29E-44
Nme1	2.3770613	1.20E-48	0.487	0.083	3.88E-44
Mirt2	-3.838680797	2.29E-48	0.056	0.42	7.39E-44
Ndufb8	2.532521688	2.72E-48	0.459	0.068	8.80E-44
Rgcc	-2.77474839	3.05E-48	0.182	0.549	9.85E-44
Mcub	10.00491855	2.33E-47	0.296	0	7.53E-43
Grina	-2.002341421	4.78E-47	0.3	0.64	1.54E-42
Eif3m	3.799358256	1.11E-46	0.346	0.021	3.57E-42
Cd86	4.290623831	1.10E-45	0.322	0.013	3.55E-41
Cd300lf	-2.012374934	3.07E-45	0.296	0.622	9.90E-41
Eef1g	2.241755329	1.42E-44	0.451	0.075	4.58E-40
Selenow	3.08520599	1.73E-44	0.384	0.046	5.60E-40
Ranbp1	4.259453507	1.99E-44	0.316	0.015	6.44E-40
Bnip3	-3.315438076	2.74E-44	0.101	0.45	8.83E-40
Tlr4	-3.070795501	3.96E-44	0.112	0.461	1.28E-39
Psmb1	2.14575447	6.57E-44	0.494	0.103	2.12E-39
Grn	2.472171947	6.75E-44	0.44	0.073	2.18E-39
Stfa2l1	-2.533419635	7.28E-43	0.187	0.534	2.35E-38
Ext1	4.222881394	1.66E-42	0.3	0.011	5.37E-38
Acod1	-2.103409866	7.60E-42	0.29	0.614	2.45E-37
Ptpn18	2.188836693	2.21E-41	0.449	0.085	7.12E-37
H2-DMa	4.300166622	5.61E-41	0.287	0.01	1.81E-36
Selenop	2.934061606	6.81E-41	0.375	0.049	2.20E-36
Ear2	7.332793657	9.23E-41	0.262	0.002	2.98E-36
Ero1l	-3.273797766	3.30E-40	0.11	0.438	1.06E-35
Ctsa	2.322022961	3.71E-40	0.408	0.067	1.20E-35
Pycard	2.163353775	6.12E-40	0.448	0.09	1.98E-35
Akr1a1	2.001941557	1.05E-39	0.478	0.109	3.38E-35
Atp5a1	2.075854674	1.43E-39	0.436	0.081	4.60E-35
Id1	-2.803227573	1.86E-39	0.116	0.443	5.99E-35
Atp5o	2.817106014	7.88E-39	0.345	0.039	2.54E-34
Atp5d	2.029555269	1.09E-38	0.476	0.114	3.52E-34
Cdh23	-3.190746928	3.22E-38	0.069	0.381	1.04E-33
Ndufs8	3.749813751	7.04E-38	0.281	0.015	2.27E-33
Csrnp1	-2.270823721	1.46E-37	0.2	0.51	4.71E-33
Mdfic	5.001657925	1.78E-37	0.253	0.005	5.74E-33
Napsa	2.224501518	1.79E-37	0.453	0.104	5.80E-33
Snx5	3.403367676	2.74E-37	0.287	0.018	8.85E-33
Msr1	5.416215671	2.75E-37	0.251	0.005	8.87E-33
Smox	-2.070709159	2.78E-37	0.245	0.544	8.96E-33
Evl	9.642233833	4.43E-37	0.236	0	1.43E-32
Upp1	-3.242963433	5.74E-37	0.114	0.417	1.85E-32
Rtraf	2.895860285	5.80E-37	0.316	0.031	1.87E-32
Fcgr1	3.99303333	6.07E-37	0.277	0.016	1.96E-32
Fam162a	-2.697074291	6.20E-37	0.14	0.454	2.00E-32
Ndufb11	2.404690817	2.54E-36	0.365	0.057	8.20E-32
Snrpf	4.064142897	4.05E-36	0.262	0.011	1.31E-31
Rgs10	3.353450832	5.09E-36	0.283	0.02	1.64E-31
Cd33	-2.318445183	6.33E-36	0.165	0.474	2.04E-31
Nupr1	3.360355037	8.30E-36	0.288	0.023	2.68E-31
Psmb6	2.180347544	9.25E-36	0.412	0.086	2.99E-31
Ndufb5	2.64242059	3.88E-35	0.326	0.041	1.25E-30
Cd74	3.810908439	4.08E-35	0.526	0.207	1.32E-30
Jarid2	2.932325258	7.82E-35	0.298	0.029	2.52E-30
H2-Q10	-2.239418586	1.03E-34	0.199	0.502	3.32E-30
Cops9	2.078869648	1.75E-34	0.41	0.088	5.65E-30
Trem2	6.577183973	2.03E-34	0.225	0.002	6.57E-30
Tmem160	3.245433061	2.39E-34	0.283	0.024	7.72E-30
Hspe1	3.451256773	4.98E-34	0.266	0.018	1.61E-29
Clec4a2	2.165598598	1.12E-33	0.382	0.075	3.63E-29
B4galt5	4.202543129	1.76E-33	0.242	0.01	5.67E-29
Ly86	4.714857921	2.77E-33	0.223	0.003	8.95E-29
Psma4	2.215924659	3.72E-33	0.345	0.055	1.20E-28
Gadd45a	-2.449861765	4.77E-33	0.148	0.441	1.54E-28
Uqcrc1	2.652458488	5.47E-33	0.3	0.034	1.76E-28
Atp5g2	2.262631997	2.92E-32	0.36	0.07	9.42E-28
Bola2	2.687084531	3.46E-32	0.294	0.036	1.12E-27
H2-Ab1	5.702791843	5.46E-32	0.243	0.016	1.76E-27
Cndp2	3.583602003	6.66E-32	0.242	0.013	2.15E-27
F13a1	2.500925077	2.69E-31	0.328	0.055	8.70E-27
C1qb	5.414764106	3.11E-31	0.232	0.013	1.00E-26
Klf4	3.872963106	3.13E-31	0.24	0.015	1.01E-26
Txnip	-2.276988777	3.80E-31	0.174	0.451	1.23E-26
Psmb10	2.393572663	4.81E-31	0.296	0.037	1.55E-26
Tmem176b	5.88980743	5.41E-31	0.208	0.003	1.75E-26
Snrpe	2.071100458	9.20E-31	0.371	0.078	2.97E-26
Csf1r	2.004070541	1.39E-30	0.369	0.077	4.48E-26
Timm13	2.416910532	2.11E-30	0.303	0.044	6.82E-26
Mrps14	3.003794233	4.10E-30	0.264	0.028	1.33E-25
Cd83	5.933523962	4.62E-30	0.202	0.003	1.49E-25
Dennd1a	4.208875386	5.71E-30	0.215	0.008	1.84E-25
Ndufc2	3.047240438	5.77E-30	0.257	0.024	1.86E-25
Cct5	2.555959739	8.00E-30	0.285	0.037	2.58E-25
F630028O10Rik	-2.368213613	9.42E-30	0.152	0.427	3.04E-25
Nop10	2.144782476	9.67E-30	0.346	0.07	3.12E-25
St3gal6	-2.949362891	9.87E-30	0.084	0.349	3.19E-25
Dock4	2.603487863	1.25E-29	0.288	0.041	4.04E-25
Gusb	3.899388119	1.71E-29	0.217	0.01	5.53E-25
Sdf2l1	4.278386155	2.01E-29	0.215	0.01	6.48E-25
Psme1	2.217743752	2.20E-29	0.337	0.065	7.12E-25
Pgls	2.469658216	2.70E-29	0.285	0.039	8.72E-25
Fpr1	-2.663040636	2.87E-29	0.11	0.378	9.27E-25
Gm19951	-2.559809029	4.03E-29	0.133	0.401	1.30E-24
Ndufa11	2.83403086	4.16E-29	0.262	0.029	1.34E-24
Eif3i	3.102149504	6.36E-29	0.245	0.023	2.05E-24
Cct8	2.755635859	2.57E-28	0.272	0.037	8.31E-24
Hexb	2.373220818	2.80E-28	0.294	0.047	9.06E-24
Psmb4	2.171046207	2.81E-28	0.322	0.062	9.07E-24
E230032D23Rik	-3.3317282	5.98E-28	0.043	0.282	1.93E-23
Rexo2	3.29858646	6.40E-28	0.221	0.015	2.07E-23
Mdh1	4.958891307	7.50E-28	0.189	0.003	2.42E-23
Mbnl1	2.548095638	9.72E-28	0.268	0.036	3.14E-23
Rassf4	9.295524382	1.23E-27	0.178	0	3.97E-23
Snrpd1	3.705677646	1.32E-27	0.21	0.011	4.27E-23
Tes	-2.212839502	1.56E-27	0.142	0.404	5.05E-23
Apobec1	2.100371975	1.71E-27	0.341	0.075	5.52E-23
Vcan	4.705498816	1.97E-27	0.195	0.007	6.35E-23
Lpxn	3.585273324	2.33E-27	0.215	0.015	7.52E-23
Gab1	5.35906304	2.45E-27	0.185	0.003	7.90E-23
AI662270	2.63123464	2.72E-27	0.251	0.029	8.78E-23
Isg20	-2.659861677	1.09E-26	0.097	0.344	3.50E-22
Dmkn	7.264612777	1.21E-26	0.176	0.002	3.89E-22
Slirp	3.432896339	1.33E-26	0.204	0.011	4.29E-22
Lsm6	3.219803827	1.60E-26	0.219	0.018	5.16E-22
Dnajc15	3.217380911	1.61E-26	0.212	0.015	5.20E-22
Blvrb	3.395028278	2.54E-26	0.206	0.013	8.19E-22
Hsd17b12	3.880149622	2.58E-26	0.193	0.008	8.32E-22
Lsm4	2.201637782	2.62E-26	0.272	0.041	8.46E-22
Ccr5	5.691585637	3.37E-26	0.178	0.003	1.09E-21
Tmco1	3.081637106	4.13E-26	0.21	0.015	1.33E-21
Acer3	2.135741655	4.72E-26	0.307	0.062	1.52E-21
Lrp1	2.439082785	6.39E-26	0.242	0.029	2.06E-21
Dnajb9	-2.576945133	6.54E-26	0.14	0.383	2.11E-21
Dusp3	4.24728539	7.15E-26	0.185	0.007	2.31E-21
Mirt1	-2.161447328	7.67E-26	0.178	0.422	2.47E-21
Cct4	2.695950556	8.26E-26	0.238	0.028	2.67E-21
Gm16556	-2.540994589	1.23E-25	0.096	0.337	3.96E-21
Pou2f2	3.415981457	1.74E-25	0.204	0.015	5.62E-21
Nop53	2.001505089	1.86E-25	0.324	0.073	6.00E-21
Lat2	6.348607811	2.07E-25	0.169	0.002	6.67E-21
H2afy	2.247069102	2.34E-25	0.27	0.044	7.56E-21
H2-Aa	5.324266376	3.27E-25	0.199	0.015	1.06E-20
Gm21188	3.296864728	3.30E-25	0.206	0.016	1.06E-20
Wdr83os	2.742756972	3.69E-25	0.223	0.023	1.19E-20
Il1f9	-2.347841983	3.73E-25	0.118	0.363	1.21E-20
Mndal	6.177771702	4.07E-25	0.167	0.002	1.31E-20
Abhd12	4.509498933	4.49E-25	0.176	0.005	1.45E-20
Ccl2	2.728947876	4.69E-25	0.288	0.059	1.52E-20
Myo1d	-3.638706161	5.12E-25	0.036	0.249	1.65E-20
Rex1bd	4.14752535	5.97E-25	0.18	0.007	1.93E-20
Bcl2l1	-2.056918058	7.44E-25	0.163	0.407	2.40E-20
Akr1b3	4.771879181	7.85E-25	0.174	0.005	2.54E-20
Uqcc2	2.35458495	1.19E-24	0.247	0.036	3.83E-20
Metap2	3.172239978	1.46E-24	0.202	0.016	4.72E-20
Hspa1a	3.898650782	1.54E-24	0.217	0.024	4.99E-20
Prcp	3.757152715	1.70E-24	0.185	0.01	5.49E-20
C1qc	5.694636214	2.28E-24	0.17	0.005	7.36E-20
Tmem51	5.052072889	2.39E-24	0.167	0.003	7.71E-20
Tomm5	2.750328419	2.92E-24	0.232	0.031	9.42E-20
Hfe	9.279997983	4.13E-24	0.155	0	1.33E-19
Tnfrsf23	-2.713308833	4.45E-24	0.069	0.296	1.44E-19
Rab7b	5.028930197	4.63E-24	0.165	0.003	1.49E-19
Tnfsf13	6.509297115	5.71E-24	0.159	0.002	1.84E-19
Ndufc1	2.267611077	7.33E-24	0.26	0.046	2.37E-19
Snrpb2	3.17219215	1.08E-23	0.193	0.015	3.48E-19
Snx2	2.849901576	1.43E-23	0.208	0.021	4.60E-19
Nsa2	2.864372405	1.52E-23	0.2	0.018	4.90E-19
Etfb	2.048128761	2.02E-23	0.27	0.05	6.51E-19
C1qa	6.924709404	2.48E-23	0.159	0.003	8.00E-19
Psma5	2.626583078	2.51E-23	0.208	0.021	8.12E-19
Fbl	4.238851651	2.59E-23	0.165	0.005	8.37E-19
Gltp	2.228098344	4.28E-23	0.238	0.036	1.38E-18
Ppm1h	2.185895766	4.75E-23	0.26	0.047	1.53E-18
Tppp3	5.968181139	5.23E-23	0.157	0.003	1.69E-18
Fubp1	4.091212152	6.03E-23	0.167	0.007	1.95E-18
Slc2a1	-2.462083778	6.33E-23	0.096	0.318	2.04E-18
Jaml	-2.299491225	6.81E-23	0.118	0.347	2.20E-18
Dnajc19	3.80918718	7.24E-23	0.174	0.01	2.34E-18
Tcp1	2.624588675	7.49E-23	0.208	0.023	2.42E-18
Tm2d2	2.264829595	1.03E-22	0.232	0.034	3.31E-18
Psmc5	3.547509869	1.04E-22	0.178	0.011	3.35E-18
Gm2000	2.915620496	1.13E-22	0.191	0.016	3.66E-18
Tmem147	8.781324392	1.16E-22	0.146	0	3.75E-18
Dach1	-3.604788535	1.17E-22	0.034	0.231	3.78E-18
Anapc13	2.217411229	1.42E-22	0.243	0.041	4.60E-18
Gsto1	3.673384599	1.71E-22	0.176	0.011	5.51E-18
Mrpl42	3.06671464	2.56E-22	0.191	0.018	8.25E-18
BC028528	3.821002958	2.91E-22	0.167	0.008	9.40E-18
Ndufb2	2.221589326	3.70E-22	0.228	0.034	1.19E-17
Txn2	2.428854263	4.11E-22	0.225	0.034	1.33E-17
Tmem106a	6.122243826	6.31E-22	0.146	0.002	2.04E-17
Emg1	2.106255605	7.39E-22	0.249	0.046	2.38E-17
Itgb5	3.281810951	8.74E-22	0.169	0.01	2.82E-17
Tubb5	2.041264755	1.11E-21	0.264	0.054	3.60E-17
Mrpl23	2.863778299	1.20E-21	0.191	0.02	3.89E-17
Nap1l1	2.361194504	1.34E-21	0.223	0.034	4.32E-17
Syngr2	2.3118913	1.86E-21	0.223	0.034	6.02E-17
Cd302	2.346922085	2.17E-21	0.213	0.029	7.01E-17
Blvra	4.290350143	2.58E-21	0.152	0.005	8.32E-17
Bub3	2.60892425	3.58E-21	0.202	0.026	1.16E-16
Dmac1	4.873057978	3.63E-21	0.146	0.003	1.17E-16
Ppdpf	2.793674292	5.33E-21	0.184	0.018	1.72E-16
Cdc37	2.150261452	5.52E-21	0.225	0.036	1.78E-16
Cyc1	2.6711265	5.91E-21	0.184	0.018	1.91E-16
Atp5g3	2.077621235	6.12E-21	0.213	0.031	1.98E-16
Sh3bgrl	2.097114965	6.85E-21	0.223	0.036	2.21E-16
Ndufa12	2.247109545	9.40E-21	0.212	0.031	3.03E-16
mt-Nd3	3.48742707	1.02E-20	0.165	0.011	3.28E-16
Ergic3	3.450457506	1.90E-20	0.159	0.01	6.12E-16
Capn2	5.444318802	3.51E-20	0.135	0.002	1.13E-15
Cass4	-2.064630329	3.80E-20	0.125	0.34	1.23E-15
Adcy7	3.931833203	4.75E-20	0.152	0.008	1.53E-15
Abi3	3.037576038	5.07E-20	0.172	0.016	1.64E-15
Rdh12	-2.974610541	5.17E-20	0.06	0.249	1.67E-15
Tep1	5.077384522	6.89E-20	0.133	0.002	2.23E-15
Psmg4	4.142789565	7.07E-20	0.142	0.005	2.28E-15
Npm3	3.787487278	8.69E-20	0.146	0.007	2.81E-15
H2-Eb1	4.772382056	1.04E-19	0.167	0.016	3.35E-15
Nr4a2	2.599439986	1.42E-19	0.178	0.02	4.60E-15
Polr2g	2.43204734	1.53E-19	0.195	0.028	4.95E-15
Ankrd33b	-2.030580636	1.57E-19	0.139	0.345	5.08E-15
Mrpl21	3.735657334	1.80E-19	0.144	0.007	5.80E-15
Srsf9	2.960269241	2.23E-19	0.174	0.02	7.20E-15
Fnip2	2.303686057	2.36E-19	0.195	0.028	7.61E-15
Ly6c2	2.047247656	2.72E-19	0.311	0.096	8.78E-15
Gm20406	-2.735769153	3.04E-19	0.069	0.257	9.83E-15
Adgre4	9.001774829	3.14E-19	0.124	0	1.01E-14
Cxcl16	8.901762546	3.14E-19	0.124	0	1.01E-14
Irf8	3.954837106	3.26E-19	0.146	0.008	1.05E-14
Phb2	2.103785369	3.90E-19	0.204	0.033	1.26E-14
Nudt21	2.570131614	4.28E-19	0.174	0.02	1.38E-14
Mrpl12	5.727984604	4.66E-19	0.127	0.002	1.50E-14
Fyn	5.306758265	4.83E-19	0.127	0.002	1.56E-14
Exoc4	2.306514043	6.21E-19	0.2	0.033	2.01E-14
Tmem176a	5.053990854	6.45E-19	0.131	0.003	2.08E-14
Glrx3	2.910253346	6.59E-19	0.157	0.013	2.13E-14
Lsm7	3.621345021	6.82E-19	0.144	0.008	2.20E-14
Psmd14	2.614190037	7.25E-19	0.176	0.021	2.34E-14
Hivep2	2.381537078	1.04E-18	0.199	0.033	3.35E-14
Sptssa	2.006061327	1.04E-18	0.208	0.036	3.37E-14
Rnase6	4.738760715	1.27E-18	0.129	0.003	4.09E-14
Cox16	2.8102909	1.42E-18	0.159	0.015	4.59E-14
P2ry6	2.805998559	1.46E-18	0.159	0.015	4.71E-14
Ethe1	2.654181794	1.57E-18	0.163	0.016	5.08E-14
Hsd17b10	4.362569792	1.59E-18	0.133	0.005	5.12E-14
Stap1	3.429640584	1.60E-18	0.146	0.01	5.17E-14
Ddit3	-2.093147197	1.81E-18	0.12	0.314	5.84E-14
Pdap1	2.283609982	2.12E-18	0.174	0.021	6.85E-14
H2-DMb1	5.174775831	2.29E-18	0.127	0.003	7.38E-14
Tbc1d9	4.652377045	2.47E-18	0.127	0.003	7.97E-14
Lncpint	2.207222901	3.53E-18	0.197	0.033	1.14E-13
Chchd3	3.453190001	4.68E-18	0.135	0.007	1.51E-13
Cenpx	2.019474724	5.44E-18	0.217	0.044	1.76E-13
Fam172a	2.276026662	5.50E-18	0.178	0.024	1.78E-13
Gm31718	-2.161434799	7.79E-18	0.107	0.296	2.51E-13
Fam117b	2.975307072	8.10E-18	0.15	0.013	2.62E-13
Dok2	3.011097747	8.20E-18	0.146	0.011	2.65E-13
Ndufa5	3.403008407	1.07E-17	0.14	0.01	3.44E-13
Tsn	2.121024664	1.10E-17	0.184	0.028	3.55E-13
Ms4a7	6.192856669	1.14E-17	0.118	0.002	3.69E-13
Lmna	2.854642335	1.30E-17	0.155	0.016	4.21E-13
Ceacam10	-4.129395733	1.56E-17	0.015	0.16	5.03E-13
Xrn2	2.993870974	1.63E-17	0.144	0.011	5.26E-13
Hes1	3.235038608	1.75E-17	0.135	0.008	5.66E-13
Stx8	2.431782552	1.83E-17	0.163	0.02	5.89E-13
2-Mar	4.455521952	1.93E-17	0.125	0.005	6.23E-13
Id3	2.452157152	2.27E-17	0.182	0.029	7.32E-13
Commd4	2.247294371	2.75E-17	0.202	0.039	8.88E-13
Nceh1	3.397213604	3.31E-17	0.144	0.013	1.07E-12
Aopep	3.297827584	3.59E-17	0.14	0.011	1.16E-12
Siva1	2.549249624	4.19E-17	0.167	0.023	1.35E-12
Dek	2.348162028	5.19E-17	0.17	0.024	1.68E-12
Ms4a8a	8.739787468	5.61E-17	0.109	0	1.81E-12
Gm6377	3.626787412	6.21E-17	0.131	0.008	2.00E-12
Rap2b	2.834144123	6.35E-17	0.144	0.013	2.05E-12
Apba1	5.445323937	8.39E-17	0.112	0.002	2.71E-12
Idh1	3.970299964	9.09E-17	0.129	0.008	2.94E-12
Pkig	3.854558778	9.45E-17	0.125	0.007	3.05E-12
Sumo3	2.36590921	1.56E-16	0.157	0.02	5.02E-12
Filip1l	5.453254207	1.61E-16	0.11	0.002	5.19E-12
Nt5e	-3.229890462	1.81E-16	0.039	0.194	5.85E-12
Lair1	2.346921207	1.96E-16	0.176	0.029	6.34E-12
Slc38a1	3.127149223	2.03E-16	0.146	0.016	6.55E-12
Daglb	3.475087054	2.13E-16	0.124	0.007	6.86E-12
mt-Nd5	2.136466215	2.94E-16	0.185	0.034	9.50E-12
Hspd1	2.552562128	4.00E-16	0.146	0.016	1.29E-11
Nt5c	2.501220652	4.28E-16	0.163	0.024	1.38E-11
Cacybp	2.270050072	4.43E-16	0.15	0.018	1.43E-11
Mthfs	-2.035785451	6.61E-16	0.118	0.295	2.13E-11
Adam19	-2.677456129	7.16E-16	0.034	0.184	2.31E-11
Cyb5a	2.431622459	7.46E-16	0.161	0.024	2.41E-11
Naa38	2.306904094	7.52E-16	0.155	0.021	2.43E-11
Necap2	2.483408763	1.20E-15	0.154	0.021	3.86E-11
Comt	2.640693613	1.20E-15	0.146	0.018	3.88E-11
Acp5	8.364575687	1.39E-15	0.099	0	4.49E-11
Fam129b	3.584158108	1.39E-15	0.118	0.007	4.49E-11
Ndufs3	2.454787045	1.41E-15	0.146	0.018	4.55E-11
Rnf187	2.233577314	1.49E-15	0.167	0.028	4.81E-11
Elk3	2.452767104	1.63E-15	0.135	0.013	5.25E-11
Cd36	3.036192749	1.82E-15	0.129	0.011	5.88E-11
Cxcr5	-2.46624996	2.06E-15	0.036	0.184	6.66E-11
Mrps25	3.391709413	2.51E-15	0.124	0.01	8.10E-11
Bach2	8.600692519	2.63E-15	0.097	0	8.50E-11
Mrtfa	2.285892913	2.66E-15	0.152	0.021	8.60E-11
Chil1	-2.276167007	2.82E-15	0.075	0.239	9.11E-11
Ube2v2	3.226212407	2.86E-15	0.127	0.011	9.22E-11
Aimp1	4.199599391	3.41E-15	0.11	0.005	1.10E-10
Optn	-2.988500279	3.62E-15	0.036	0.179	1.17E-10
Tcf7l2	2.140921707	3.86E-15	0.146	0.02	1.25E-10
1110004F10Rik	2.20661661	3.88E-15	0.154	0.023	1.25E-10
Etfa	2.730652344	3.90E-15	0.139	0.016	1.26E-10
Banf1	3.848478593	4.02E-15	0.114	0.007	1.30E-10
Gm43661	-2.022278217	4.03E-15	0.11	0.28	1.30E-10
C1qbp	8.246988465	4.98E-15	0.096	0	1.61E-10
Mrpl11	8.102559888	4.98E-15	0.096	0	1.61E-10
Mrpl35	4.356400484	5.50E-15	0.105	0.003	1.77E-10
Cct2	2.314161871	6.79E-15	0.148	0.021	2.19E-10
S100a1	3.861396834	6.98E-15	0.109	0.005	2.25E-10
Plekho1	4.798246184	7.68E-15	0.099	0.002	2.48E-10
Sdhc	2.020552804	8.25E-15	0.159	0.026	2.66E-10
Epb41l2	2.414664795	9.06E-15	0.154	0.024	2.93E-10
Pop5	8.285206573	9.42E-15	0.094	0	3.04E-10
3830406C13Rik	4.336148815	1.04E-14	0.103	0.003	3.37E-10
Fam49a	3.275361912	1.07E-14	0.116	0.008	3.46E-10
Ssbp4	3.209455186	1.17E-14	0.116	0.008	3.76E-10
Ccdc88a	3.14512839	1.18E-14	0.12	0.01	3.82E-10
Gfer	4.066989563	1.30E-14	0.107	0.005	4.20E-10
Gm20234	-3.676007683	1.36E-14	0.026	0.158	4.39E-10
C3ar1	2.568277963	1.52E-14	0.131	0.015	4.91E-10
Susd3	2.327230065	1.55E-14	0.146	0.021	5.01E-10
Gm12840	-2.775237348	2.18E-14	0.049	0.194	7.04E-10
Slc35b1	2.287561639	2.35E-14	0.148	0.023	7.59E-10
Slc39a1	2.132097055	2.43E-14	0.161	0.029	7.84E-10
Smc6	2.609126714	2.58E-14	0.133	0.016	8.34E-10
Prdx3	5.247883064	2.63E-14	0.096	0.002	8.50E-10
Ddx39	2.210528536	2.77E-14	0.144	0.021	8.95E-10
Timm10	8.274839011	3.36E-14	0.09	0	1.09E-09
2210016F16Rik	3.141676901	3.50E-14	0.109	0.007	1.13E-09
Rftn1	4.270559559	3.65E-14	0.099	0.003	1.18E-09
Cnih1	3.973854077	3.83E-14	0.099	0.003	1.24E-09
Ifi203	4.212949369	4.18E-14	0.103	0.005	1.35E-09
Lrpap1	2.340308949	4.86E-14	0.139	0.02	1.57E-09
Phf11b	4.988065792	5.02E-14	0.094	0.002	1.62E-09
Ldlr	3.50232348	5.70E-14	0.107	0.007	1.84E-09
Rab44	-2.23402614	5.74E-14	0.09	0.244	1.85E-09
Ehd4	3.088707003	5.90E-14	0.122	0.013	1.90E-09
Csta2	-5.927097144	5.91E-14	0.007	0.117	1.91E-09
Got1	8.162741062	6.34E-14	0.088	0	2.05E-09
Ifi209	2.631209686	6.47E-14	0.137	0.02	2.09E-09
Commd3	2.219709648	6.91E-14	0.163	0.033	2.23E-09
Cish	-2.950883086	7.23E-14	0.039	0.174	2.33E-09
Tcf12	2.827666192	7.98E-14	0.114	0.01	2.58E-09
Mef2c	2.433238313	9.09E-14	0.133	0.018	2.93E-09
Mrpl15	3.572078876	9.09E-14	0.101	0.005	2.94E-09
Cd93	3.829103169	9.18E-14	0.109	0.008	2.96E-09
Pltp	5.198514511	9.42E-14	0.092	0.002	3.04E-09
Scpep1	5.278840482	9.42E-14	0.092	0.002	3.04E-09
Snw1	2.236086107	9.66E-14	0.15	0.026	3.12E-09
Renbp	3.076599769	9.66E-14	0.101	0.005	3.12E-09
Pfdn4	2.336175981	1.10E-13	0.122	0.013	3.56E-09
Psmd7	2.035696834	1.21E-13	0.14	0.021	3.89E-09
Car4	-6.634224713	1.26E-13	0.006	0.111	4.08E-09
Pram1	-2.923847606	1.26E-13	0.039	0.173	4.08E-09
Mrps36	3.887742492	1.33E-13	0.096	0.003	4.31E-09
Slc7a8	4.119709343	1.35E-13	0.096	0.003	4.37E-09
Samm50	2.725142617	1.45E-13	0.124	0.015	4.68E-09
Mrpl28	3.94306473	1.66E-13	0.103	0.007	5.36E-09
Ace	5.668231693	1.69E-13	0.09	0.002	5.47E-09
Bscl2	3.706654467	1.74E-13	0.099	0.005	5.62E-09
Adam15	5.030765741	1.79E-13	0.09	0.002	5.77E-09
Ndufa10	2.427387879	1.83E-13	0.12	0.013	5.91E-09
Egr2	-2.59261565	1.88E-13	0.06	0.2	6.08E-09
Asprv1	-2.356473805	2.12E-13	0.077	0.228	6.84E-09
Cln8	8.152327632	2.25E-13	0.084	0	7.27E-09
Rbis	2.114740096	2.37E-13	0.137	0.021	7.66E-09
Psmd12	2.594753882	2.46E-13	0.125	0.016	7.96E-09
Sec13	2.017162158	2.47E-13	0.148	0.026	7.96E-09
Snx1	2.219861572	2.64E-13	0.146	0.026	8.51E-09
Ap1s1	2.859697094	2.76E-13	0.107	0.008	8.90E-09
AW112010	3.338042077	3.29E-13	0.097	0.005	1.06E-08
Eif2s1	2.079476579	3.39E-13	0.137	0.021	1.10E-08
Vma21	4.663516517	3.40E-13	0.088	0.002	1.10E-08
Cct3	2.25040043	3.46E-13	0.129	0.018	1.12E-08
Timm17a	2.443414638	3.75E-13	0.122	0.015	1.21E-08
Rtcb	3.286852583	3.95E-13	0.101	0.007	1.28E-08
Specc1l	7.977508346	4.23E-13	0.082	0	1.37E-08
Nubp1	3.260101288	4.24E-13	0.105	0.008	1.37E-08
Echs1	4.367104839	4.54E-13	0.092	0.003	1.47E-08
Pot1b	4.510143045	4.77E-13	0.096	0.005	1.54E-08
Arhgef10l	5.69691865	5.85E-13	0.086	0.002	1.89E-08
Gde1	2.012152096	6.48E-13	0.116	0.013	2.09E-08
Anxa6	2.447583426	6.61E-13	0.12	0.015	2.13E-08
Dennd4c	3.11909669	7.90E-13	0.099	0.007	2.55E-08
Mrpl58	2.79433139	9.21E-13	0.103	0.008	2.97E-08
Anapc5	2.637284174	1.10E-12	0.114	0.013	3.55E-08
Nudc	2.298446117	1.12E-12	0.135	0.023	3.63E-08
Bin1	5.042866105	1.18E-12	0.084	0.002	3.80E-08
Tifab	4.784763078	1.19E-12	0.084	0.002	3.85E-08
Gm47283	3.485955272	1.21E-12	0.097	0.007	3.92E-08
Nfu1	3.341948801	1.33E-12	0.097	0.007	4.29E-08
Dipk1a	3.287085305	1.39E-12	0.101	0.008	4.48E-08
Scarb1	8.058749053	1.49E-12	0.079	0	4.83E-08
Dusp22	8.001005184	1.49E-12	0.079	0	4.83E-08
Cltb	3.090065826	1.62E-12	0.105	0.01	5.22E-08
Stom	3.961435114	1.65E-12	0.088	0.003	5.33E-08
Gpr137b	2.627543511	1.85E-12	0.112	0.013	5.99E-08
Osgep	4.018277557	1.86E-12	0.096	0.007	6.02E-08
Itgb7	2.488409413	1.87E-12	0.116	0.015	6.05E-08
Idh3b	5.709356295	2.06E-12	0.082	0.002	6.65E-08
Bhlhe40	-2.03100025	2.12E-12	0.097	0.241	6.85E-08
Tcf4	2.473152162	2.20E-12	0.112	0.013	7.11E-08
Limd1	3.120298658	2.21E-12	0.092	0.005	7.12E-08
Cyp4f16	4.918833918	2.22E-12	0.082	0.002	7.17E-08
Nrg1	3.860346261	2.27E-12	0.082	0.002	7.34E-08
Myo1g	3.244331756	2.64E-12	0.099	0.008	8.53E-08
Cblb	8.190163552	2.81E-12	0.077	0	9.06E-08
Lsm2	2.872492614	2.90E-12	0.107	0.011	9.36E-08
Acp1	2.404732591	3.62E-12	0.118	0.016	1.17E-07
P2rx4	2.059276044	3.70E-12	0.135	0.024	1.19E-07
Pepd	5.41015516	3.93E-12	0.081	0.002	1.27E-07
Fdx2	4.274155081	4.26E-12	0.081	0.002	1.37E-07
Acat1	3.061019411	5.06E-12	0.097	0.008	1.63E-07
Saa3	2.628872482	5.14E-12	0.129	0.023	1.66E-07
Maml2	3.924276774	5.70E-12	0.084	0.003	1.84E-07
Tspan31	3.412926335	7.59E-12	0.088	0.005	2.45E-07
Fcgrt	5.360139759	7.59E-12	0.079	0.002	2.45E-07
Ptpro	4.890879559	7.81E-12	0.079	0.002	2.52E-07
Rgl1	4.83209086	7.85E-12	0.079	0.002	2.53E-07
Psmc1	2.326499226	8.43E-12	0.122	0.02	2.72E-07
Vrk2	3.241199969	8.61E-12	0.092	0.007	2.78E-07
Gmpr2	4.782060364	9.37E-12	0.082	0.003	3.02E-07
Adap2os	7.935358199	9.86E-12	0.073	0	3.18E-07
Ndufv1	2.474164044	1.00E-11	0.11	0.015	3.24E-07
Itgav	2.108026616	1.01E-11	0.122	0.02	3.27E-07
Prdx4	3.579653822	1.10E-11	0.082	0.003	3.55E-07
Zcchc17	2.344446394	1.11E-11	0.114	0.016	3.59E-07
Tomm40	2.567792677	1.11E-11	0.096	0.008	3.59E-07
Chrac1	2.24482136	1.17E-11	0.114	0.016	3.76E-07
Luzp1	3.043537218	1.37E-11	0.086	0.005	4.42E-07
Uba2	3.224991772	1.39E-11	0.086	0.005	4.49E-07
Adap2	4.919737518	1.45E-11	0.077	0.002	4.68E-07
Stxbp6	4.747183011	1.47E-11	0.077	0.002	4.74E-07
Ddx18	3.429026947	1.49E-11	0.09	0.007	4.82E-07
Bccip	2.522292464	1.77E-11	0.109	0.015	5.73E-07
Eno3	8.516897562	1.85E-11	0.071	0	5.96E-07
Tmem131	2.332604464	1.85E-11	0.112	0.016	5.98E-07
Guca1a	4.325281034	1.87E-11	0.081	0.003	6.02E-07
Esyt1	2.869970175	1.93E-11	0.094	0.008	6.24E-07
Gm15987	4.20253653	1.95E-11	0.081	0.003	6.29E-07
Tns3	2.59007528	1.99E-11	0.105	0.013	6.42E-07
Wdr61	2.077806028	2.02E-11	0.116	0.018	6.53E-07
Bri3bp	2.083280745	2.07E-11	0.12	0.02	6.68E-07
Nop56	2.655494159	2.14E-11	0.097	0.01	6.90E-07
Fundc2	2.239950966	2.20E-11	0.109	0.015	7.09E-07
Snrnp40	2.553309155	2.21E-11	0.097	0.01	7.13E-07
Eif3b	2.011249433	2.34E-11	0.125	0.023	7.54E-07
Nucks1	3.621448181	2.46E-11	0.084	0.005	7.93E-07
Stab1	3.532584763	2.47E-11	0.084	0.005	7.98E-07
Pum3	5.187313047	2.68E-11	0.075	0.002	8.65E-07
Farsb	4.982839443	2.71E-11	0.075	0.002	8.76E-07
Golga4	4.484375286	2.75E-11	0.075	0.002	8.86E-07
Wdr18	4.204549473	2.78E-11	0.075	0.002	8.96E-07
Anxa4	3.348816353	2.87E-11	0.088	0.007	9.27E-07
Phlpp1	3.193315498	2.87E-11	0.092	0.008	9.28E-07
Cd177	-2.248191509	2.87E-11	0.06	0.186	9.28E-07
Snrpa1	3.033303055	2.95E-11	0.088	0.007	9.53E-07
Pf4	3.593500052	3.06E-11	0.131	0.028	9.88E-07
Rsl1d1	2.943602081	3.10E-11	0.088	0.007	9.99E-07
Prkag2	2.57119349	3.18E-11	0.107	0.015	1.03E-06
Pex7	2.791243903	3.20E-11	0.088	0.007	1.03E-06
Ckb	4.266407581	3.36E-11	0.079	0.003	1.09E-06
Eef1e1	4.171202793	3.55E-11	0.079	0.003	1.15E-06
Tmem87b	4.026077518	3.62E-11	0.079	0.003	1.17E-06
Camk1	2.684991973	3.62E-11	0.099	0.011	1.17E-06
Cdk4	2.798932313	3.62E-11	0.096	0.01	1.17E-06
Exosc3	2.422714714	3.93E-11	0.103	0.013	1.27E-06
Pla1a	-2.515026888	4.16E-11	0.045	0.161	1.34E-06
Amz1	3.579595063	4.51E-11	0.082	0.005	1.45E-06
Ntpcr	3.438039127	4.54E-11	0.082	0.005	1.47E-06
Fkbp3	3.41601009	4.57E-11	0.082	0.005	1.48E-06
Ccdc50	3.265353946	4.78E-11	0.082	0.005	1.54E-06
Slc7a7	4.541262434	5.17E-11	0.073	0.002	1.67E-06
Nav1	3.238179794	5.46E-11	0.086	0.007	1.76E-06
Taf3	2.951604534	5.58E-11	0.086	0.007	1.80E-06
Ldlrad3	2.850963131	5.77E-11	0.086	0.007	1.86E-06
Mrps18a	2.126906581	5.85E-11	0.125	0.024	1.89E-06
Entpd3	-2.796938101	6.01E-11	0.037	0.148	1.94E-06
Mrgpra2b	-3.482690331	6.10E-11	0.021	0.121	1.97E-06
Gm28981	-2.610212651	6.17E-11	0.034	0.143	1.99E-06
Nt5dc2	7.72281753	6.45E-11	0.067	0	2.08E-06
Vwa5a	7.762524246	6.45E-11	0.067	0	2.08E-06
Igbp1	3.917363593	6.85E-11	0.077	0.003	2.21E-06
Raph1	3.789300346	6.93E-11	0.077	0.003	2.24E-06
Zfyve9	3.843826837	7.00E-11	0.077	0.003	2.26E-06
Gtf3c6	2.263648232	7.15E-11	0.105	0.015	2.31E-06
Cbfa2t3	3.672461122	8.28E-11	0.084	0.007	2.67E-06
Maff	-2.387951908	9.08E-11	0.062	0.181	2.93E-06
mt-Nd4l	4.497259803	9.71E-11	0.071	0.002	3.14E-06
Gcsh	2.851089962	1.03E-10	0.084	0.007	3.33E-06
Chd9	2.707160141	1.08E-10	0.096	0.011	3.49E-06
Adh5	2.532066241	1.14E-10	0.099	0.013	3.69E-06
Rai14	7.622210474	1.21E-10	0.066	0	3.89E-06
Esf1	7.611651032	1.21E-10	0.066	0	3.89E-06
Avpi1	7.601033101	1.21E-10	0.066	0	3.89E-06
Rnase4	2.123767915	1.34E-10	0.107	0.016	4.34E-06
Samd9l	-2.229921318	1.45E-10	0.066	0.186	4.67E-06
Gnl3	3.722140201	1.55E-10	0.079	0.005	5.00E-06
Nubp2	3.366386004	1.60E-10	0.079	0.005	5.16E-06
Thyn1	3.334789412	1.64E-10	0.082	0.007	5.30E-06
Lpl	4.001233057	1.65E-10	0.082	0.007	5.32E-06
Ola1	2.804004323	1.69E-10	0.079	0.005	5.46E-06
Dynlt3	2.887618334	1.70E-10	0.079	0.005	5.48E-06
Cttnbp2nl	4.667277418	1.78E-10	0.069	0.002	5.76E-06
Cyb5b	2.110452573	2.08E-10	0.105	0.016	6.71E-06
Tob2	2.022205724	2.24E-10	0.109	0.018	7.23E-06
Apool	7.498022576	2.25E-10	0.064	0	7.27E-06
Selenoh	2.461506501	2.31E-10	0.09	0.01	7.47E-06
Exosc8	4.146287773	2.48E-10	0.077	0.005	8.00E-06
Camkk2	2.140977168	3.20E-10	0.107	0.018	1.03E-05
Frmd4b	4.772777018	3.26E-10	0.067	0.002	1.05E-05
Sh2d1b1	4.84563294	3.29E-10	0.067	0.002	1.06E-05
Eef1akmt1	2.77720207	3.56E-10	0.081	0.007	1.15E-05
Dync1h1	2.273693278	3.66E-10	0.103	0.016	1.18E-05
Faim	2.30591908	4.06E-10	0.096	0.013	1.31E-05
Myo5a	2.431783863	4.18E-10	0.092	0.011	1.35E-05
Ldhb	8.038192416	4.20E-10	0.062	0	1.36E-05
Ddx49	7.452594452	4.20E-10	0.062	0	1.36E-05
Glo1	3.780266407	4.28E-10	0.071	0.003	1.38E-05
Naa20	2.279792041	4.43E-10	0.096	0.013	1.43E-05
Lgals3bp	3.429511804	4.57E-10	0.071	0.003	1.48E-05
Cisd1	3.405337356	5.35E-10	0.075	0.005	1.73E-05
Bcl7b	3.162697269	6.04E-10	0.079	0.007	1.95E-05
Clasp2	2.128197817	6.06E-10	0.105	0.018	1.96E-05
Pigk	4.372561914	6.24E-10	0.066	0.002	2.01E-05
Pa2g4	2.208857621	6.53E-10	0.097	0.015	2.11E-05
Fam120a	2.789498791	6.76E-10	0.086	0.01	2.18E-05
Emc3	2.594550488	6.98E-10	0.09	0.011	2.25E-05
Madd	2.563594267	7.45E-10	0.086	0.01	2.41E-05
H1f0	7.756195442	7.83E-10	0.06	0	2.53E-05
Gabbr1	-4.818919478	8.47E-10	0.006	0.081	2.73E-05
Plcl1	3.356926192	8.47E-10	0.069	0.003	2.73E-05
Pnkd	2.152016598	8.53E-10	0.107	0.02	2.75E-05
Gm11476	-2.032330444	9.24E-10	0.066	0.179	2.98E-05
Dpysl2	3.668365233	9.27E-10	0.073	0.005	2.99E-05
Cmc1	2.949510191	1.07E-09	0.073	0.005	3.46E-05
Hat1	4.763151034	1.14E-09	0.064	0.002	3.68E-05
Ebpl	4.647472876	1.15E-09	0.064	0.002	3.72E-05
Slc2a3	-2.47258472	1.17E-09	0.039	0.142	3.78E-05
Pkib	2.692793886	1.25E-09	0.081	0.008	4.03E-05
Ppt2	2.638318472	1.27E-09	0.084	0.01	4.10E-05
Dnase1l1	2.641627675	1.34E-09	0.081	0.008	4.34E-05
Atp2b4	7.270716991	1.46E-09	0.058	0	4.71E-05
Sh3pxd2b	7.375252591	1.46E-09	0.058	0	4.71E-05
Nbdy	7.399263028	1.46E-09	0.058	0	4.71E-05
Immt	2.054632222	1.50E-09	0.088	0.011	4.85E-05
Sdc3	3.859315186	1.51E-09	0.067	0.003	4.89E-05
Tmem37	3.262965861	1.57E-09	0.067	0.003	5.07E-05
Pla2g15	3.175801685	1.83E-09	0.071	0.005	5.92E-05
Ssbp1	2.002741576	1.91E-09	0.101	0.018	6.17E-05
Krt80	3.07551173	2.01E-09	0.075	0.007	6.49E-05
Slc24a3	-2.746425839	2.02E-09	0.017	0.103	6.52E-05
Hadhb	2.326011602	2.04E-09	0.094	0.015	6.60E-05
Crybg1	4.996036445	2.06E-09	0.062	0.002	6.66E-05
Stard9	2.7782388	2.13E-09	0.075	0.007	6.88E-05
Rasgef1b	4.311140647	2.15E-09	0.062	0.002	6.94E-05
Lrrk1	2.879749949	2.23E-09	0.079	0.008	7.19E-05
Ak6	2.270021921	2.36E-09	0.09	0.013	7.61E-05
Adss	2.574449952	2.37E-09	0.079	0.008	7.66E-05
Fars2	2.551828947	2.39E-09	0.079	0.008	7.72E-05
Sf3b3	2.569231692	2.40E-09	0.079	0.008	7.74E-05
Snx24	2.583669909	2.42E-09	0.079	0.008	7.82E-05
Snrnp48	2.281717997	2.54E-09	0.086	0.011	8.21E-05
Hpgd	7.791987505	2.72E-09	0.056	0	8.77E-05
Nob1	7.540695328	2.72E-09	0.056	0	8.77E-05
Dcxr	7.598262101	2.72E-09	0.056	0	8.77E-05
Bcap29	7.337177136	2.72E-09	0.056	0	8.77E-05
Shtn1	7.5234105	2.72E-09	0.056	0	8.77E-05
Cebpa	3.796407216	2.75E-09	0.066	0.003	8.89E-05
2310022A10Rik	3.636078854	2.84E-09	0.066	0.003	9.18E-05
Itprip	-2.496138444	3.36E-09	0.034	0.129	0.000108559
Mrc1	2.694262886	3.48E-09	0.069	0.005	0.000112401
Gpat3	-2.03378796	3.82E-09	0.067	0.176	0.000123198
Idh2	4.056476527	4.04E-09	0.06	0.002	0.00013036
Clns1a	2.542684927	4.14E-09	0.081	0.01	0.000133539
Dcaf7	2.565403877	4.23E-09	0.077	0.008	0.000136578
Slc35b2	2.733848654	4.34E-09	0.077	0.008	0.000140086
Isca2	2.345489483	4.38E-09	0.077	0.008	0.000141424
Cyb5r3	2.099137297	4.41E-09	0.084	0.011	0.000142256
Rpf2	2.600520273	4.42E-09	0.077	0.008	0.000142774
Srebf2	2.419992406	4.54E-09	0.081	0.01	0.000146666
Ei24	3.936716547	5.00E-09	0.064	0.003	0.000161476
Noc2l	7.527765579	5.06E-09	0.054	0	0.000163242
Gm9844	7.521388535	5.06E-09	0.054	0	0.000163242
Timm9	7.25543863	5.06E-09	0.054	0	0.000163242
Gpr183	7.535983608	5.06E-09	0.054	0	0.000163242
Cped1	-2.519431712	5.11E-09	0.034	0.127	0.000165027
Cmtm3	3.44885834	5.15E-09	0.064	0.003	0.000166129
Borcs7	3.82605013	5.28E-09	0.064	0.003	0.000170307
Smarcb1	3.170556234	5.37E-09	0.064	0.003	0.000173353
Fam71f2	-3.004605893	5.84E-09	0.022	0.107	0.000188537
Prpf19	3.619958226	5.90E-09	0.067	0.005	0.000190392
Tmem173	3.036451233	6.40E-09	0.067	0.005	0.000206571
Flcn	2.847980786	6.57E-09	0.067	0.005	0.000212256
Ankrd22	-3.806493572	6.97E-09	0.006	0.075	0.000224867
Lrrc8c	2.841609401	6.98E-09	0.075	0.008	0.000225208
Nop9	5.117935736	7.01E-09	0.058	0.002	0.000226359
Tmem192	2.057784958	7.03E-09	0.086	0.013	0.000227124
Med29	2.639952654	7.28E-09	0.079	0.01	0.000235006
Naa15	2.315998615	7.29E-09	0.086	0.013	0.000235494
Sestd1	4.055142314	7.44E-09	0.058	0.002	0.000240255
Abcg3	4.318745312	7.44E-09	0.058	0.002	0.000240255
Adora2b	2.553109818	7.60E-09	0.082	0.011	0.000245403
Me2	2.022866027	7.63E-09	0.09	0.015	0.000246412
Pes1	2.316775007	7.94E-09	0.075	0.008	0.000256313
Ndufa9	2.14685378	8.32E-09	0.082	0.011	0.000268641
Lman1	4.091676428	8.92E-09	0.062	0.003	0.000287993
Chchd4	7.166796735	9.41E-09	0.052	0	0.000303665
Slc25a19	7.242192462	9.41E-09	0.052	0	0.000303665
Tomm70a	7.45031257	9.41E-09	0.052	0	0.000303665
Rars	3.414300914	9.81E-09	0.062	0.003	0.000316876
Mrpl2	3.233083161	9.81E-09	0.062	0.003	0.000316876
Mtx2	2.949528048	1.17E-08	0.069	0.007	0.000378505
Gar1	2.69144875	1.20E-08	0.066	0.005	0.000388279
Mpp6	2.704835365	1.22E-08	0.066	0.005	0.000393559
Col1a2	2.877816981	1.22E-08	0.073	0.008	0.000395173
Lage3	2.405380846	1.24E-08	0.084	0.013	0.000401508
1700017B05Rik	-2.179043892	1.31E-08	0.045	0.142	0.000423824
Plod3	2.751118425	1.32E-08	0.069	0.007	0.000425531
Vamp7	2.790640191	1.34E-08	0.069	0.007	0.000431094
Ass1	4.480819755	1.35E-08	0.056	0.002	0.000436001
Erh	2.227532082	1.36E-08	0.081	0.011	0.000440501
Ppp1r14b	2.472072153	1.37E-08	0.069	0.007	0.000442432
Adam9	2.01877586	1.37E-08	0.084	0.013	0.000443332
Nrp2	4.013348459	1.39E-08	0.056	0.002	0.000449151
Rsrc1	2.34867205	1.40E-08	0.081	0.011	0.000451015
Nudt16l1	2.501737248	1.40E-08	0.069	0.007	0.000452591
Hadha	2.320901984	1.46E-08	0.077	0.01	0.000469839
Eci2	2.110489681	1.48E-08	0.081	0.011	0.000478379
Pnn	2.160024138	1.51E-08	0.073	0.008	0.000489108
Ccdc28b	3.980909754	1.68E-08	0.06	0.003	0.000541238
Zfp593	6.932585435	1.75E-08	0.051	0	0.000564611
Hpse	7.088998415	1.75E-08	0.051	0	0.000564611
Dse	7.504824484	1.75E-08	0.051	0	0.000564611
Bop1	7.35819686	1.75E-08	0.051	0	0.000564611
Hdhd2	7.178573894	1.75E-08	0.051	0	0.000564611
Kansl2	3.233062727	1.84E-08	0.06	0.003	0.000593205
Gm28809	-3.445031158	1.97E-08	0.013	0.086	0.000637407
Mrps18b	3.143406599	2.10E-08	0.064	0.005	0.000676827
Trib3	-7.917343043	2.15E-08	0	0.057	0.000693374
Spatc1	-7.818960963	2.15E-08	0	0.057	0.000693374
Mrpl50	2.86722615	2.16E-08	0.064	0.005	0.000697643
Lactb	2.883771011	2.28E-08	0.067	0.007	0.000735516
Ddx54	2.361246268	2.31E-08	0.079	0.011	0.000746258
Ctnnbl1	2.229254354	2.33E-08	0.082	0.013	0.000753028
Hbegf	-3.242294047	2.40E-08	0.021	0.099	0.000774099
Gphn	2.605285372	2.43E-08	0.071	0.008	0.000784677
Uap1l1	2.78517889	2.44E-08	0.067	0.007	0.000787166
Aig1	2.36542283	2.44E-08	0.067	0.007	0.000787166
Pigt	2.69796114	2.45E-08	0.067	0.007	0.000792265
Zfp467	4.640268895	2.47E-08	0.054	0.002	0.000796706
Alg5	2.39931716	2.48E-08	0.075	0.01	0.000800332
Wdr74	4.682182289	2.49E-08	0.054	0.002	0.000802639
Impa2	-2.545216293	2.50E-08	0.045	0.137	0.000807412
Eipr1	2.633178476	2.52E-08	0.071	0.008	0.000812045
Pvr	4.231403369	2.55E-08	0.054	0.002	0.000823746
Sulf2	3.920578284	2.56E-08	0.054	0.002	0.000826804
Dock7	3.909479658	2.58E-08	0.054	0.002	0.000832955
Myof	3.89229691	2.58E-08	0.054	0.002	0.000832955
Aco2	2.082053287	2.61E-08	0.079	0.011	0.000842674
Ssrp1	2.20331662	2.63E-08	0.075	0.01	0.000850067
Stk19	2.220195273	2.73E-08	0.075	0.01	0.000881334
Mrpl22	3.615941952	3.18E-08	0.058	0.003	0.001026946
Tmem109	3.624121213	3.21E-08	0.058	0.003	0.001037833
Bcl2	7.390640931	3.25E-08	0.049	0	0.001049339
Aldh9a1	7.140739447	3.25E-08	0.049	0	0.001049339
Smim26	7.019886188	3.25E-08	0.049	0	0.001049339
Grk3	7.553080256	3.25E-08	0.049	0	0.001049339
Hsph1	6.978972114	3.25E-08	0.049	0	0.001049339
Bag3	7.113329641	3.25E-08	0.049	0	0.001049339
Thoc5	7.456278572	3.25E-08	0.049	0	0.001049339
Mrps10	7.045333476	3.25E-08	0.049	0	0.001049339
Rab3il1	7.297871267	3.25E-08	0.049	0	0.001049339
Arhgef37	3.381869749	3.31E-08	0.058	0.003	0.001067414
Oxct1	3.115017836	3.39E-08	0.058	0.003	0.001093968
F11r	3.289115772	3.80E-08	0.062	0.005	0.001227314
Nagpa	3.190449569	3.83E-08	0.062	0.005	0.001235571
Slc10a7	2.890765523	3.90E-08	0.062	0.005	0.001260663
Bcat2	3.246444646	3.91E-08	0.066	0.007	0.001261931
Czib	2.170904034	4.07E-08	0.081	0.013	0.001315342
Piezo1	2.844459414	4.24E-08	0.069	0.008	0.001368064
Fbxo34	2.392713064	4.24E-08	0.077	0.011	0.001369621
Colgalt1	2.074154638	4.33E-08	0.081	0.013	0.00139776
Crispld2	-2.405270879	4.41E-08	0.034	0.119	0.001423879
Triap1	2.135886854	4.54E-08	0.077	0.011	0.001464293
Enox2	4.207070083	4.73E-08	0.052	0.002	0.001526817
Ccnh	3.980648515	4.74E-08	0.052	0.002	0.001529642
Parvb	3.833324334	4.76E-08	0.052	0.002	0.001538153
Gatd3a	3.888558101	5.74E-08	0.056	0.003	0.001853292
Rabl6	3.561262047	5.88E-08	0.056	0.003	0.001899308
Ahr	2.150781615	5.90E-08	0.079	0.013	0.001906321
5430425K12Rik	-2.441602169	5.91E-08	0.028	0.109	0.001906691
Zfp644	3.679177709	5.95E-08	0.056	0.003	0.001919366
Slamf9	7.171051471	6.04E-08	0.047	0	0.001949457
Prxl2b	7.18532698	6.04E-08	0.047	0	0.001949457
Cyp51	7.163034605	6.04E-08	0.047	0	0.001949457
Bcl2l12	7.105981414	6.04E-08	0.047	0	0.001949457
Sumf1	3.259154286	6.07E-08	0.056	0.003	0.0019601
Blmh	3.3410783	6.11E-08	0.056	0.003	0.001973863
Ppie	3.219197488	6.20E-08	0.056	0.003	0.00200167
Tspan3	2.993256836	6.24E-08	0.056	0.003	0.002015717
Oas1a	2.165738401	6.34E-08	0.082	0.015	0.002046833
Plbd2	3.30710219	6.66E-08	0.06	0.005	0.002150117
Erg28	3.369208043	6.73E-08	0.06	0.005	0.002171769
Tmem205	3.063292126	7.05E-08	0.06	0.005	0.002275635
Rxylt1	2.941017686	7.29E-08	0.06	0.005	0.002352754
Pigyl	2.038534657	7.29E-08	0.079	0.013	0.002354367
Mrps34	2.005424911	7.35E-08	0.079	0.013	0.002374264
Dhrs4	2.744686472	7.36E-08	0.06	0.005	0.002376379
Plxnb2	2.691448257	7.36E-08	0.06	0.005	0.002376379
Ighm	2.17951713	7.44E-08	0.079	0.013	0.002401043
Pld3	2.347627511	7.48E-08	0.075	0.011	0.002414548
Lrmp	3.019334054	7.50E-08	0.064	0.007	0.002419795
Magohb	2.136887567	7.83E-08	0.075	0.011	0.002528627
Pbx3	2.101449491	8.27E-08	0.067	0.008	0.00266936
Sigmar1	2.427410107	8.53E-08	0.067	0.008	0.002752636
Thoc1	4.540094051	8.54E-08	0.051	0.002	0.002756284
Txndc5	4.164484891	8.83E-08	0.051	0.002	0.002849418
Dhrs7b	3.689020594	8.86E-08	0.051	0.002	0.002859952
Fxr1	2.004482024	9.91E-08	0.084	0.016	0.003199374
Riok1	3.53077804	1.09E-07	0.054	0.003	0.003534216
Tcp11l1	6.979007564	1.12E-07	0.045	0	0.003620484
Clec4b1	7.097924316	1.12E-07	0.045	0	0.003620484
Kcnn4	6.986554678	1.12E-07	0.045	0	0.003620484
Gtf2h2	7.16937062	1.12E-07	0.045	0	0.003620484
Mrpl49	7.341817655	1.12E-07	0.045	0	0.003620484
Las1l	3.40774174	1.13E-07	0.054	0.003	0.003646855
Myo1e	2.957100247	1.14E-07	0.054	0.003	0.003685167
1110038F14Rik	3.694406214	1.14E-07	0.058	0.005	0.003689257
Nlrp1b	3.01601205	1.15E-07	0.054	0.003	0.003723868
Tmem154	-2.120240441	1.21E-07	0.045	0.132	0.003920577
Nrip1	2.90463516	1.32E-07	0.058	0.005	0.004269944
Abcc4	2.600838935	1.35E-07	0.069	0.01	0.004352308
Apip	2.594006123	1.35E-07	0.058	0.005	0.004355674
Eri1	2.44913615	1.38E-07	0.058	0.005	0.004443071
9430038I01Rik	2.651428249	1.38E-07	0.069	0.01	0.004456452
Eif2a	2.710869529	1.42E-07	0.062	0.007	0.004585585
Nip7	2.470451809	1.48E-07	0.062	0.007	0.004763489
Zmynd8	2.302040236	1.48E-07	0.062	0.007	0.004778612
Umps	2.473059152	1.48E-07	0.066	0.008	0.004781897
Glb1	2.41571316	1.50E-07	0.062	0.007	0.00483957
Efr3a	2.224106966	1.51E-07	0.069	0.01	0.004883249
Naa10	2.098496185	1.58E-07	0.069	0.01	0.005088711
Myg1	4.405534845	1.59E-07	0.049	0.002	0.005122694
P2ry14	-2.71593654	1.69E-07	0.019	0.09	0.005454431
Gpnmb	3.737962116	1.97E-07	0.052	0.003	0.006368068
Ilf2	3.337656048	2.06E-07	0.052	0.003	0.006662196
A630001G21Rik	6.949057307	2.08E-07	0.043	0	0.006722022
Tnfrsf11a	6.754514766	2.08E-07	0.043	0	0.006722022
4930455G09Rik	7.111935167	2.08E-07	0.043	0	0.006722022
Idh3a	7.001582139	2.08E-07	0.043	0	0.006722022
Gas2l3	7.02738632	2.08E-07	0.043	0	0.006722022
Arl4a	7.259032631	2.08E-07	0.043	0	0.006722022
Ophn1	7.028645404	2.08E-07	0.043	0	0.006722022
Mrps26	3.379025161	2.09E-07	0.052	0.003	0.006755308
Med12l	-2.569688498	2.17E-07	0.032	0.109	0.007012025
Pde3b	2.395642127	2.28E-07	0.071	0.011	0.007359546
Ccs	3.182167583	2.28E-07	0.056	0.005	0.007366579
Ggta1	2.38140844	2.30E-07	0.071	0.011	0.007412038
Rpf1	2.088283815	2.40E-07	0.071	0.011	0.007734647
Gm14963	-3.649867554	2.41E-07	0.009	0.07	0.0077848
Mob3b	2.240536088	2.44E-07	0.056	0.005	0.007868963
Phax	2.604357307	2.45E-07	0.056	0.005	0.007920984
A430005L14Rik	2.354386815	2.49E-07	0.056	0.005	0.008026019
Commd10	2.38167321	2.51E-07	0.056	0.005	0.008105687
Mak16	2.614937807	2.53E-07	0.06	0.007	0.008166537
Trerf1	2.524158472	2.55E-07	0.067	0.01	0.008236984
Xpnpep1	2.371464849	2.56E-07	0.06	0.007	0.008270225
Anapc15	2.614788644	2.62E-07	0.06	0.007	0.008454746
Eml1	-3.621177676	2.65E-07	0.009	0.07	0.008570335
Luc7l	2.086759554	2.68E-07	0.067	0.01	0.008656956
Nr2c2ap	2.444560503	2.74E-07	0.064	0.008	0.008839975
Stk3	2.175195753	2.75E-07	0.06	0.007	0.008863636
Hlcs	4.793481347	2.88E-07	0.047	0.002	0.009308593
Gm26535	-3.618437059	2.90E-07	0.006	0.062	0.009369839
Uxs1	4.620692305	2.90E-07	0.047	0.002	0.00937734
Rnf217	4.310285025	2.96E-07	0.047	0.002	0.009551351
Pparg	4.273608167	2.97E-07	0.047	0.002	0.009586535
Cnp	3.516884216	3.04E-07	0.047	0.002	0.009800233
Rrp7a	3.553825369	3.04E-07	0.047	0.002	0.009800233
Lsg1	3.681745245	3.04E-07	0.047	0.002	0.009800233
Rbm4	4.03643166	3.53E-07	0.051	0.003	0.011387283
Psmg3	3.544330002	3.66E-07	0.051	0.003	0.011829313
Ddx1	3.522009007	3.69E-07	0.051	0.003	0.011911442
Smarcad1	3.365004064	3.73E-07	0.051	0.003	0.012035667
Fgd2	3.542336689	3.74E-07	0.051	0.003	0.012077345
Slamf7	7.027929631	3.86E-07	0.041	0	0.012477927
Gtf3a	6.733913526	3.86E-07	0.041	0	0.012477927
Slc27a1	6.986660953	3.86E-07	0.041	0	0.012477927
Rnaseh2a	7.133510423	3.86E-07	0.041	0	0.012477927
Tnfsf13os	7.286331495	3.86E-07	0.041	0	0.012477927
Arl5c	7.172240476	3.86E-07	0.041	0	0.012477927
H2-Ke6	2.918541244	3.97E-07	0.054	0.005	0.012825618
Ccdc107	3.136296834	4.12E-07	0.054	0.005	0.013297782
Serpinb8	3.034880997	4.28E-07	0.054	0.005	0.013831983
Ift52	3.108161724	4.30E-07	0.054	0.005	0.013877433
Mospd2	2.484393758	4.32E-07	0.066	0.01	0.013954242
Galnt1	2.772986968	4.35E-07	0.058	0.007	0.014030389
Chordc1	2.725263597	4.42E-07	0.062	0.008	0.014280914
Smagp	2.947735376	4.43E-07	0.054	0.005	0.014292929
Hagh	2.74910892	4.53E-07	0.058	0.007	0.014614306
Tcof1	2.737188922	4.63E-07	0.058	0.007	0.014938361
Farsa	2.075340265	4.91E-07	0.062	0.008	0.015866876
Tnfrsf26	-3.2029358	5.25E-07	0.015	0.078	0.016939043
Fbxl6	4.531724487	5.43E-07	0.045	0.002	0.017541529
Kat7	4.496632207	5.45E-07	0.045	0.002	0.017605992
Gm35154	4.316505468	5.46E-07	0.045	0.002	0.017638294
Nmd3	4.122357462	5.53E-07	0.045	0.002	0.017866134
Psmg2	3.628956947	5.57E-07	0.045	0.002	0.017997592
Ddx41	2.933055289	6.37E-07	0.064	0.01	0.020569021
Mrpl55	3.70835683	6.71E-07	0.049	0.003	0.021653368
Nudt3	3.402141444	6.75E-07	0.049	0.003	0.021803053
Odr4	3.53997384	6.80E-07	0.049	0.003	0.02195372
Tmem242	3.036455107	6.85E-07	0.049	0.003	0.022105389
Socs6	3.321937329	6.94E-07	0.049	0.003	0.022411746
Deptor	3.243826399	6.97E-07	0.049	0.003	0.022488977
Nifk	2.963683953	7.11E-07	0.049	0.003	0.022957787
Dis3l2	7.034460215	7.17E-07	0.039	0	0.023159369
Dusp12	7.018478367	7.17E-07	0.039	0	0.023159369
Usp24	7.058124848	7.17E-07	0.039	0	0.023159369
Mecr	6.816215757	7.17E-07	0.039	0	0.023159369
Tusc3	6.882959051	7.17E-07	0.039	0	0.023159369
Gipc1	6.631748024	7.17E-07	0.039	0	0.023159369
Ncoa7	6.83491167	7.17E-07	0.039	0	0.023159369
Cd180	6.864293521	7.17E-07	0.039	0	0.023159369
Fgfr1op	6.922588872	7.17E-07	0.039	0	0.023159369
Isoc1	6.763112419	7.17E-07	0.039	0	0.023159369
Ankrd49	3.149208349	7.52E-07	0.052	0.005	0.024291665
Tm2d3	2.677732232	7.90E-07	0.052	0.005	0.025509555
Cnot10	2.846979887	7.90E-07	0.052	0.005	0.025509555
Ntmt1	2.687217186	8.00E-07	0.052	0.005	0.025844131
Chmp6	2.621800485	8.03E-07	0.052	0.005	0.025928433
11-Sep	2.808530699	8.11E-07	0.056	0.007	0.026193154
Cd2ap	2.529537461	8.14E-07	0.052	0.005	0.026268298
Gm2396	-4.010147151	8.15E-07	0.007	0.062	0.026323194
Smarcc1	2.669418479	8.16E-07	0.052	0.005	0.026353932
Rmnd5b	2.664684155	8.18E-07	0.06	0.008	0.026416491
Aarsd1	2.344546454	8.27E-07	0.052	0.005	0.026699166
Dpep2	2.518936796	8.39E-07	0.06	0.008	0.02709537
Slc38a9	2.533512421	8.47E-07	0.056	0.007	0.027358755
Ppid	2.030466029	8.69E-07	0.064	0.01	0.028051795
Elmo2	2.208768998	8.71E-07	0.056	0.007	0.028134263
St6gal1	2.305824251	8.74E-07	0.056	0.007	0.028221743
Bex3	4.897276291	9.76E-07	0.043	0.002	0.031505582
Cse1l	4.380066797	1.02E-06	0.043	0.002	0.032799991
E330020D12Rik	4.115842216	1.03E-06	0.043	0.002	0.033161802
Coro7	4.018113205	1.03E-06	0.043	0.002	0.033161802
Tnfsf12	3.852447538	1.03E-06	0.043	0.002	0.033405141
Saysd1	3.665656669	1.04E-06	0.043	0.002	0.033527453
Timm50	3.479648514	1.24E-06	0.047	0.003	0.040151342
Gatm	3.430735675	1.25E-06	0.047	0.003	0.040289154
Tceal8	3.176972281	1.27E-06	0.047	0.003	0.041125636
Pop7	2.202286389	1.28E-06	0.066	0.011	0.041281878
Kmt2d	2.610340365	1.29E-06	0.062	0.01	0.041601873
Mdp1	2.735414567	1.30E-06	0.047	0.003	0.041835442
Hint2	3.176183775	1.32E-06	0.054	0.007	0.042711673
Zdhhc12	6.799806831	1.33E-06	0.037	0	0.042982259
Snx30	6.717535979	1.33E-06	0.037	0	0.042982259
Stard4	6.969116283	1.33E-06	0.037	0	0.042982259
Dph5	7.14159517	1.33E-06	0.037	0	0.042982299
Mrpl37	6.686794468	1.33E-06	0.037	0	0.042982299
Nup205	6.832737697	1.33E-06	0.037	0	0.042982299
Ybx3	6.624953427	1.33E-06	0.037	0	0.042982299
Il21r	6.948467878	1.33E-06	0.037	0	0.042982299
Sfxn1	7.049376312	1.33E-06	0.037	0	0.042982299
Gm5086	7.11426111	1.33E-06	0.037	0	0.042982299
Rnaseh2b	6.827889326	1.33E-06	0.037	0	0.042982299
Cfb	6.93356463	1.33E-06	0.037	0	0.042982299
Ddhd1	2.73581586	1.38E-06	0.058	0.008	0.044454326
Smarca4	3.026813604	1.40E-06	0.051	0.005	0.045331372
Polr2m	3.041896652	1.40E-06	0.051	0.005	0.045331372
Mesd	2.617635718	1.42E-06	0.051	0.005	0.045774068
Nol12	2.742180163	1.44E-06	0.054	0.007	0.046434828
Blcap	-2.186565564	1.45E-06	0.032	0.103	0.046876934
Rnaset2b	2.536963137	1.48E-06	0.051	0.005	0.047740923
Armc1	2.269451417	1.50E-06	0.051	0.005	0.048362284
