	ad	density	cc	spath	eigencentr	betwcentr
drug_1	-819	-1026	-1064.5	-953	902	930
drug_10	953.5	1360.5	1188.5	998	1521	-1100
drug_100	-942	-1129	-837.5	653	752	-718
drug_101	444.5	-950.5	981.5	636.5	858	-986
drug_102	548	999	925.5	799.5	1092.5	-1262
drug_103	-881.5	-1069.5	909.5	668.5	-847	840.5
drug_104	520	877	884.5	-1042.5	934.5	-1197.5
drug_105	-542.5	-886.5	-886.5	-868	-916	-1004
drug_106	-780	-991	980.5	736.5	994.5	-927
drug_107	-821.5	-1032.5	972.5	-896	-1143	-978
drug_108	517.5	946.5	968.5	638.5	1043	-1172.5
drug_109	429	850	836.5	692.5	831.5	-901
drug_11	258	-984.5	790.5	848.5	1037.5	992.5
drug_110	-733	832	990.5	1126	-1001	1087
drug_111	682	751	693.5	1192	-913	-1045
drug_112	810.5	-981.5	966.5	1138	-1168.5	-1142.5
drug_113	1215.5	1303.5	-847.5	1271	-1112	-1068
drug_114	-762	897.5	975.5	1118	-1069	-1106
drug_115	758	848	901.5	1004	-1003	920
drug_116	786.5	-1033	982.5	889	-1178	-1014
drug_117	-879	-922	-808.5	1185	-1252	-1177
drug_118	764	825	871.5	1028	-1011	-1015
drug_119	934	1082	1021.5	1021	971	896
drug_12	-1322	-1374	-1140.5	895	994	964
drug_120	695.5	-936.5	894.5	1102	-1071	-1052
drug_121	-834.5	-941.5	860.5	1110	-1087	-1158
drug_122	-839	-983	-784.5	1166	-1119	1078
drug_123	785.5	-945	1022.5	1087	-1129	1036
drug_124	755.5	-996	873.5	1125	-1176	1037
drug_125	-851.5	-1061.5	1016.5	1124	-1211	1148
drug_126	-776.5	-941.5	841.5	-1134	-1184	-1065
drug_127	-585	-953	-726.5	990	-1047	972
drug_128	1142.5	1237.5	1213.5	1215	1151	1344
drug_129	805.5	-1017.5	985.5	966	-1143.5	-1013.5
drug_13	-753.5	-1181.5	-1133.5	1068	-1021	-1376
drug_130	715.5	887.5	914.5	901	-1049	-1042
drug_131	683	-913.5	-848.5	1074	-1114	1004
drug_132	-793.5	-1042.5	-869.5	919	-1190	-977
drug_133	728.5	907.5	946.5	924	-795	986
drug_134	-802	-1019	-873.5	-1160	-1245	964
drug_135	705.5	-986	880.5	1107	-1089	1049
drug_136	1132.5	1234.5	1222.5	1222	1150	1356
drug_137	746.5	-882	818.5	975	-953	861
drug_138	-735.5	-907.5	866.5	1127	-1058.5	1003
drug_139	748.5	867.5	-856.5	-1001	-1067.5	-976
drug_14	525.5	-873.5	731.5	943.5	970.5	917.5
drug_140	691.5	922.5	983.5	807	-1006	965
drug_141	-816.5	-1010.5	953.5	-1156	-1054	1100
drug_142	459.5	547.5	-744.5	1143	-910	-1335
drug_143	-592	472	-612.5	1204	-890	-1174
drug_144	-768	-856	-740	1127	-981.5	1054
drug_145	734.5	960.5	-746.5	877	849.5	-1379
drug_146	741.5	965.5	-737.5	-886	-939	-1366
drug_147	517.5	621.5	-703.5	1141	-1166	-1172
drug_148	435.5	543.5	-733.5	1164	846.5	-1368
drug_149	-640.5	579.5	-748.5	1136	-1157	-1302
drug_15	-784.5	-1240.5	-1134.5	-1140	-1099	-1306
drug_150	527.5	568.5	-721	1186	-872	-1387.5
drug_151	726.5	958.5	-733.5	-1043	-918	-1349
drug_152	685	918	-737.5	849	-866	-1380
drug_153	472.5	570.5	-723.5	1140	-888	-1373
drug_154	-720	511.5	-747.5	1122	-1096	-1334
drug_155	-568	509.5	-730.5	1152	-946	-1368
drug_156	-550.5	475.5	-780.5	-1140	-1003	-1264
drug_157	-455	483.5	-721	1171	-847	-1389.5
drug_158	342.5	486.5	-701.5	-1317	-938	-1235
drug_159	-463.5	596.5	-696.5	1161	-1036	-1218
drug_16	508.5	711.5	699.5	-961	920	989
drug_160	513.5	538.5	-694.5	1181	-947	-1279
drug_161	474.5	540.5	-671.5	1172	826.5	-1297
drug_162	489.5	545.5	-737.5	1168	-1062	-1342
drug_163	738.5	956.5	-733.5	869	-872	-1379
drug_164	321.5	529.5	-686.5	-1171	-901	-1261
drug_165	314.5	593.5	-742.5	-1033	-972	-1291
drug_166	556.5	742.5	-722.5	1178	842	-1371
drug_167	706.5	1003.5	-740	-1093.5	995.5	-1336.5
drug_168	399.5	624.5	-698	1123	845.5	-1243.5
drug_169	401.5	581.5	-698	1158	-978	-1232.5
drug_17	-778.5	-1239.5	-1142.5	-1104	-1057	-1303
drug_170	335.5	603.5	-754.5	1103	847.5	-1305
drug_171	-668	-834	-711.5	1198	-888	1120.5
drug_172	-723	-955	753.5	1152	-817	1294.5
drug_173	483	-859	714.5	983.5	919.5	1034.5
drug_174	-636	-1108	-852.5	1113.5	984	1086.5
drug_175	-764	-1043	911.5	-973	-1079	-960
drug_176	1023	1086	1209.5	1330	1230	1462.5
drug_177	824	967	767.5	741.5	941.5	762.5
drug_178	-840.5	-1158.5	-881.5	969.5	-1031	1123.5
drug_179	-776	-1091	-858.5	1028.5	-1087	1046.5
drug_18	-834.5	-1300.5	-1138.5	-1167	-1308	-1236
drug_180	917.5	1067.5	-870.5	794.5	1299	-1037
drug_181	792	881	-704.5	784	951	831.5
drug_182	-613.5	-868.5	637.5	1148.5	-829	1033.5
drug_183	1018	1082	1207.5	1333	1227	1460.5
drug_184	522	661	628.5	1228.5	826.5	1175.5
drug_185	845	954	695.5	-895	992.5	-954
drug_186	514	-830.5	727.5	1013.5	991.5	1015.5
drug_187	823	-1025	849.5	781	1051	853.5
drug_188	-597	-1040	811.5	1167	-981.5	1216.5
drug_189	-416	-817	686.5	1094.5	-758.5	1105.5
drug_19	514.5	652.5	733.5	756	892	1021
drug_190	801	-984	751.5	-945.5	978	843.5
drug_191	1235.5	1351.5	1192.5	-1138	1510	-1076
drug_192	-947.5	-1072.5	747.5	-1014	-969	-928
drug_193	797	-1130.5	828.5	-840	-1160.5	849.5
drug_194	-781	-1060	799.5	1166	-1044	1282.5
drug_195	1024	-1102.5	1216.5	1334	1236	1464.5
drug_196	-811.5	-1114.5	891.5	1043.5	1170	1172.5
drug_197	841	-958.5	735.5	-1066	1043	855.5
drug_198	1046	1119	1204.5	1304.5	1202.5	1427.5
drug_199	-638	-639	708.5	1128.5	663.5	1127.5
drug_2	286	-908.5	-853.5	867	1026.5	876
drug_20	-770	-1216	-1141.5	-1032	1015.5	-1252
drug_200	-573.5	-992.5	-718.5	1236	-859.5	1150.5
drug_201	-561	-655	746.5	1070.5	-644.5	1218.5
drug_202	1040	991	-578.5	1529.5	-855	851.5
drug_203	-550.5	-590.5	723.5	1058.5	-588	1214.5
drug_204	1057	1017	-640.5	1480.5	-890	-871
drug_205	-606	-631	809.5	1311.5	781.5	1444.5
drug_206	1053	1026	-493.5	1429	-693	820
drug_207	-655	-565	701.5	1323.5	-654	1338.5
drug_208	931	1012	905.5	734.5	1038.5	772.5
drug_209	837	893	-772.5	796	831	-917
drug_21	570.5	836.5	781.5	1167	1032	976
drug_210	1025	980	-690.5	1498.5	-860	-954
drug_211	842	904	-832.5	797	-1004	-1102
drug_212	-512	-665	-817.5	1226	-726	1071
drug_213	-444.5	-432.5	647.5	1390.5	590.5	1249.5
drug_214	1008	967	-632.5	1537.5	-792	-957
drug_215	767	800	770.5	745	871	922
drug_216	1023	984	-535.5	1474.5	-839	864.5
drug_217	1035	998	-597.5	1495.5	-920	-863
drug_218	763	754	743.5	-920	826.5	959.5
drug_219	1030	995	-495.5	1473.5	-806	868.5
drug_22	-1037	-1211	-1238.5	-970	-989	-1141
drug_220	1055	1031	-543.5	1428	-794	-853
drug_221	1048	1004	-500.5	1455.5	-557	847.5
drug_222	1089	1090	-695.5	1404	-1034	-808
drug_223	1061	1015	-637.5	1474.5	-683	819.5
drug_224	471	553	749.5	1205	682	946
drug_225	732	724	698.5	971	810	842
drug_226	770	796	-613.5	907	820	930
drug_227	-498.5	-533.5	-681.5	1304.5	-795	1290.5
drug_228	796	801	700.5	785	897	916
drug_229	942	923	1218.5	1387.5	1083.5	1617.5
drug_23	407	-891.5	-903.5	886	-874	-938
drug_230	1041	993	-638.5	1530.5	-927	856.5
drug_231	627.5	901.5	-546.5	-1424	922	-961
drug_232	804.5	1100.5	1181.5	1464.5	1413	1383.5
drug_233	275.5	562.5	-542.5	1430.5	760	994.5
drug_234	674.5	944.5	-588.5	-1382	-946	-1019
drug_235	711.5	1000.5	665.5	1053.5	1206	-975
drug_236	689.5	953.5	-547.5	-1373	883	-995
drug_237	598	859	-533	-1361.5	868.5	-1012.5
drug_238	-766	540	623.5	1408	-868	1067
drug_239	458.5	729.5	-562.5	-1386	-985	-1018
drug_24	-815.5	-1282.5	-1103.5	653	-1008	-607
drug_240	-672	688.5	754.5	-1282	914	976.5
drug_241	-422.5	631.5	543.5	1412.5	-868	985.5
drug_242	707.5	992.5	643.5	-1421	1143	-972
drug_243	-333.5	615	613.5	-1436	-818	930.5
drug_244	651	601	750.5	-1183	-892	1145
drug_245	-766	979	672.5	-1134	972	-962
drug_246	-368.5	590	522.5	1468.5	709.5	978.5
drug_247	-542	730.5	719.5	1383.5	924	1060.5
drug_248	671.5	979.5	629.5	-1417	1117	-969
drug_249	541.5	833.5	-554.5	1437.5	798	-977
drug_25	1249	1338	-762	1191	-671.5	-960.5
drug_250	224.5	635.5	551.5	1402.5	872	1021.5
drug_251	646.5	937.5	-582	-1418.5	1013	-1011.5
drug_252	337.5	679.5	601.5	-1393	-798	951.5
drug_253	-210	467.5	-537.5	1372.5	750	1031.5
drug_254	665.5	967.5	-588.5	-1356	1043	-978
drug_255	312	612	633.5	1438.5	-924	1057.5
drug_256	668.5	959.5	-582	-1283.5	964	-995.5
drug_257	686.5	978.5	-536.5	-1165	951	-980
drug_258	337	647	697.5	-1419	-881	987.5
drug_259	-621.5	-764.5	694.5	1333.5	837.5	971.5
drug_26	1259	1347	-762	1182	-796.5	-1063.5
drug_260	832	873	636.5	-1068	863	805
drug_261	825	-1008.5	775.5	-1006	956	843.5
drug_262	-520.5	-864.5	906.5	-1355	823	1105.5
drug_263	837	866	728.5	-968	928	832.5
drug_264	890	938	668.5	-1317	911.5	805.5
drug_265	690	-757	919.5	-1109	805	968.5
drug_266	818	-1008	718.5	-1247	868	840.5
drug_267	570	-676	606.5	-1083	542.5	929
drug_268	1103.5	-1150	569.5	-1336	976.5	845.5
drug_269	-495	-807	658.5	-832	-596	1020.5
drug_27	1248	1337	-762	1186	-752.5	-945.5
drug_270	820	823	-626.5	-1047	696	-934
drug_271	860	896	1063.5	-1193	938	923
drug_272	819	-864.5	-635.5	-1053	804	821.5
drug_273	-423	-518	709.5	1156.5	638	1310.5
drug_274	831	841	644.5	-979	795	825.5
drug_275	866	909	571.5	-1254	862.5	782
drug_276	503	-581	902.5	-1094.5	654	1146.5
drug_277	829	851	632.5	-1289.5	895	831.5
drug_278	611	-920	-956.5	-1111	660.5	938
drug_279	935	952	885.5	-805	911	784
drug_28	809	924	838.5	-875.5	962	-846.5
drug_280	500.5	535.5	651.5	-1170	534	996
drug_281	687	824	969.5	-1063	883	978
drug_282	941	956	689.5	-719	931.5	-828
drug_283	750	-862	725.5	-1223	842	922.5
drug_284	523	697	882.5	-976	770.5	990
drug_285	-1381.5	-1208.5	1015.5	-1612	1134.5	1511.5
drug_286	1152	-1314	886.5	-1245	1189.5	900.5
drug_287	948	-1382.5	-982.5	-1292	912.5	1021.5
drug_288	-684	-758	792.5	-956	-781	1021.5
drug_289	1257	-1455	-1233.5	-1075	1228	-339
drug_29	489	749	865.5	824	957	1150
drug_290	984	994	936.5	-638.5	1089	-1165.5
drug_291	929	947	831.5	-861.5	963	-1027.5
drug_292	1040.5	1066.5	974.5	-1105	1185.5	-1115
drug_293	1012	1031	908.5	-933.5	1127	-1218
drug_294	1048.5	1114.5	998.5	-805	1240.5	-1136
drug_295	1045.5	1031.5	944.5	-850	1095.5	-1221
drug_296	1328	1340	1134.5	-716	1368	-1167
drug_297	1312.5	1331.5	1133.5	-1055	1395.5	-1197
drug_298	-922	899	787.5	-701	897	-1175
drug_299	1391.5	1402.5	1220.5	881.5	1492.5	1021.5
drug_3	-1174	-1240	-1010.5	991.5	959.5	878.5
drug_30	1241	1329	-794.5	1207	-1082	-905
drug_300	-994.5	1019	938.5	630	1034	795
drug_301	-975	1010.5	978.5	-826	829	-1124
drug_302	978.5	1016.5	830.5	694.5	1006.5	-1016
drug_303	1265.5	1291.5	1120.5	-837	1380.5	-1176
drug_304	990	1021	939.5	-757	1099	-1185
drug_305	899.5	1002.5	941.5	679.5	1017.5	-1065
drug_306	982	1039	922.5	-700.5	1056	-1288.5
drug_307	938	1015	952.5	-888	1015	-1262
drug_308	973	1033	994.5	576	1144	-1186.5
drug_309	954.5	1028.5	899.5	692	1085.5	-1135.5
drug_31	662	871	864.5	-690.5	958.5	-997.5
drug_310	965.5	1010.5	959.5	-769	1123.5	-1075
drug_311	1052.5	1117.5	992.5	723.5	1154.5	-1241
drug_312	-1014	1086.5	991.5	-693	1205.5	-968
drug_313	832	888	806.5	664	1035	-1224
drug_314	964	1048	878.5	679	1078	-1223.5
drug_315	-1041	1030.5	930.5	-877	1044.5	-1086
drug_316	941	1044	970.5	-796	1102.5	-1091
drug_317	906.5	-973	927.5	-884	-1049	-1052
drug_318	1009	1059	996.5	-875	1146	-1260
drug_319	1027	1083	967.5	-777	1087.5	-1185
drug_32	1235	1332	-757	1211	589.5	-1007.5
drug_320	-753	956	923.5	-1123.5	1059	-1084.5
drug_321	838	1104	1221.5	-1146	1301	-953
drug_322	491	775	971.5	1122	984	1063
drug_323	-821	-811	1008.5	996	922	1002
drug_324	690	972	1018.5	-1030.5	1125	-993.5
drug_325	-840	1031	1215.5	-1096.5	1204	972.5
drug_326	-948.5	898	995.5	-1063.5	1041	-981.5
drug_327	-778	764	962.5	-1187.5	898	-1022.5
drug_328	-689	928	738.5	-925.5	1043	-1044.5
drug_329	-858.5	913	867.5	-1097.5	1110	-802.5
drug_33	1250	1342	-757	1194	-713.5	-1024.5
drug_330	-783.5	811	1024.5	-1089.5	1037	-998.5
drug_331	-1372	-1409	-1181.5	-787	1286	707
drug_332	658	901	934.5	-869.5	1012	-1088.5
drug_333	676	978	929.5	-943.5	1113	-910.5
drug_334	-756.5	-705.5	652.5	1093	766	1001
drug_335	-765.5	907	755.5	-1257.5	1047	-1008.5
drug_336	-686	746	993.5	-1221.5	941	-1056.5
drug_337	-831.5	999	1014.5	-907.5	1111	-1086.5
drug_338	-889	757	964.5	899	968	-1082.5
drug_339	-863	736	958.5	-1249.5	935	-1084.5
drug_34	481	627	-767.5	943	734.5	1115
drug_340	-843.5	-794.5	1033.5	-968.5	966	1157.5
drug_341	668	971	846.5	-914.5	991	-948.5
drug_342	-824.5	1011	1113.5	-1226	1221	983
drug_343	-929.5	777	986.5	-1274.5	807	985
drug_344	-703	807	1026.5	-1077.5	1058	1047
drug_345	-803	984	1005.5	-885	1139	734
drug_346	-877	965	815.5	-852.5	1071	-1074.5
drug_347	-791	976	979.5	903	1142	-1034.5
drug_348	-803	829	779.5	-973	1116.5	-864
drug_349	-565.5	-632.5	-564	1402	-847.5	1018
drug_35	1258	1345	-762	1185	-942.5	-1055.5
drug_350	-1170.5	-1108.5	524.5	1001	865.5	811
drug_351	580	788	-555.5	-1114	915.5	-941
drug_352	-641.5	467	-552.5	1444	713.5	1005
drug_353	-769.5	-561.5	529.5	-1398	-682	1073
drug_354	-626.5	791	588.5	-1004	1018.5	858
drug_355	-943	922	1189.5	1510	1204.5	1545
drug_356	-881	961	1185.5	1455	1219	1014
drug_357	-486.5	-654.5	762.5	1396	678	1267
drug_358	758	984	1190.5	1486	1303.5	1486
drug_359	-1182	-1020	514.5	1134	-892	873
drug_36	742	941	772.5	494	960.5	-1066.5
drug_360	-1152.5	-1127.5	621.5	1334	-1014	1105
drug_361	533	757	500.5	-1393	806.5	789
drug_362	-908.5	-699.5	-566.5	1393	719.5	1100
drug_363	-692.5	-494.5	493.5	1453	550.5	1088
drug_364	-786.5	413	-526.5	1468	756	1044
drug_365	-775	-670	-565.5	1457	-831	1102
drug_366	-715	791	498.5	-1379	696.5	-857
drug_367	-808.5	-782.5	-603.5	1400	-868	1062
drug_368	578	789	-567.5	-1195	817	790
drug_369	-734	-568	566.5	1425	-636	984
drug_37	577	764	777.5	785	882	1081
drug_370	537	763	526.5	-1409	882	-824
drug_371	-579	690.5	487.5	-1444	641	904
drug_372	-769.5	746	499.5	-1404.5	799	846
drug_373	-802	947	1183.5	1482	1286.5	1485
drug_374	-814.5	-757.5	-595.5	-1351	-884	-752
drug_375	-717.5	-555.5	-593.5	1428	640.5	1008
drug_376	-535.5	-740.5	619.5	1373	-630	1233
drug_377	1389	1436	1180.5	-1339	-1573	928
drug_378	-826.5	-785.5	720.5	1370	894.5	1265
drug_379	773	808	-688.5	-1077	-998	-1045
drug_38	534	704	-708.5	729	742.5	1055
drug_380	775	781	-792	900	889	-1235.5
drug_381	-324.5	-357.5	-792	1278	-793.5	-1221.5
drug_382	787	751	-687.5	-1273	-921	-1132
drug_383	-319.5	-389.5	-725.5	1103.5	-667	-1185
drug_384	354	-441.5	-792	971	-878.5	-1161.5
drug_385	-635.5	-600.5	576.5	1014.5	671.5	987.5
drug_386	-499	-554	-731.5	-1145	-1009	-1103
drug_387	349	-504.5	-750.5	-1245	-932	1069
drug_388	-454.5	373	-735.5	-974	759	-1173
drug_389	-366	-533	-728.5	-1225	-993	-1111
drug_39	718	897	826.5	-895	886	-773
drug_390	796	814	-800.5	-814	1015	-1220
drug_391	816	859	-811.5	-1153	-1058	-1120
drug_392	746	762	-807	-1091.5	-1017.5	-1148.5
drug_393	795	834	-805.5	-1018	-1108	-1141
drug_394	-417.5	-462.5	-792	-1128.5	-1028.5	-1138.5
drug_395	-368.5	-376.5	602.5	1222	-870	-1142
drug_396	1037	1076	1200.5	1318	1369	1443
drug_397	408	397	-644.5	-1086	-841	-1217
drug_398	757	783	-807	893	-1047.5	-1159.5
drug_399	811	815	-810.5	-900	926	-1238
drug_4	-366.5	728	-812.5	923	991.5	-1121
drug_40	1256	1344	-702.5	1184	-630	-982
drug_400	339	-465	-799	1104	-965.5	-1206.5
drug_401	-1137	-1105	-1173.5	-1579	758	1225
drug_402	452	-379	-682.5	1181.5	-735	-1165
drug_403	755	768	-724.5	-1030	-890	-1164
drug_404	462	409	-799	-1041.5	-938.5	-1212.5
drug_405	915.5	1009.5	-714.5	-1173	1028	-971
drug_406	762	761	-804.5	-1091	-885	-1241
drug_407	1014	1054	932.5	-883	-1073.5	-1268
drug_408	1022	967	-880.5	-946	-1157	-1375
drug_409	1212.5	1216.5	-902.5	-474	1239	-1060
drug_41	720	870	-751.5	-903	804	-851
drug_410	780	840	-861.5	777	-1050	-1234
drug_411	1246	1258	907.5	-947	-1102	-1051
drug_412	923.5	932.5	890.5	-956	-1136	-1005
drug_413	992	950	-926.5	-890	-1251	-1143
drug_414	931.5	984.5	947.5	-829	-1264	-1050
drug_415	1174	1188	-876.5	-884	-1223.5	-1304
drug_416	1271	1267	-815	-559.5	1065	-1334.5
drug_417	1277.5	1256.5	945.5	-809	1343	-1250
drug_418	1251	1285	900.5	-801.5	1082.5	-1239.5
drug_419	1010	1026	961.5	782	921.5	-1132
drug_42	1233	1325	-778	1210	-980.5	-692.5
drug_420	1142.5	1151.5	-933.5	-857	1252	-1102
drug_421	1023	973	-884.5	-1017	-1213	-1299
drug_422	1231	1246	-867	-590.5	968.5	-1173.5
drug_423	1253	1265	851.5	-747.5	1024.5	-1351.5
drug_424	1273	1288	872.5	-1040	-1120	-1245
drug_425	1244	1266	-867	-867.5	-1140	-1242.5
drug_426	1259	1262	-828.5	-618	1012	-1176
drug_427	1229	1242	-876.5	-780	-1104	-1239
drug_428	960	1033	898.5	-1032.5	-1139	-1253.5
drug_429	989	1000	921.5	766	-996	-1228.5
drug_43	769	889	896.5	-866	1014	-958
drug_430	964	961	-893.5	-1035	-1062	-934
drug_431	1256	1261	-867	-859.5	-1182	-1167.5
drug_432	919	939	-878.5	-818	-996	-1356
drug_433	1247.5	1296.5	950.5	-834	1333.5	-1296
drug_434	720	855	802.5	-699	-762	-931
drug_435	1223	1274	-911.5	-914	-1165	-1200
drug_436	878.5	1089.5	1042.5	-826	1212.5	-923
drug_437	-421.5	756.5	876.5	-931	853	1006.5
drug_438	329.5	738.5	956.5	-892	859	1057.5
drug_439	339	660	913.5	1003.5	-716	1092
drug_44	564	753	895.5	-754	964	1111
drug_440	-377	657.5	1001.5	-1160	675	1140.5
drug_441	-518	866.5	999.5	-1028	950	974.5
drug_442	-287.5	-526.5	611.5	-953	592	1102.5
drug_443	-1012.5	-1465.5	-984.5	-1126	1040	1159
drug_444	-1195.5	-1192.5	-989.5	-1319	932.5	1160.5
drug_445	-959	-1223	-1130.5	1008	-1107	-1332
drug_446	-834	-1294	-1178.5	-1125	-1164	-1075
drug_447	912	1205	-469.5	1358.5	-816	605
drug_448	-351	667.5	875.5	958.5	640	1108.5
drug_449	-821.5	-907.5	1036.5	-1144	1048.5	1051.5
drug_45	533	679	869.5	934	829.5	1089
drug_450	-344	-601	868.5	854.5	596	1110.5
drug_451	-478	670.5	808.5	993.5	637	1001.5
drug_452	-1082	-1506	-1161.5	-1192	922	672
drug_453	267.5	559.5	757.5	911.5	599	1074.5
drug_454	352.5	718.5	893.5	935.5	686	1059.5
drug_455	-770	-787	924.5	910.5	-810	1146.5
drug_456	358.5	772.5	780.5	-825	845	918.5
drug_457	948.5	1260.5	460.5	1350.5	-567	-778
drug_458	954.5	1262.5	457.5	1342.5	531	-751
drug_459	-361.5	635	789.5	1113.5	752	1063.5
drug_46	715	809	-762	-927.5	-833.5	-841.5
drug_460	939.5	1245.5	-462.5	1345.5	-690	-629
drug_461	347.5	782.5	861.5	774.5	875	963.5
drug_462	557.5	965.5	1002.5	-854	936	-955
drug_463	-527	-692	742.5	-960	664	1123.5
drug_464	-342.5	728	752.5	1012.5	791.5	897.5
drug_465	-455	600	810.5	-1155	750	1074.5
drug_466	-954	-935	-930	864.5	-861.5	-1087.5
drug_467	-1104	-1156	-1101.5	-1118	-1153	-931
drug_468	772	-1039.5	-705.5	646	-616	886
drug_469	-950	-945	859.5	-875	-581	947.5
drug_47	1284	1370	1010.5	1231	-898	-878
drug_470	-1237	-1360	-1124.5	-944	-1197	-916
drug_471	-999	-939	-651.5	982	-591	1077
drug_472	-885	-984	-741.5	1085	-526	1296
drug_473	894	930	-923.5	657.5	789.5	-1000
drug_474	-902.5	-1072.5	-917.5	715	-918	1006
drug_475	-747	-1057	935.5	766	-855	1063
drug_476	-755	-1120	-922.5	823	-891	-937
drug_477	-1026.5	-1206.5	-917.5	691	809	867
drug_478	-1052	-1221	-935.5	603.5	-793	-741
drug_479	-809.5	-1078.5	-917.5	672	-1056.5	830
drug_48	523.5	-699	763.5	-1081.5	826	791.5
drug_480	838	-948	-909	684	783	868
drug_481	1052	-1114.5	1119.5	759.5	1061.5	-919
drug_482	-926	-1094	963.5	889	-919	915
drug_483	-856	-901	-910.5	677	-797	-905
drug_484	892	944	-927.5	673.5	-714	-1060
drug_485	-695	-843	-917.5	916	-793.5	1049
drug_486	1055	1095	1203.5	1097	1052	1413
drug_487	-823.5	-947.5	-796.5	1086	-656	1193
drug_488	-889.5	-1016.5	-917.5	757	-738.5	995
drug_489	-939	-897	-917.5	796	-765.5	1110
drug_49	1247	1339	459.5	1345	778	-641.5
drug_490	-913	-1012	-829.5	-690	-735	820
drug_491	-1008.5	-1186.5	-917.5	974	-954.5	1025
drug_492	888	-990.5	-930	655.5	-810.5	-1074.5
drug_493	844	-951	-906.5	644	897	-931
drug_494	-1510	-1548	1237.5	1022	-1369	1414
drug_495	-615	-735	874.5	887.5	743.5	1133.5
drug_496	-860	-942	-909	1096	642	1237
drug_5	-747	-1091	-769.5	961.5	1115.5	993.5
drug_50	1231	1318	-545.5	1216	-719	-713
drug_51	471	-881.5	681.5	-1090.5	-894.5	1096
drug_52	-909.5	-762.5	954.5	914	1006	1143
drug_53	-932	-1241	-1098.5	-1247	-1346	-981
drug_54	631	881	852.5	-823	923	776
drug_55	575	-809.5	-654	-1026.5	-848.5	777
drug_56	676	762	-559.5	-1002	741	-898
drug_57	663.5	751.5	-642	-719.5	744	-923.5
drug_58	521.5	-810.5	732.5	-1056	-789	1086
drug_59	-727.5	-770.5	-605.5	-519	725	741
drug_6	293	768	-743.5	922.5	935.5	-1036
drug_60	692.5	834.5	578.5	-1151	831	683
drug_61	942.5	1055.5	-654	-542.5	949	654
drug_62	1272	1359	-617	-1218.5	-951.5	-714.5
drug_63	627.5	757.5	-654	-1152.5	-830.5	-921.5
drug_64	-734	-796	740.5	802	946	1052
drug_65	478	-723.5	614.5	-857	-765	974
drug_66	655.5	-849	-666.5	-1110	-950	-775
drug_67	1318.5	1421.5	-657.5	1184	-963	-807
drug_68	465	-804	-600.5	-1015	-904	966
drug_69	1274.5	1369.5	-628	-1148.5	-973	-757.5
drug_7	-828	-836	-1011.5	944.5	898.5	968.5
drug_70	895	983	589.5	-1117	-866	-686
drug_71	1246	1323	-558.5	1189	-758	-834
drug_72	992	1080	-679.5	-1012	907.5	-946
drug_73	652.5	823.5	706.5	-937	781	-821
drug_74	673	783	-604.5	-999	-926	-855
drug_75	1229	1314	-615.5	1213	-966	-937
drug_76	1282.5	1381.5	-654	-1150.5	-931.5	-944.5
drug_77	-792	-862	-645.5	513	-942	692
drug_78	1283.5	1363.5	-619.5	1144	-840	-957
drug_79	-1133.5	-1277.5	-1091.5	-1126	1228	-442
drug_8	321	859	-887.5	913	1130.5	-1017
drug_80	-831	-921	622.5	-651	-819	730
drug_81	995.5	1119.5	-628	-1216.5	961	-791.5
drug_82	-614	936	892.5	660	896	-1204
drug_83	-569.5	911.5	955.5	-873	-898	-865
drug_84	-431	-946	-844	-761.5	869.5	-1089.5
drug_85	-974	-1100	-834.5	803.5	996.5	876.5
drug_86	-631	-1043	-859.5	-1133	-1042	-1004
drug_87	-634.5	-959.5	976.5	774.5	960.5	-987
drug_88	435	-985	773.5	-799	-858	-848
drug_89	-933.5	-1134.5	862.5	851.5	1040.5	786.5
drug_9	962	1373	1191.5	1005.5	1535.5	-1016
drug_90	-515.5	-1093.5	917.5	752.5	939.5	-935
drug_91	-518.5	-1087.5	912.5	-961.5	-1152.5	-926.5
drug_92	-629.5	-947.5	989.5	-1035	-1007	-1088
drug_93	539	-975.5	910.5	896.5	1078.5	-1071
drug_94	-609.5	-1053.5	1009.5	679	-985	-920
drug_95	-874.5	-1132.5	1012.5	1001.5	-1178	978.5
drug_96	-706.5	-1096.5	1017.5	737.5	1178.5	-904.5
drug_97	-700.5	-1102.5	-897.5	1060.5	1022.5	-965
drug_98	-641.5	-999.5	928.5	-909	-1096	-1168
drug_99	-908	-1110	943.5	806.5	882	855.5
Acebutolol	-1433	-1436	1127.5	-173	-879	368
Acetylsalicylic_acid	1463	1448	1179.5	-713	1517	-822
Alprenolol	-1489	-1502	-1217.5	-858	-1342	-910
Amiloride	1420	1413	1084.5	671	1532	-938
Amlodipine	-1534	-1501	-1237.5	1430	1486	806
Atenolol	1007.5	-849.5	1061	1133	-928.5	1044
Atorvastatin	807	-772.5	1212.5	1427	868	-1009
Benazepril	1480	1492	1241.5	-1016	1081	-957
Bendroflumethiazide	904	-655	-1107.5	-475	-646	1009
Betaxolol	1111	1027	1000.5	525	846	-978
Bezafibrate	-1488	-1076	-1240.5	-1317	-997	-1095
Bisoprolol	1191.5	797.5	1167.5	-934	852	-1478
Bumetanide	-1387.5	853	-1066.5	-1541	-878	427
Canrenoic_acid	1409	1450	-1192.5	-975	-988	-274
Captopril	1362	1361	1159.5	-742	941	508
Carteolol	-1514	-1517	-1214.5	716	-1527	1042
Carvedilol	1469.5	1481.5	1228.5	-860	1052	-1041
Cerivastatin	-1445	-1438	-1151.5	912	-1377	940
Chlorhexidine	-1094	746.5	-1108.5	-950	843	-885
Chlorthalidone	-1059	-847	-1216	-932	-938	-1001
Cilnidipine	-1286	-1300	1160.5	338	778	786
Cilostazol	-1388	-1395	-1067.5	-390	-1098	-843
Clofibrate	1276	802	1037.5	988	977	-942
Clopidogrel	-1351	-1349	1177.5	1548	1038	977
Cyclopenthiazide	1484	1480	1091.5	-339	-802	-1103
Digoxin	-1209	979	-1053.5	-606	-843	-1175
Dipyridamole	-1560	-1563	1089.5	1220	-1594	977
DNB10063341	1271	-938	1210.5	1047	994	1210
DNB10108190	-1109.5	-777.5	-953.5	989	-724	820
DNB10133	-1321	-1351	1083.5	799	-1378	-736
DNB1013376	-1278.5	-848.5	-1149.5	-1196	-923	-1052
DNB10135759	-1391	-1384	-1094.5	-1007	-1467	-750
DNB10204	-1540	-1543	-1096.5	1086	-1317	906
DNB102175	993	-718.5	1043.5	-695	862	1090
DNB102614	1251	689	1094.5	808	954	883
DNB10311918	-979.5	-769.5	-896.5	-844	-670	891
DNB10365	-966	-585	1029.5	-818	716	1213
DNB10531	-1269	988	-1092.5	-1450	1340	-1385
DNB10607	-1190.5	-986.5	-1223.5	-1297	-938	-995
DNB10631	-1624	-1623	-1212.5	-826	-1635	1060
DNB10767	-946	1037	-898.5	1025	-353	-1006
DNB107715	-1380	-1369	-1002.5	1066	-526	-613
DNB107905	-1391.5	-1361.5	-1172.5	-802	1081	-810
DNB108092	-1354	-868	-1207.5	-1023	425	864
DNB10932412	-1433	-1429	-1114.5	747	-830	1095
DNB11003969	-1189	-646	-981.5	-954	-642	510
DNB11072143	1274	1270	933.5	-961	-786	454
DNB11207937	-1377	-1376	1232.5	1052	-1410	1119
DNB11292680	-958.5	-774.5	-1078.5	1134	-894	-1215
DNB11575713	1473	1424	-1232.5	-1412	1493	-955
DNB11626927	1447	1451	-1184.5	1240	1540	-930
DNB11634725	-1161.5	-964.5	-1199.5	-816	-1021	1379
DNB1172104	1534	1542	1225.5	776	-832	828
DNB11723560	-1388	-1387	1217.5	662	-1436	1100
DNB119192	-1264	-912	1103.5	-764	-998	710
DNB119198	1477.5	1485.5	1242.5	825	-1435	909
DNB119565	-1163.5	759	1219.5	1067	923	980
DNB1219	1357.5	-1312	1206.5	-806	-1172	674
DNB122623	-1419	-1404	949.5	-1538	-1438	849
DNB123662	1152	-893	1085.5	655	-775	1032
DNB124735	-1515	-1509	-1179.5	-932	-699	996
DNB124846	943.5	-866.5	-1191.5	-895	-919	-1557
DNB128737	1331	1282	1131.5	569	1485	767
DNB132887	-1217	-1038	-1187.5	1181	-943	-1068
DNB135398661	-1339	-1204	1151.5	251	832	995
DNB136235688	-1454	-1464	1172.5	1198	-1177	1021
DNB137	-1525	-1533	-1190.5	619	-1581	867
DNB13791	-1464	-1469	-1162.5	-785	-1382	954
DNB13817	-1597	-1595	-1242.5	-814	-1105	846
DNB14709	-1261	-755	-1057.5	-662	-1010	930
DNB1474853	1296	1055	1123.5	-917	884	787
DNB15209	-1297.5	814	-1221.5	873	998	1266
DNB1560	-1573	-1568	-1174.5	-816	-1327	1064
DNB156314	-1515	-1521	1238.5	-816	882	1040
DNB1564	1384	963	1243.5	1215	953	-920
DNB15897	1588	1563	1140.5	1045	-829	-730
DNB160588	-1479	-1460	-1099.5	-804	-1185	906
DNB163332	-1209	852.5	-1147.5	-1483	865	-1093
DNB1645	-1552	-1553	-1203.5	-819	797	785
DNB165214	-1279	-1260	-1045.5	674	-842	931
DNB16720766	-1238	-1034	-1213.5	-841	1392	-986
DNB16757524	-1358	-1371	1079.5	373	-1395	724
DNB16759925	-1352.5	-781.5	-1127.5	-857	-1051	1087
DNB16760588	-1221	-1152	1020.5	-923	755	1114
DNB16760634	1585	1581	-1129.5	-965	-769	-877
DNB16760682	1287.5	805.5	1169.5	-681	942	1064
DNB167715	-1290.5	-1259.5	-975.5	-1018	-1338	982
DNB168868	1229.5	758.5	1136.5	-843	877	557
DNB1694	-1261	982	1038.5	733	-783	905
DNB17534	925	846	-1113.5	-654	1208	-1121
DNB17759555	-1228.5	-1030.5	-1244.5	-1254	-977	-800
DNB1797	-1251	-1253	1173.5	1078	963	1064
DNB180081	-1256.5	888	1128.5	-1575	961	1016
DNB1893	1545	1546	1244.5	945	1631	877
DNB1901244	1514	1518	1208.5	930	1614	-1314
DNB194138	-991	985	1055.5	822	-1110	1005
DNB197835	-1334	-1316	1235.5	-1139	1058	-784
DNB199472	-1334	-970	-1209.5	-1532	-888	1083
DNB2046	-1434	-1457	1223.5	1415	899	893
DNB2048	-1042	-816	-1131.5	-1262	-804	-1040
DNB2049	1197.5	1168.5	984.5	-685	700	385
DNB2051	-1332	-1338	1047.5	654	-1394	-791
DNB2052	-1329	-1322	1025.5	1257	-1348	910
DNB2061	1415	1423	-1231.5	-1184	1018	-953
DNB2063	1337.5	873.5	1087.5	1522	-946	-946
DNB220184	975.5	-632.5	1164.5	1042	906	1356
DNB222528	-1031	-618	-1027.5	-502	-1038	-1016
DNB2229	-1224.5	-801.5	-1074.5	-735	-724	896
DNB224859	-1428	-1426	1110.5	918	-1454	759
DNB2249	1007.5	-849.5	1061	1133	-929.5	1044
DNB23275476	-1121.5	1165.5	1186.5	955	1000	927
DNB2336	1403	1426	1086.5	565	1524	-983
DNB23748511	-768.5	-733.5	-1110.5	-484	-761	1013
DNB2396	-1492	-1489	-1180.5	609	-1221	860
DNB2399	905	861	1105.5	766	894	466
DNB24140566	-1226.5	1095	-1115.5	-447	1336	-834
DNB24288	-1481	-1483	1156.5	932	-931	978
DNB24707	-1417	-1413	1088.5	-937	-1479	739
DNB24861442	1360	1347	-1009.5	-363	890	-453
DNB25035942	-1098.5	-893.5	-1109.5	774	-1190	753
DNB25044204	1483	1463	-1175.5	-734	1504	-741
DNB25062766	1360	1361	-1220.5	-1054	1038	-1129
DNB252682	-1303	-1291	-970.5	99	-658	724
DNB2603	-1511	-1515	1102.5	1183	-1222	-872
DNB2608	-1404	-1398	-1158.5	-759	806	-875
DNB262093	-1366	-934	-1177.5	-705	-799	851
DNB2724	1459	1443	1175.5	659	904	-1218
DNB2725	-1410	-1380	-1146.5	876	-791	1011
DNB2726	-1167.5	-693.5	1099.5	-417	756	-954
DNB2729027	-1441	-830	-1205.5	-787	-865	1003
DNB2732	-1059	-847	-1216	-932	-938	-1001
DNB2733529	-1085	694.5	1174.5	-887	818	-734
DNB2736301	-1424	-1433	-1171.5	-864	-1095	1124
DNB2743956	1586	1562	1148.5	998	-1007	-524
DNB2744062	-1154.5	833	-1073.5	1431	-874	766
DNB27924	-1433	-1018	-1225.5	-1476	-1327	994
DNB2807869	1203	1079	-1048.5	-901.5	-1388	-1105
DNB2817908	-1279.5	-791.5	-932.5	-336	-978	836
DNB2837530	1537	1535	1069.5	-892	-931	-705
DNB285033	-1405	-907	-1219.5	-676	-1152	-1616
DNB2941	1369.5	1009.5	-1193.5	978	-1231	-944
DNB3000667	-1338	-1324	1100.5	524	879	-695
DNB3035026	891.5	391.5	-938.5	920	-695	-1074
DNB3044	-1326.5	-848.5	-1229.5	1519	885	1106
DNB3065	-1269	1192	1066.5	1312	-655	750
DNB3066	-1478	-866	-1210.5	-1609	-1074	-988
DNB3071	1524	1525	-1117.5	826	-1091	-1017
DNB3246023	1430	1438	1214.5	-506	902	-1190
DNB3262	1497	1484	-1083.5	1467	1521	-196
DNB3330	1353	1341	-1206.5	-1073	-1036	-1183
DNB3337816	1338	864	1193.5	-1529	1000	-848
DNB3394	840	754	1205.5	-333	813	-944
DNB34677	1177.5	839.5	-962.5	-930	852	-895
DNB3473393	1132	963	-1165.5	-964	-859	-1023
DNB3493	-1000	-812	821.5	-1054	595	1085
DNB3571	-1384.5	-1134.5	739.5	-1557	1338	775
DNB3634881	948	943	-1200.5	1262	-777	-1038
DNB364622	1264.5	-873.5	1211.5	882	894	1104
DNB3655	-819	-797	-1100.5	1001	-837	-894
DNB3689415	-1170	-951	-1071.5	539	-924	750
DNB3689416	1555	1553	1187.5	-878	1567	-440
DNB36906	968.5	-611.5	1034.5	429	746	959
DNB3707	-1408	-1348	-1116.5	475	-717	800
DNB3712	1373	1328	-924.5	952	804	-845
DNB3785	-1275.5	1102	-997.5	-702	-973	454
DNB3799	-1316	-847	1048.5	-1035	-1365	995
DNB3856780	-1363	-1324	-1104.5	1321	-784	923
DNB39912	-1301.5	-1276.5	-950.5	960	-1328	1068
DNB4034	1560	1531	1098.5	840	960	243
DNB4140	1091	620	1070.5	608	867	-992
DNB4214594	1372.5	1382.5	1150.5	-524	989	893
DNB4369491	-1612	-1606	-1202.5	710	-1630	841
DNB4381125	-1548	-1548	1117.5	-863	975	-739
DNB4402	1196.5	1183.5	1072.5	437	950	-997
DNB44139710	-1579	-1576	1240.5	830	949	1104
DNB44143370	748.5	912.5	1049.5	527	873	-1259
DNB44287635	-1391	-1387	987.5	929	-1383	1009
DNB443118	-1310	-1168	-912.5	-792	973	-730
DNB44483234	1271	1258	-1105.5	-397	-898	-313
DNB44483311	-1537	-1527	-1239.5	-1487	-1135	-935
DNB44628955	978	930	1231.5	-462	867	940
DNB448055	-1534	-1540	-1126.5	450	-698	646
DNB448949	1485	1467	1129.5	-798	1010	-962
DNB45006167	-1574	-1572	-1224.5	-1575	880	1064
DNB462	-1100	-893	656.5	1095	450	1093
DNB4784	-1589	-1589	1170.5	1060	-1617	699
DNB4792	-1314	-1318	-946.5	-944	-1378	981
DNB5032	-1284	-1241	-1008.5	846	718	997
DNB5065494	-1333	-905	-1139.5	-1439	-1070	-1098
DNB5081913	-1406	-755	-1218.5	-1583	813	1111
DNB5105	1281.5	827.5	1171.5	317	872	-839
DNB51397512	1319	911	1141.5	-652	922	656
DNB5173	-939	-907	1146.5	933	1036	-848
DNB5271544	1350	860	1201.5	1378	1037	1049
DNB5281912	-1308	-1313	1138.5	580	936	1117
DNB5286534	-1619	-1620	1075.5	-1612	929	354
DNB5318998	-926.5	-697.5	-1084.5	-1483	-849	978
DNB5328760	-1356	-1340	1092.5	357	-1369	-722
DNB5328772	-951.5	-1107.5	-1196.5	957	-932	826
DNB5328804	-1097.5	-759.5	-1040.5	844	-873	-926
DNB5328807	-786	739	1198.5	-1210	829	1161
DNB5329468	1445	1454	1234.5	-1524	1065	879
DNB5360696	-1121	-919	-1007.5	-1327	-847	-973
DNB5419	-1426	-1010	-1186.5	-1546	-1369	1046
DNB54562	-1371.5	1299	-1195.5	-1501	-855	-994
DNB55445	1155.5	665.5	1147.5	879	808	-1050
DNB5614	-1364.5	-1092.5	-1166.5	-1591	-1179	-955
DNB5702040	-1367	-1365	1077.5	433	-810	-794
DNB5702058	-1413.5	-1212.5	-1235.5	-1003	-1025	-1005
DNB5702072	-1367	-1331	1166.5	826	-895	1015
DNB5702093	-1362.5	-908.5	-1135.5	1001	-857	780
DNB5702126	-1545	-1525	-1245.5	-815	-970	1072
DNB5702172	1454	-997	-1201.5	1086	-941	-425
DNB57242	-1357	-1354	-968.5	-1337	-1408	-717
DNB5753	-1452	-901	-1236.5	1120	-1393	-1546
DNB5814	-1264	-793	1096.5	-829	-748	729
DNB589768	-1542	-1530	1109.5	-1447	909	864
DNB596344	-1332	-1339	1052.5	262	-729	866
DNB5991	1491	1464	-1185.5	1327	1535	540
DNB616573	1440	1440	1137.5	733	1565	649
DNB6230	-1480	-949	-1204.5	-1612	709	-782
DNB6234	-1234	974.5	-1034.5	1063	-786	-796
DNB62389	1073	-641.5	1142.5	879	935	1161
DNB62875	-1019.5	-832.5	-971.5	-835	-952	-960
DNB6439225	-1360	-1358	-1089.5	-854	-1320	941
DNB65064	-1484	-1460	-1226.5	-844	-978	-936
DNB6539732	1206	1028	1176.5	669	951	-1094
DNB6603728	1424	1423	-1156.5	1224	1523	685
DNB6603827	-1601	-1600	-1170.5	-1628	-1642	-823
DNB6603865	-1265	-1242	1031.5	402	-894	841
DNB6610217	-1367	1365	-1234.5	-1612	-961	-917
DNB6610273	-968	832	1030.5	1005	-969	-822
DNB6610319	1526	1532	1178.5	-1197	1580	-858
DNB6610326	1015.5	-914.5	-1122.5	665	856	861
DNB6610347	1445	1403	1090.5	-892	-1074	-1071
DNB6674	-1469	-1464	-1148.5	526	-1489	943
DNB669190	-1140.5	-773.5	-1164.5	1194	-909	-942
DNB6708643	-1195	-734	-1208.5	-986	790	-932
DNB6710699	1132	1103	988.5	-677	-762	-1292
DNB6710779	-1407	-979	-1222.5	980	-1021	-1269
DNB6742	-1002.5	-816.5	-1032.5	-722	-1120	-838
DNB70413	-1425	-1428	1115.5	-820	-1468	629
DNB7046	1014	882	-1211.5	1090	-818	-1011
DNB70547	1454	1452	1163.5	-874	-1308	-923
DNB71384	-1295	-1020	-1088.5	-640	-1410	-974
DNB716121	-944	-914	-1132.5	322	-832	-621
DNB7184	-1498	-1497	-1120.5	-185	-958	956
DNB72067	-1373	-1359	1199.5	-933	-1361	633
DNB72385	-773.5	-745.5	1224.5	968	813	963
DNB73707361	-1512	-1505	1229.5	1525	899	931
DNB73707371	-1414	-1000	1097.5	-921	667	957
DNB73707373	-1501	-1493	-1182.5	-817	-1087	-899
DNB73707375	-1374	-1360	-1031.5	-1536	-1437	913
DNB73707416	-1249.5	867	-1076.5	-639	-787	-1321
DNB73707419	1513	1510	-1197.5	-1237	1146	-866
DNB73707560	-1041.5	-1014.5	-1123.5	1321	1247	-930
DNB73707561	1249	-839	-1183.5	-863	903	-988
DNB73707600	1355	895	-1051.5	1582	-644	-915
DNB73707601	1410	1360	-1019.5	961	-654	-936
DNB7510	1437	1446	1195	-1171	948	-1257
DNB75220	-1165	-994	-1054.5	-795	-1003	1026
DNB75919	1237	1175	1035.5	-565	1373	667
DNB817368	1454	1441	-1189.5	-1571	1004	-1021
DNB8226	1242	775	1095.5	522	980	-991
DNB838	1503	1502	-1160.5	1551	1548	-1023
DNB84029	1462	1449	1154.5	-801	925	-896
DNB9604992	-939.5	-604.5	-1058.5	-1044	-710	1150
DNB9815618	-1290	-1295	-999.5	928	-1004	-829
DNB9865652	1165.5	-980	-1228.5	1156	996	-1007
DNB9892554	-1447	-1447	-998.5	1585	-1024	-747
DNB9949093	-1515	-1510	-1125.5	524	-1468	752
Dobutamine	-894	-690	-1056.5	-986	-730	1101
Dopamine	1390.5	1028.5	-1072.5	1004	-953	-1524
Enalapril	991.5	-895.5	-1075.5	533	-745	985
Eprosartan	1323	1286	1040.5	-407	1416	-868
Esmolol	-1232.5	-666.5	-1017.5	-755	-847	1024
Etacrynic_acid	-1211	-862	889.5	693	-791	1148
Etilefrine	1604	1610	-1042.5	879	855	-200
Ezetimibe	-1408	-1405	-1176.5	766	853	938
Felodipine	1322	1267	1108.5	-1108	-889	-879
Fenofibrate	-1307	-955	1023.5	550	-1344	-726
Fenoldopam	-983.5	-952.5	534.5	-1255	-414	845
Gemfibrozil	945.5	-673	-1001.5	1089	-702	-1004
Hydroflumethiazide	1623	1625	-963.5	1570	-631	-356
Iloprost	-1108.5	-803.5	-1023.5	792	-768	-1104
Indapamide	-1236	-962	-985.5	608	-678	869
Irbesartan	1549	1536	-1153.5	1049	-935	-1148
Isradipine	1398.5	-1315	1074.5	1425	1058	374
Labetalol	1190	1134	-1157.5	636	1332	911
Losartan	1569.5	1546.5	1233.5	-919	1010	-770
Lovastatin	-1450	-1458	-1085.5	982	-848	847
Menadione	-1583	-1552	-1241.5	1524	1061	842
Mephentermine	1082	-807.5	-1143.5	764	834	-1003
Metolazone	-759.5	-863.5	-1155.5	-963	-954	-1006
Metoprolol	-1270	-1254	-1038.5	1126	-783	-859
Midodrine	-1534	-1512	-1227.5	-826	-994	-902
Milrinone	-773	740.5	1149.5	841	-908	-1209
Moexipril	-1326	-1331	-1029.5	-678	-1426	-814
Nadolol	1637	1635	1245.5	1268	838	793
Niacin	-1292	-1311	-1055.5	1458	-916	-822
Nicardipine	1375	1339	-1230.5	557	-960	-1138
Nicotinyl_alcohol	1437	1446	1195	-1171	948	-1257
Nifedipine	-1199	-750	1082.5	649	851	1113
Nimodipine	-1321	1297.5	1121.5	-837	930	650
Nitrendipine	-1326	-1333	-976.5	461	-900	902
Nitrofural	1314	1275	-1021.5	448	1440	-1257
Olmesartan	1078	-675	-955.5	891	952	528
Ouabain	-1404	-1387	-1159.5	-748	-895	1341
Oxprenolol	1489	1458	1130.5	-250	972	-799
Perindopril	1259.5	-817.5	1227.5	829	894	600
Pindolol	-1535	-1540	-1243.5	1017	-1009	1062
Piretanide	1406.5	879.5	1230.5	1004	-1008	610
Practolol	-1297.5	-893.5	1236.5	-479	895	1107
Pravastatin	851.5	-839.5	1065.5	663	-737	-1013
Probucol	1430	1412	1226.5	735	945	-1257
Propranolol	734.5	-634	-1095.5	957	-661	1449
Quinapril	1416	1391	1111.5	-752	1451	-521
Quinethazone	-1250	1253	1081.5	886	1493	-878
Ramipril	-1271	771	1067.5	996	-999	1124
Rivaroxaban	1459	1456	1239.5	689	858	-831
Rosuvastatin	-1573	-1575	1158.5	1377	1505	800
Simvastatin	1193	-966.5	-1169.5	398	-903	-699
Sotalol	-1207	-841	-1063.5	505	-941	454
Spironolactone	-1469	-1464	-1154.5	632	-1126	831
Synephrine	-1104.5	-745.5	-1111.5	-1154	845	-969
Telmisartan	1266	767	-1168.5	902	-845	-1078
Ticlopidine	-1386.5	-1388.5	-1121.5	395	-986	-737
Tienilic_acid	-1314	-1326	-1000.5	901	-1016	772
Timolol	-1194.5	-755.5	-1041.5	-1009	786	-831
Torasemide	-1596	-1593	1202.5	-906	786	-99
Treprostinil	916	622	-931.5	-410	-678	-1019
Triamterene	-1330	-1340	1028.5	932	1430	361
Valsartan	-1407	-1403	1196.5	827	-894	983
Warfarin	-1198	-830	-1194.5	-1493	-1037	1082
