ad	density	cc	spath	eigencentr	betwcentr
drug_1	-688.5	-877.5	-1110.5	926	1082	-1317
drug_10	-990	-1107	993.5	-1068	1084	-754
drug_100	-894	1032	910.5	826	-821.5	-755
drug_101	963.5	956.5	902.5	770	-748	-792.5
drug_102	1097	1032	865	966.5	756	-1194.5
drug_103	931	1058	901	726.5	-637	-889.5
drug_104	915	897	860.5	1085	738	-918.5
drug_105	759.5	1018.5	865	925.5	-626.5	-859.5
drug_106	1034.5	1039.5	858.5	1081	-691.5	-1051.5
drug_107	732	965	865	989.5	-855	-1023
drug_108	1006.5	980.5	918	1201.5	924	-999.5
drug_109	1019	1090	-877.5	990.5	-712	-1086.5
drug_11	-915	-1072	929	-1034	-881	-786
drug_110	-1198	860	954.5	-993.5	-1028	797
drug_111	-1276	932	954.5	-1331.5	-1393	747
drug_112	-1313	-979	954.5	-1293	-1316.5	816
drug_113	-1241	907.5	937	-1018	-1047.5	882.5
drug_114	-1398	-1064	961	-1237	-1367.5	807.5
drug_115	-1424	-1053	947	-1425.5	-1498.5	806.5
drug_116	-1461	-1117	968.5	-1367	-1453	715
drug_117	-1456	-1084	968.5	-1408.5	-1503	787
drug_118	-1252	1034	954.5	-986	-873	937
drug_119	-1457	-1111	904.5	-1157	-1392	758
drug_12	1005.5	976.5	-1131.5	-619.5	875	-1282.5
drug_120	-1306	-993	923.5	-1262	-1338.5	845
drug_121	-1268	-902	961	-1339.5	-1372.5	-586.5
drug_122	-1457	-1087	968.5	-1387.5	-1502	572
drug_123	-1227	986	961	-1036	-939.5	836.5
drug_124	-1302	-962	926.5	-1345	-1333	1012
drug_125	-1460	-1119	925.5	-1380	-1438.5	740
drug_126	-1493	-1146	930.5	-1335	-1445.5	808
drug_127	-1209	1112	961	-914.5	-1138	1035.5
drug_128	-1230	1021	947	-1053	-1035.5	794.5
drug_129	-1315	-990	954.5	-1259	-1364	786
drug_13	1200.5	-1306	-1043.5	-1002	1141	-866
drug_130	-1312	1041.5	968.5	-1306	-1354	755
drug_131	-1491	-1249	954.5	-1314	-1447	898
drug_132	-1342	-1023	934.5	-1272	-1378.5	945
drug_133	-1164	958.5	1061.5	-1166	-1082.5	774
drug_134	-1311	-958	968.5	-1300	-1323	960
drug_135	950	932	961	-1044	868.5	-783
drug_136	-1466	-1123	961	-1372	-1425	780.5
drug_137	-1495	-1149	947	-1354	-1441	824.5
drug_138	-1456	-1118	947	-1381	-1440.5	786.5
drug_139	-1303	-964	937	-1281	-1363	-664
drug_14	1087.5	-1302	-1206.5	-1093.5	-897	-846.5
drug_140	-1465	-1135	954.5	-1363	-1431.5	768
drug_141	-1264	901.5	940.5	-1337.5	-1364	856
drug_142	653	-1032	-645.5	524.5	846	811.5
drug_143	724.5	-992	-1201.5	615	1067	-716
drug_144	753	-756	-941.5	841	1060	-880
drug_145	693	783	-976.5	950	1029	-849
drug_146	722	-994	-853.5	675	1041	-657
drug_147	700.5	-1043	-969.5	704	970	-708
drug_148	698	-893	-904.5	804.5	872.5	-879
drug_149	713	-718	-849.5	453.5	701	-870
drug_15	1189.5	-1281	-1012.5	-1042.5	958	-789.5
drug_150	763	-1148	-1196.5	803	1080	-763
drug_151	730.5	-726	-705.5	559.5	1029.5	-917
drug_152	743.5	-674	-944.5	745.5	1074	-1082
drug_153	672	-748	-1013.5	560.5	768	-804
drug_154	677	-937	-782.5	519	1055.5	-852
drug_155	-572	-1090	-1198.5	563	962	-841
drug_156	664	-1046	-1157.5	932	1011	-923
drug_157	743.5	-1099	-1179.5	541	1077	-762
drug_158	-611	-1167	-1194.5	727	1027	-753
drug_159	739.5	-1191	-1136.5	641	882.5	818
drug_16	1075.5	-1217	-1207.5	-1081	925	-867
drug_160	-605	-1163	-1187.5	855	1063	-847
drug_161	485	-963	-1120.5	752.5	633.5	867.5
drug_162	672	-1158	-1190.5	844.5	994	-801
drug_163	778	-1035	-959.5	601.5	966.5	-850
drug_164	498	-796	-770.5	566.5	690	914.5
drug_165	533	-1008	-834.5	523.5	603.5	893.5
drug_166	644.5	-1066	-693.5	615.5	845.5	832.5
drug_167	-656	-1234	-1112.5	434	618	920
drug_168	-534	-1109	-1182.5	433	554	895
drug_169	-513	-1070	-814.5	454.5	570	965.5
drug_17	969.5	931.5	-1221.5	-715.5	931	-1192.5
drug_170	-493	-1076	-655.5	621.5	573	912.5
drug_171	-924	-1034	745	-990	-1093.5	879.5
drug_172	-984	-1083	745	-1016	-1135.5	1031.5
drug_173	-687	-822	-1125.5	-666	-752	-947
drug_174	-957	-1100	621.5	-1026	-1139.5	836
drug_175	-1111	-1227	646.5	-1099	-1206	849
drug_176	-1117	-1231	734	-1101	-1231	979.5
drug_177	670.5	926.5	-953.5	964	532	1039
drug_178	-868	-982	-1098.5	-837	-948	962
drug_179	-416	991.5	-951.5	610	-585	-964
drug_18	1195	-1234	944.5	-1000.5	-843	-849.5
drug_180	-869	-981	-1083.5	934	-951	964
drug_181	-1110	-1225	745	-1103	-1220	1036.5
drug_182	576	832	-862.5	856.5	761.5	937.5
drug_183	-1026	-1137	-1035.5	-1027	-1164.5	797
drug_184	-1088	-1199	803.5	-1088	-1194	954
drug_185	-1017	-1127	-998.5	-1039	-1162	1083.5
drug_186	-790	-931	706.5	-854	-815	676
drug_187	-1019	-1142	-1021.5	-1023	-1170	1081.5
drug_188	-1087	-1204	726.5	-1084	-1192.5	1058
drug_189	-770	-904	822	-833	-815	804.5
drug_19	973	-1064	-1236.5	-853.5	-641	-1281.5
drug_190	-1112	-1226	745	-1098	-1224	1029.5
drug_191	-850	-1298	-1007.5	1017	-935	858
drug_192	-1113	-1228	-734.5	-1105	-1221	950.5
drug_193	-676	-839	-1127.5	797.5	-576.5	1052.5
drug_194	-1046	-1166	-1009.5	-1056	-1149.5	880.5
drug_195	-1018	-1133	-1000.5	-1048	-1151	846.5
drug_196	-786	-930	-617.5	-857	-807	944
drug_197	-978	-1089	745	-974	-1134	851.5
drug_198	-1023	-1141	-1033.5	-1029	-1159.5	1053.5
drug_199	-863	986.5	-1088.5	-917	-1018	1173
drug_2	939	999	995.5	-614	1112	-1207
drug_20	956	-1364.5	-1237.5	-962	934	-1222
drug_200	-1014	-1134	-1023.5	-979	-1167	986.5
drug_201	-1301	-1271	713	-1426.5	-1506	605.5
drug_202	-1129	-1118	713	-1291.5	-1358.5	511.5
drug_203	-1296	-1275	713	-1429.5	-1503.5	539.5
drug_204	-1355	-1390	713	-1353.5	-1389	414.5
drug_205	-1045	-1027	-1036.5	-1224.5	-1277	-933.5
drug_206	-1267	-1297	796.5	-1193.5	-1277	447
drug_207	-1297	-1325	703	-1272.5	-1310	604.5
drug_208	-1191	-1232	673	-1227.5	-1272	396.5
drug_209	-1238	-1248	608.5	-1229.5	-1249	380
drug_21	1038.5	914.5	-1227.5	-779	919	-1367
drug_210	-807	-876	713	900.5	716.5	438.5
drug_211	-819	956.5	-839.5	1062	-661.5	-578.5
drug_212	-1203	-1230	597.5	-1238.5	-1262	376
drug_213	991.5	-873	713	1218.5	-872.5	382.5
drug_214	792.5	-760.5	713	1127.5	-956.5	410.5
drug_215	-1308	-1343	777.5	-1244	-1425	851
drug_216	-618	760	793	-832.5	-878	-640.5
drug_217	-1202	-1246	713	-1225.5	-1233	485.5
drug_218	-1162	-1149	879.5	-1297.5	-1348	461
drug_219	758.5	711.5	752.5	-961.5	-873.5	-635.5
drug_22	1420.5	1419.5	1160.5	-1338	1469	759
drug_220	-1122.5	-1168.5	-1026.5	-1128.5	-1135	402.5
drug_221	-1318	-1288	861.5	-1406.5	-1501	708
drug_222	-661.5	818.5	-873.5	-865.5	-802.5	-622.5
drug_223	-1264	-1304	713	-1192.5	-1260	428.5
drug_224	-1146	-1127	673	-1289.5	-1342	512.5
drug_225	-1206	-1235	802	-1233.5	-1259	564.5
drug_226	-1283	-1309	739.5	-1231.5	-1253	561
drug_227	-1138	-1172	-1048.5	-1123.5	-1057	461.5
drug_228	-1357	-1393	835.5	-1352.5	-1379	507
drug_229	-681	855.5	786.5	949	-945.5	-736.5
drug_23	904	1009	929	-697	803	-1251
drug_230	-1217	-1190	713	-1272.5	-1393.5	462.5
drug_231	-892.5	-1321.5	884.5	-893	-804.5	-566
drug_232	-431.5	-924.5	899	-615	746	-949
drug_233	-974.5	-1413.5	-1015.5	-906	913	-505
drug_234	-896.5	-1342.5	974.5	-835	805	-552
drug_235	668	-1076.5	-1106.5	698	966	-1085
drug_236	966.5	1310.5	899	-863	-830	-592
drug_237	594.5	867.5	949.5	-692	780	-893
drug_238	961	1395	-933.5	-810	-628	-516
drug_239	454	1063	973.5	-624	450	-972
drug_24	850	1044	-1229.5	-740	698	-1120
drug_240	904.5	1212.5	920.5	-550	577	-945
drug_241	-698.5	-1175.5	893.5	-688	465	706
drug_242	474.5	1072.5	916.5	-567	470	-1022
drug_243	515	928	932.5	-525	614	-859
drug_244	966	1002	-1220.5	-906	-786	-636
drug_245	606	-850	-887.5	-643	726	-579
drug_246	-857	-1220	913	-896	939.5	-420
drug_247	937.5	-1330.5	965.5	-847	863	-517
drug_248	-888	-1242	977.5	-786	942	-543
drug_249	593	-839.5	-935.5	642	911	-1016
drug_25	-1059	-1108	-1147.5	-798.5	-871	888
drug_250	-833.5	-1285.5	924.5	-816	-815	-580
drug_251	-835.5	-1292.5	939	-868	-787	580
drug_252	416	-919.5	-979.5	-482	712	-1047
drug_253	323.5	1026.5	977.5	-617	634	-983
drug_254	496	-913.5	913	447.5	703.5	-1006
drug_255	-782	-1124	-1210.5	-772	-730	637.5
drug_256	558.5	1051.5	977.5	-523	517	-902
drug_257	-909.5	-1347.5	939	-842	830	-540
drug_258	-691	1161.5	921.5	-768	-641	-645
drug_259	478.5	1154.5	977.5	-674	422	-812
drug_26	-1234.5	-1257.5	-1164.5	-1131.5	-1141	845
drug_260	1214.5	1380.5	-1034.5	-962	-855	-1201
drug_261	1262.5	1373.5	-1027.5	-985	-846	-1197
drug_262	866.5	964.5	-895.5	-874	-869.5	-1038
drug_263	732.5	910.5	-785.5	-967	-867	-1240
drug_264	1273.5	1248.5	-978.5	-987	-1037	-997
drug_265	1305.5	1362.5	-714.5	-969	-1034	-708
drug_266	787.5	975.5	-903.5	-953	-885.5	-1038
drug_267	1235	1340	-1006.5	-866	-863	-1017
drug_268	1364.5	1352.5	-815.5	-868	-962	-696
drug_269	-1115	-1229	-1202.5	-1473	-1296	726
drug_27	-1146	-1191	-1066.5	-1111.5	-1170	834
drug_270	1259.5	1364.5	625	-1386	-1195	-583
drug_271	1248.5	1355.5	682	-1305	-1185	-484
drug_272	1277	1375	-1230.5	-1182	-919	-1180
drug_273	-1022	-1062	-1017.5	-1460	-1318	695
drug_274	1022	1156	-1052.5	-992	-780	-1169
drug_275	-993	-1081	590.5	-1368	-1134.5	-536
drug_276	943.5	1200.5	617.5	-1371	-1148	-604
drug_277	-1031	-1150	619	-1298	-1117.5	-481
drug_278	823	1015	-897.5	-1122	-652	-1161
drug_279	1252	1373	-1045.5	-1441	-1325.5	-360
drug_28	-1109	-1151	-1044.5	-1151.5	-1107	761.5
drug_280	-931	-1046	1024.5	-1396	-1160.5	793
drug_281	1072.5	1071.5	-609.5	-1140	-990	-719
drug_282	1209.5	1360.5	-746.5	-788	-788	-1245
drug_283	1285	1389	625	-1275	-1163	-473
drug_284	894	1187	-777.5	-929	-671	-1175
drug_285	-745.5	875	-1139.5	-785	-1271	-879
drug_286	798.5	977.5	-817.5	-1074.5	-1019	-816.5
drug_287	897	918	-712.5	-1021.5	-1110	-908.5
drug_288	1265.5	1357.5	606.5	-1451	-1243	-607
drug_289	1309.5	965.5	-867.5	-958	-935	-967
drug_29	-895	1050	-875.5	-702.5	-986	-960.5
drug_290	1039	1220	-1218.5	562	817	-959.5
drug_291	839.5	-984	-1200.5	751	643	-1006.5
drug_292	1093	1175	-778.5	517	714	-870.5
drug_293	1063	1243	-1191.5	542	731.5	-890.5
drug_294	1134.5	1243.5	-766.5	591.5	754	-965.5
drug_295	1111.5	1185.5	-1244.5	635	781	-990.5
drug_296	1053.5	1218.5	-984.5	574.5	707	-1062.5
drug_297	1163	1272	-1184.5	580.5	773	-1107.5
drug_298	1395.5	1302.5	-1222.5	-880	1148	-888
drug_299	1134.5	1243.5	-922.5	599.5	780	-1046.5
drug_3	-962	-1300	-1039.5	-1015	1053	-768
drug_30	-1154	-1195	-1171.5	-1159.5	-1180	811.5
drug_300	923	911	-1001.5	977.5	777	-1312.5
drug_301	1375	1262	-752.5	621	931	-413
drug_302	1037	1126	-1238.5	495	791	-719.5
drug_303	1098.5	1199.5	-1239.5	588	775	-834.5
drug_304	1034.5	1100.5	-876.5	472	770	-919.5
drug_305	986.5	1135.5	-872.5	466	614	-1029.5
drug_306	1005	1228	-1186.5	624	817	-807.5
drug_307	1129.5	1233.5	-907.5	604.5	755	-1092.5
drug_308	1023	1227	-1223.5	-631.5	691	-1323.5
drug_309	1053.5	1218.5	-1215.5	484	791	-849.5
drug_31	-850	-935	-795.5	-677.5	637	797
drug_310	1039	1209	-973.5	610	-423.5	-1168.5
drug_311	1047	1239	-1240.5	556	811.5	-888.5
drug_312	1126	1263	-1242.5	526.5	-785.5	-1167.5
drug_313	975	1174	-1241.5	580.5	780	-893.5
drug_314	1050	1254	-889.5	546	779	-1043.5
drug_315	820	-1060	-1245.5	763.5	-713.5	-1032.5
drug_316	994	1181	-1217.5	591.5	803	-846.5
drug_317	1075.5	1173.5	-957.5	531	598	-1383.5
drug_318	1026.5	1168.5	-1228.5	463	763	-955.5
drug_319	-752	-921	-1243.5	763	-744.5	-934.5
drug_32	-1099	-1149	-1054.5	-1142.5	-1163	926.5
drug_320	-1019	-1074	1066	1293.5	-1053.5	730.5
drug_321	-917	-991	1085	1299.5	-936.5	760.5
drug_322	-1366	-1397	1073.5	-1331	-1395	842
drug_323	-1359	-1394	-1205.5	-1333	-1409	759.5
drug_324	-1285	-1333	1085	-1351	-1339.5	745.5
drug_325	-1195	-1171	1073.5	-1448.5	-1418.5	798
drug_326	-1189	-1167	1085	-1465.5	-1411.5	894.5
drug_327	-1288	-1328	1073.5	-1336	-1305	746
drug_328	-1277	-1316	1085	-1355	-1315.5	744.5
drug_329	-1323	-1357	1073.5	-1321	-1353.5	841
drug_33	-1060	-1119	-1061.5	-1135.5	-1136	-877.5
drug_330	-766	-850	1085	1267.5	-1067	-973
drug_331	-982	-989	1092.5	-1418	-1526	844
drug_332	-1062.5	-1030.5	-1219.5	1271.5	-1177.5	740.5
drug_333	-936	-1010	-1231.5	-1207	-1031.5	-852
drug_334	-1309	-1349	-1216.5	-1478	-1434.5	838.5
drug_335	-981	-1054	1073.5	1248	889.5	769
drug_336	-628	-620	1085	-1190.5	-823	790.5
drug_337	-1028	-1073	-1226.5	1282	-1116	777
drug_338	-1131	-1174	-1235.5	1165	-1161	787
drug_339	-970	-966	-1213.5	1327.5	-938.5	705.5
drug_34	-1145	-1182	-1167.5	-1155.5	-1144	757
drug_340	-834	-866	1085	1096.5	-1152	734.5
drug_341	-835	-914	1085	-836	-993	1060.5
drug_342	-936	-909	-1189.5	1281	978	881
drug_343	-1272	-1315	1085	-1357	-1306.5	728.5
drug_344	-1228	-1265	1085	-1462	-1305	749.5
drug_345	-876	-976	1073.5	1324	-972	753
drug_346	-1318	-1355	-1209.5	-1474	-1401.5	722.5
drug_347	-1023	-1082	-1224.5	1142.5	-1113.5	800.5
drug_348	-1027	-1098	-1214.5	1178	-990	730
drug_349	-980	880.5	-656.5	636.5	695	-914.5
drug_35	-791	917.5	-824.5	-1049.5	740	659
drug_350	-889	855	-792.5	-905.5	883	-1183.5
drug_351	-949	716.5	-652.5	653	557	-884.5
drug_352	1021.5	1224.5	-695.5	-555.5	922	-900.5
drug_353	-1030	770	-654.5	647	740	-925.5
drug_354	-833	819	-796.5	-776.5	-699.5	-1133.5
drug_355	880	1000	-863.5	-957.5	772	-1044.5
drug_356	-870	763	-642.5	-877	825	-1138
drug_357	-815	1051.5	-885.5	-882.5	-736.5	-940.5
drug_358	-1066	907.5	-717.5	861	-812	-1038.5
drug_359	808.5	750.5	-738.5	-987.5	761	-1038.5
drug_36	-983	-1049	-1115.5	-1069.5	897.5	669.5
drug_360	926	1033	-726.5	896	746	-1241.5
drug_361	-943	1075.5	-762.5	779	-628.5	-928.5
drug_362	-775	777.5	-658.5	881.5	799	-1194.5
drug_363	-968	884	-640.5	709	-550	-906.5
drug_364	-986	914	-629.5	786.5	-553	-911.5
drug_365	-751.5	786	-963.5	-851.5	-649	-1233.5
drug_366	-1059	884	-663.5	863	728.5	-1002.5
drug_367	1015	1200	-771.5	-895.5	874	-1154.5
drug_368	-971	1011.5	-634.5	994	611	-931.5
drug_369	-771	756	-810.5	-904.5	650	-1212.5
drug_37	-1084	-1129	-1073.5	-1143.5	-1155	922
drug_370	1000	1154	-715.5	-912.5	657.5	-1147.5
drug_371	765.5	880.5	-730.5	-996.5	-725	-1015.5
drug_372	-849.5	847	-708.5	-956.5	-560.5	-1074.5
drug_373	-886.5	750.5	-668.5	-938.5	801	-1120.5
drug_374	-885	915	-854.5	-964.5	-574	-1185.5
drug_375	-1079	1004.5	-1113.5	-1004.5	-660	-1314.5
drug_376	1076	1308	-1109.5	-1010.5	-836	-950.5
drug_377	-881.5	-828.5	-1101.5	-743	606	-1157
drug_378	-834	934	-861.5	-897.5	-662.5	-1205.5
drug_379	529	893	-858.5	1157	-623	1134
drug_38	-1210	-1234	-1178.5	-1130.5	-1156.5	918.5
drug_380	-751	-1029	-1111.5	1062	688	1078
drug_381	-1159	-1424	-1144.5	1047.5	-1087	983.5
drug_382	-1095	-1203	-1132.5	-1179.5	-1254	834
drug_383	-907.5	-1083.5	-1181.5	1094.5	-867.5	900.5
drug_384	-1185	-1450	-1114.5	-1006.5	-1090	1104.5
drug_385	-1066	-1181	-990.5	1090	-1183	1173
drug_386	-733.5	-937.5	-1124.5	838.5	-687.5	1074.5
drug_387	-599	930	-841.5	717	-422	1139
drug_388	-1146	-1406	-983.5	-1055.5	-1057	1112.5
drug_389	-993	-1271	642	1099.5	-999.5	1026.5
drug_39	-598	890	-962.5	-814.5	-777	-959.5
drug_390	-1046	-1312	613	-1069.5	-954.5	908.5
drug_391	-1084	-1350	642	-996.5	-1016.5	1120.5
drug_392	-1175	-1436	-1117.5	-1019.5	-1084.5	1110.5
drug_393	-635	-928	-773.5	1128.5	623.5	1099.5
drug_394	715.5	-952	-707.5	1132.5	764	1005.5
drug_395	670	698	-916.5	1086	861	-1045.5
drug_396	-460.5	788.5	-835.5	-649.5	573	-1109.5
drug_397	-695.5	-864.5	-1107.5	933	807	-1205.5
drug_398	-1103	-1368	-1024.5	-1100.5	-1064.5	1089.5
drug_399	-1087	-1348	642	1219.5	-1000	985.5
drug_4	-1005.5	-1182.5	992.5	-1054	1049	-726
drug_40	-745	-806	-830.5	-1039.5	-721	827.5
drug_400	-1092	-1358	642	-1011.5	-1016	1008.5
drug_401	-940	-1232	-1211.5	-915	-842	1191
drug_402	-1108.5	-1270.5	615	1081.5	-1161.5	951.5
drug_403	-1117.5	-1286.5	-987.5	-1102	-1191.5	1030.5
drug_404	847	-1112	-683.5	1232.5	982.5	763.5
drug_405	-1058	-1334	660.5	1090	-978	1070
drug_406	-1041	-1298	642	1114.5	-967.5	914.5
drug_407	1279.5	1295.5	1052.5	-817.5	1218.5	-990.5
drug_408	-1426.5	-1527.5	1034.5	-1212.5	1214	524
drug_409	1305.5	1380.5	1022.5	-939.5	951	-1024.5
drug_41	-991	-1055	-1121.5	-988.5	-907	911.5
drug_410	-1302.5	-1385.5	1037.5	-1184.5	1013.5	604
drug_411	-1400.5	-1499.5	1052.5	-1233.5	-1117	643.5
drug_412	1336	1381	1020.5	-870.5	-1063.5	602
drug_413	-1505.5	-1456.5	1033.5	-1401.5	-1411	605
drug_414	1270	1322	1022.5	-895.5	-1146.5	642.5
drug_415	1293	-1370.5	1052.5	-1186.5	-1042	608.5
drug_416	-1404.5	-1501.5	1045.5	-1235.5	1157	592
drug_417	-1500.5	-1459.5	1022.5	-1399.5	-1407.5	593.5
drug_418	1211.5	1216.5	-1137.5	-980.5	1174.5	-1058.5
drug_419	1023	891	1037.5	-845.5	1134.5	-1178.5
drug_42	-962	-1032	-1134.5	-915.5	-915	944.5
drug_420	-1419.5	-1387.5	1059.5	-1266.5	-1348.5	684
drug_421	-1285.5	-1372.5	1042.5	-1208.5	1079	657
drug_422	-1313.5	-1401.5	1052.5	-1166.5	-1028	657.5
drug_423	-1331.5	-1429.5	1052.5	-1108.5	1175	616
drug_424	1282	1305	1052.5	-874.5	1283.5	-1160.5
drug_425	-1268.5	-1350.5	1052.5	-1176.5	1104.5	845.5
drug_426	-1390.5	-1491.5	1052.5	-1144.5	1137.5	832.5
drug_427	1305.5	1358.5	1052.5	-1008.5	1076.5	-821.5
drug_428	1228.5	1348.5	1052.5	-983.5	1092.5	-819.5
drug_429	-1398.5	-1498.5	1052.5	-1239.5	1119.5	767.5
drug_43	939.5	-950	-787.5	-786.5	888	656
drug_430	-1265.5	-1352.5	1052.5	-1174.5	-1023	1025.5
drug_431	1243	1319	1052.5	-634.5	1180.5	-924.5
drug_432	-1406.5	-1500.5	1044.5	-1230.5	-1105	614
drug_433	-1414.5	-1518.5	1011.5	-1237.5	1139	632
drug_434	-1296	-1389	1042.5	-1151.5	1102.5	868
drug_435	1144	-1243.5	1037.5	-1002.5	1240	-852.5
drug_436	1119	1348	1010.5	-572.5	1112	-953.5
drug_437	780.5	979.5	-915.5	930	-756.5	-1047
drug_438	522	915	-988.5	-674	-694.5	-904
drug_439	547	905	-937.5	-974	-576.5	-593
drug_44	-1136	-1181	-1174.5	-1148.5	-1178	804.5
drug_440	719.5	857.5	-927.5	940	682	-568
drug_441	602.5	903.5	-991.5	-717	-772.5	-980
drug_442	864.5	831.5	812.5	800	-723.5	-691
drug_443	732.5	804.5	-809.5	1187	-776	861
drug_444	1276	1294	-956.5	-1026.5	1035	-411.5
drug_445	1111.5	1146.5	-879.5	-1018	1054	-430
drug_446	1018.5	1199.5	-980.5	-690	693	-1131
drug_447	734.5	638.5	-829.5	-715	668	-853
drug_448	730.5	863.5	-798.5	960	741	-562
drug_449	910	934	-965.5	-834.5	-1017	-798.5
drug_45	-1150	-1193	-1168.5	-1150.5	-1165	937
drug_450	799.5	876.5	832.5	656	-598	640
drug_451	456.5	671.5	-928.5	-947	663	733.5
drug_452	-584	-782	-1155.5	841	-939	1063
drug_453	778.5	821.5	-842.5	822.5	-594.5	616.5
drug_454	800	868	-954.5	-794	-730.5	-632
drug_455	823.5	772.5	-837.5	876	749	-902
drug_456	834.5	907.5	-822.5	892.5	-764.5	-972
drug_457	833	797	-949.5	-905	-684.5	-534
drug_458	866	893	-901.5	920	-742.5	-602
drug_459	822	904	-943.5	818	-645.5	-537
drug_46	871.5	925.5	-883.5	-1023.5	-770	830
drug_460	-394.5	706	-886.5	-710	-600	-855
drug_461	734	801	-942.5	920.5	797	-625
drug_462	676.5	862.5	-736.5	852.5	720.5	-497
drug_463	827.5	747.5	-967.5	-828	-711.5	-627
drug_464	835.5	888.5	-843.5	-1022	-764	582
drug_465	781.5	-821.5	768.5	896	-769.5	-500
drug_466	1167	1315	853	-1008.5	-1072.5	823.5
drug_467	1157	1278	911.5	-811	-1098	987
drug_468	-1103	1245	848.5	-844	-1185	968
drug_469	1140	1023	876.5	-697	1177	-1080
drug_47	-1092	-1135	-1050.5	-1146.5	-1170	874
drug_470	1193.5	1268.5	881.5	-825	1184	832
drug_471	1203	1232	1005.5	671	1249	-855.5
drug_472	1100.5	1260.5	882.5	-941.5	-1073.5	1011
drug_473	1097	1302	807	-1004.5	-1106.5	855.5
drug_474	804.5	1274.5	972	727.5	821.5	-1027.5
drug_475	789	1232	895.5	584	851.5	-1072.5
drug_476	980	1288	-912.5	-763.5	1062	-1167.5
drug_477	-1144.5	1154.5	927.5	-976.5	-1118.5	832
drug_478	-1169.5	1286.5	853	-973.5	-1130.5	884.5
drug_479	1187	1310	983.5	-1001.5	-1091	852
drug_48	938.5	-1044.5	-855.5	845	694	-1232.5
drug_480	1119.5	1108.5	983.5	-999.5	1181	809
drug_481	-1077.5	1204	847	-1003.5	-1098.5	940.5
drug_482	1209.5	1310.5	-1150.5	-782.5	1059	-1058.5
drug_483	1245.5	1292.5	895.5	709	1130.5	-1014.5
drug_484	645.5	1098.5	-811.5	-702.5	946	-1171.5
drug_485	-1104.5	1067	983.5	-987.5	1075.5	821
drug_486	-1113.5	1033.5	1063.5	-832.5	1165	806
drug_487	-1063.5	1290.5	889.5	-1011.5	-1089	850
drug_488	1085	1248	983.5	-934.5	-1077.5	845
drug_489	1128	1152	983.5	-978.5	1197	728
drug_49	-955	-1028	731.5	874	969	-801
drug_490	1065.5	1304.5	895.5	-942.5	-1101	1119
drug_491	1155	1242	983.5	-700.5	1124.5	-1092.5
drug_492	1148	1278	847	795.5	1181	-971.5
drug_493	857.5	1173.5	972	466.5	926.5	-1028.5
drug_494	1361	1382	931.5	-876	1028	564
drug_495	833	1161	1002.5	-656.5	871	-1166.5
drug_496	911.5	1038.5	-1180.5	-779.5	1146	789
drug_5	-1080.5	-1252.5	-1014.5	-1113	1057	782
drug_50	-822	-906	-710.5	737	1011	-1059.5
drug_51	-985	-1048	-759.5	666.5	635	880.5
drug_52	890	668	-692.5	823	765	-1042
drug_53	584.5	-604	-880.5	790	812	925
drug_54	893.5	844.5	-819.5	721	767	-1199
drug_55	701	-838	-754.5	662.5	659	-1147.5
drug_56	-701	-733	-731.5	-652.5	875	-979.5
drug_57	-812.5	-942.5	-816.5	722.5	788	-995.5
drug_58	-826.5	-968.5	-732.5	1028.5	974	-929.5
drug_59	-1059.5	-1154.5	-694.5	858.5	874	747.5
drug_6	-1085	-1250	-1022.5	-1114	1000	-734
drug_60	-1060.5	-1190.5	-1119.5	967	916.5	1007
drug_61	-816.5	-900.5	-697.5	791	976	-1041.5
drug_62	917.5	-951	693	643.5	715	-727.5
drug_63	-746.5	-905.5	-790.5	612.5	656	-1078.5
drug_64	-833.5	-962.5	693	-653.5	732	-1170.5
drug_65	842.5	877.5	-729.5	749.5	803	-913.5
drug_66	-989.5	-1078.5	693	915.5	881	-811.5
drug_67	-808.5	-871.5	679	461.5	810.5	-977
drug_68	-880	-943	-702.5	510.5	-530.5	1033.5
drug_69	-891.5	-1013.5	669.5	508	655	898
drug_7	938	943	964.5	-731	997	-1261
drug_70	-683	-681	-699.5	-711.5	744	-984.5
drug_71	770	-789	-677.5	753	881.5	-1030.5
drug_72	-1079	-1121	-1105.5	547	-589	1052
drug_73	-1086.5	-1193.5	-1135.5	558	545.5	998
drug_74	-1010	-1046	-1116.5	713.5	758	1001.5
drug_75	-750	877.5	-741.5	-704.5	610.5	-959.5
drug_76	-890.5	-1004.5	693	982.5	974	822.5
drug_77	-737.5	-874.5	-745.5	-620.5	582.5	-1015.5
drug_78	-795.5	-841.5	693	-799.5	824	-1225.5
drug_79	809	-924.5	-680.5	770	594	1012
drug_8	-1082.5	-1258.5	-1011.5	-1091	1011	-728
drug_80	-746	-827	-739.5	817.5	856	-864.5
drug_81	900	-907.5	-805.5	764.5	962	-1201.5
drug_82	878.5	957.5	890.5	-988	-897	-852
drug_83	710.5	1013.5	905.5	1043	-765.5	-798
drug_84	1052.5	1045.5	-934.5	987.5	-774	-902.5
drug_85	634.5	971.5	871	1079.5	-695.5	-914.5
drug_86	924.5	1044.5	-925.5	1023.5	-805.5	-743
drug_87	-875.5	1002.5	859.5	976	-833	-711
drug_88	1050.5	1019.5	915.5	1096	887	-959
drug_89	1044.5	976.5	908.5	1185	926	-770.5
drug_9	-876.5	-1048.5	-1208.5	-835	896	-1288
drug_90	1031.5	978.5	871	1084.5	-788.5	-822.5
drug_91	1109.5	1049.5	874.5	1095	-786	-1022.5
drug_92	1114.5	1031.5	871	1069.5	-833	-894
drug_93	1018.5	1007.5	865	914.5	696.5	-1139.5
drug_94	981.5	1016.5	906.5	930	693	-630
drug_95	1124	1086	-1148.5	1072.5	-738	-801
drug_96	1152.5	1124.5	874.5	1222	786	-947.5
drug_97	1028.5	1023.5	857.5	1155	615	-1113.5
drug_98	1143.5	1029.5	-945.5	1156	789	-952.5
drug_99	1045	1101	918	933.5	-714	-826.5
Acebutolol	-631.5	-681.5	-1234.5	-1008	-1154	1501
Acetylsalicylic_acid	1337	896	1209.5	1521	1024	1325
Alprenolol	1470	-1218	-1076.5	1521	1563	793
Amiloride	-848.5	-938.5	1163.5	1428	-1383	-1120
Amlodipine	905	858	-1146.5	-962	1428	-1404
Atenolol	-975	885	1157	1553	1426	-837
Atorvastatin	1003.5	887.5	1176.5	1425	855	1271
Benazepril	1112	1018	1198.5	-1521	-1497	1488
Bendroflumethiazide	870	829	1135.5	1246	1453	-1021
Betaxolol	1483	1493	1171.5	-1180	1334	-1100
Bezafibrate	1475.5	1389.5	-1071.5	924	839	858
Bisoprolol	-1255	-1244	1149.5	1324	763	-1209
Bumetanide	726.5	737.5	-1165.5	-916	-1225	1042
Canrenoic_acid	-762	-798	1107.5	750	671	1440
Captopril	509	-234	-840.5	978	-629	-1118
Carteolol	-1014	-952	1201.5	-1551	-1142	1464
Carvedilol	924	915	1028.5	844	1362	-1424
Cerivastatin	-545	-502	1017.5	1333	830	1444
Chlorhexidine	-1443.5	-976.5	1127.5	-1496	-1499	-920
Chlorthalidone	846	811	1099	-886	-1069	-1543
Cilnidipine	-1407	-1398	-1103.5	-1389	-1345	1559
Cilostazol	1296	-1195	-947.5	718	-974	1136
Clofibrate	1348	911	1203.5	-1366	1204	-1435
Clopidogrel	901.5	772.5	-1072.5	1524	920	-1375
Cyclopenthiazide	1099	993	-864.5	1075	918	-1072
Digoxin	-1289	-1267	1110.5	1127	-1378	1070
Dipyridamole	897.5	-788	1165.5	-1073	-979	1310
DNB10063341	-995	-449	-905.5	1100	714	1251
DNB10108190	1429.5	1407.5	-635.5	791	867	633
DNB10133	-1525	-1499	-1156.5	882	-1414	690
DNB1013376	-949	-991	1000.5	-1525	1014	1317
DNB10135759	1501	1238	-554.5	1511	1424	-548
DNB10204	-878	-623	1105.5	1526	973	1471
DNB102175	-691.5	335	1018.5	1055	659	1382
DNB102614	729	-371.5	-1047.5	-864	895	-1527
DNB10311918	-739	773	1195.5	1260	765	1233
DNB10365	-1083	-1093	1101.5	998	630	1430
DNB10531	-421.5	-303.5	-1005	-1172	-1091	1218
DNB10607	1521	1516	-1197.5	-998	-1407	957
DNB10631	786	758	-599.5	381	488	-987
DNB10767	1527	1539	1226.5	-1277	1558	-1077
DNB107715	-1277	-1258	-578.5	1340	788	927
DNB107905	1296.5	908.5	-846.5	1547	1375	-1351
DNB108092	892	857	1206.5	818	-936	-1275
DNB10932412	1595	1596	1204.5	-1210	-1372	712
DNB11003969	-565	-531	-1232.5	1027	1144	-1363
DNB11072143	1203	1005	1223.5	803	831	-1224
DNB11207937	915	879	-1032.5	1543	1260	-1182
DNB11292680	1059	445	1180.5	1348	-762	1440
DNB11575713	-1219	-1194	-1154.5	-846	-1327	731
DNB11626927	-267	136	-681.5	1378	780	1591
DNB11634725	778	709	-1085.5	798	757	-1261
DNB1172104	886	804	1205.5	1075	-928	1556
DNB11723560	-1366	-1350	-1058.5	1096	-1414	1263
DNB119192	1137	1002	1196.5	1524	1398	-1040
DNB119198	928.5	925.5	-1193.5	-838	925	-1559
DNB119565	975	-738	1153.5	-1245	1017	1423
DNB1219	156.5	161.5	1039.5	1192	625	-1538
DNB122623	-654	-655	-1151.5	1368	655	-1511
DNB123662	1288	-966	1172.5	843	609	1270
DNB124735	1466	-1436	1014.5	815	-1515	-129
DNB124846	875.5	989.5	1200.5	-1109	729	-1569
DNB128737	783	799	1100.5	-1095	1025	-1324
DNB132887	1293	821	1197.5	1166	767	-1564
DNB135398661	876	832	-570.5	716	1324	824
DNB136235688	1134	-993	1217.5	457	1065	1427
DNB137	-903	-449	-825.5	834	966	-1309
DNB13791	-973	-881	1181.5	-1113	-1199	1151
DNB13817	882	957	1243.5	1015	-875	1480
DNB14709	-628.5	-703.5	-549.5	-1081	-645	1290
DNB1474853	-1398	-1381	-1152.5	-1429	-1459	1578
DNB15209	-845	-515	1139.5	1073	-1323	1394
DNB1560	-633	-579	919.5	730	-716	1387
DNB156314	918	892	-682.5	-700	1325	-1118
DNB1564	692.5	251.5	-994.5	-1087	-729	-1581
DNB15897	1453	1436	-1025.5	1158	933	-1284
DNB160588	835	826	-1176.5	1220	654	-1270
DNB163332	1212.5	895.5	-940.5	1256	-1057	1261
DNB1645	1475	1221	-1010.5	1503	1494	717
DNB165214	-943	-878	877.5	-1412	-1431	-1644
DNB16720766	1542	1537	1164.5	-190	760	-1027
DNB16757524	-1101.5	857.5	-1172.5	1219	906	1521
DNB16759925	-1195	-1155	-1081.5	1351	-1337	1452
DNB16760588	1650	1638	1147.5	1656	1638	-654
DNB16760634	-349	-62	942.5	-952	631	1420
DNB16760682	-1463	-1411	-1233.5	1423	-1429	1586
DNB167715	-1115.5	-814.5	479.5	1109	-1043	-1457
DNB168868	-560.5	-710.5	1015.5	1470	855	1377
DNB1694	859	1024	1225.5	1128	920	1239
DNB17534	-1079	-471	1137.5	-1368	-1017	1425
DNB17759555	-1006.5	850	1229.5	1310	-1326	1409
DNB1797	1247	841	1245.5	1057	1088	-1322
DNB180081	959	955	-1153.5	-1038	1389	-1289
DNB1893	-1382	-1355	-1170.5	-1174	-941	1263
DNB1901244	-1564	-1582	477.5	-1492	1329	868
DNB194138	-462	-571	-1175.5	838	-634	1532
DNB197835	-831.5	-811.5	-1192.5	1117	805	1221
DNB199472	1589	1587	1238.5	576	-1100	1111
DNB2046	-485	-363	1150.5	1091	726	1517
DNB2048	1403	1142	-761.5	986	828	-936
DNB2049	1628	1626	1244.5	1608	1622	-1186
DNB2051	-169	-202	-623.5	763	821	1568
DNB2052	-1457	-1441	-1169.5	-659	-1439	763
DNB2061	-866.5	825	-1078.5	-1307	-1366	-1022
DNB2063	1571	1576	-1143.5	1616	1633	874
DNB220184	1024	1035	-918.5	1212	767	-1488
DNB222528	385.5	258.5	1182.5	1494	-1014	1558
DNB2229	-1083	-1068	-1089.5	1184	788	1478
DNB224859	-1462	-1419	1096.5	830	-807	1244
DNB2249	-975	885	1157	1553	1426	-837
DNB23275476	-1098	799	-1177.5	-837	789	974
DNB2336	923.5	-770	-801.5	1039	800	1608
DNB23748511	-557.5	-627.5	-1055.5	918	740	-1575
DNB2396	-296	-249	1040.5	1139	-970	1484
DNB2399	1461	1000	1212.5	-944	1418	-1541
DNB24140566	1053.5	843.5	1184.5	1479	852	1415
DNB24288	1428	987	-1141.5	-855	1404	-1446
DNB24707	1421	1394	-1166.5	-871	772	-1530
DNB24861442	810	836	-1090.5	1448	1323	-1274
DNB25035942	704	321	-952.5	428	671	-1433
DNB25044204	810	807	-1212.5	619	1313	-915
DNB25062766	1336.5	940.5	-691.5	935	879	1507
DNB252682	-1382	-1384	1128.5	-1468	-1438	1163
DNB2603	-1185	-1150	-986.5	175	-1283	895
DNB2608	739	677	-724.5	1480	682	1399
DNB262093	-1254.5	803	1130.5	-1038	-1359	1567
DNB2724	1118.5	1016.5	-1195.5	-1411	1506	-1588
DNB2725	700	161	1131.5	1455	1283	-1433
DNB2726	-1020	-928	1170.5	1285	-1340	1448
DNB2729027	1354	1064	-1128.5	1401	-1012	1276
DNB2732	846	811	1099	-886	-1067	-1543
DNB2733529	-1044	-978	1168.5	1120	-1283	1334
DNB2736301	-831	-843	-1016.5	322	-1076	1394
DNB2743956	-560.5	-553.5	1062.5	528	833	1402
DNB2744062	879	821	-881.5	-1199	-967	-799
DNB27924	-978	-938	1140.5	-1317	-1568	1420
DNB2807869	1158	1058	1241.5	1390	1161	-1311
DNB2817908	795	801	888.5	768	1349	-1042
DNB2837530	1022.5	907.5	1173.5	1356	-1266	1172
DNB285033	749.5	782.5	1154.5	-1281	964	1278
DNB2941	1505	1460	1240.5	796	-1152	-1462
DNB3000667	1444	1434	1222.5	451	993	-1126
DNB3035026	1382	1401	-898.5	726	973	-1286
DNB3044	676	482	1019.5	1406	766	1427
DNB3065	1166.5	944.5	1194.5	1604	-1368	-821
DNB3066	901.5	802.5	1142.5	1099	1256	891
DNB3071	1272.5	1026.5	1167.5	1512	1538	-1199
DNB3246023	-1332	-1310	-1138.5	996	-1304	1493
DNB3262	-1224	-1216	1219.5	1455	781	1575
DNB3330	866.5	-405.5	-807.5	-1192	1352	1270
DNB3337816	-1517	-1502	437.5	-1464	-1405	1431
DNB3394	-384	-388	1032.5	897	522	1393
DNB34677	1472	1157	1231.5	1393	1263	-955
DNB3473393	1036.5	-651	1230.5	-1351	1005	-1543
DNB3493	-1281	-1272	-1063.5	973	-975	1229
DNB3571	-835	-823	-566.5	-1275	915	-824
DNB3634881	-1043	-1048	-760.5	1473	-1268	1346
DNB364622	-558.5	-462.5	1016.5	1419	915	1413
DNB3655	-1207	-1194	1060.5	-886	804	862
DNB3689415	944.5	828.5	-597.5	-1302	-1189	-1182
DNB3689416	1611	1610	-1183.5	1601	1582	-1357
DNB36906	551	-423.5	1097.5	-760	703	1486
DNB3707	-1294.5	-1039.5	1207.5	1190	1034	1192
DNB3712	-1507	-1464	1138.5	-1410	-1516	1499
DNB3785	-920	842	-813.5	1287	-1118	1108
DNB3799	-1199	-1182	-1163.5	1516	-1318	-514
DNB3856780	1247	-708.5	1228.5	-1401	903	-1568
DNB39912	1446	-1082	-1040.5	843	-1287	-692
DNB4034	-1136	-1042	1143.5	1512	1386	699
DNB4140	1435	1006	-971.5	1490	1527	714
DNB4214594	722	705	1155.5	625	706	-1378
DNB4369491	-1350.5	-1364.5	1234.5	998	-1060	1447
DNB4381125	1536	1538	1161.5	-900	1518	-1596
DNB4402	1440	994	1202.5	1483	-1318	782
DNB44139710	1410	1205	1183.5	1521	1070	1513
DNB44143370	361.5	-270.5	1121.5	1309	981	-1412
DNB44287635	998	930	1144.5	-774	1087	-1313
DNB443118	690	807	-675.5	777	834	1409
DNB44483234	-874	-862	1126.5	1187	-1249	1575
DNB44483311	-1034	-1031	1148.5	1548	1520	828
DNB44628955	-1244	-1250	1214.5	-1001	-1294	1433
DNB448055	-1532	-1497	1136.5	-1343	-1447	760
DNB448949	-807	846	1191.5	1332	-939	1275
DNB45006167	-879	-762	1106.5	1030	-1116	1619
DNB462	-616.5	-624.5	-1038.5	-682	731	-1515
DNB4784	-674.5	-692.5	-1130.5	1082	-1021	1110
DNB4792	725.5	-766	466.5	-1080	-827	1263
DNB5032	-1499.5	-914.5	791.5	-862	-1063	1161
DNB5065494	1405	882	1208.5	-1200	1076	-1578
DNB5081913	-1517	-880	461.5	-1518	-1530	1268
DNB5105	713.5	-413.5	-636.5	1000	847	1161
DNB51397512	1588	1553	-687.5	-1043	1111	-1187
DNB5173	824	870	1199.5	962	827	-1430
DNB5271544	-705	-670	-579.5	-567	-740	1188
DNB5281912	1523	1530	1152.5	-875	1567	-1135
DNB5286534	-798.5	-802.5	500.5	-1345	-1010	1586
DNB5318998	1599	1598	-673.5	-1265	-1376	-911
DNB5328760	526.5	307.5	-1037.5	1376	779	1087
DNB5328772	-1364	-1150	-1102.5	-1176	965	1092
DNB5328804	-1076	-1040	-914.5	199	910	1221
DNB5328807	-266.5	-234.5	997.5	-619	-538	-1382
DNB5329468	-1271	-1268	-1203.5	803	-1205	891
DNB5360696	1267	-1152	-1185.5	1235	-1302	1201
DNB5419	1334	947	-1018.5	1551	1538	1620
DNB54562	-1234	-1206	-1118.5	1392	-869	1557
DNB55445	775	783	1115.5	-1385	1054	-1638
DNB5614	822	808	1187.5	1557	-994	1580
DNB5702040	1585	1593	-698.5	828	1120	-1070
DNB5702058	-889	785	750.5	812	1425	-1277
DNB5702072	-1019	777	1077.5	-436	839	-1124
DNB5702093	1167.5	941.5	1122.5	1561	886	1361
DNB5702126	-1072	-985	-812.5	1032	-1190	1563
DNB5702172	1310	1020	-1020.5	1613	-1232	-812
DNB57242	944	1069	-713.5	1477	-1198	1538
DNB5753	-1410	-1391	1179.5	1382	-1379	1163
DNB5814	1041.5	851.5	-1096.5	-931	-1170	-1590
DNB589768	1298	734	-1142.5	919	1089	1511
DNB596344	796	806	943.5	846	1346	-999
DNB5991	-828.5	809	1132.5	-1323	-1340	-1205
DNB616573	808	812	-818.5	996	-993	-1322
DNB6230	-989.5	-830.5	511.5	-1185	-1206	-1506
DNB6234	1051	-499	1224.5	1203	786	-1454
DNB62389	-856.5	-498.5	-1204.5	-960	731	-1578
DNB62875	-1525	-1512	-561.5	709	-1308	908
DNB6439225	1033.5	1023.5	1242.5	1370	-1245	1386
DNB65064	886	-800	653.5	-1376	-1576	1281
DNB6539732	1501.5	1493.5	1213.5	-911	-1221	-1581
DNB6603728	994.5	869.5	-1062.5	999	-1055	1339
DNB6603827	-1124	-1104	1239.5	1013	-1250	1226
DNB6603865	-949	-790	1112.5	791	1305	1412
DNB6610217	-966.5	-842	-1057.5	1309	1006	1295
DNB6610273	1388	1388	1221.5	1553	1165	-1536
DNB6610319	880	843	1141.5	726	932	-1219
DNB6610326	-1257	-1259	-1159.5	1267	-1062	1484
DNB6610347	823.5	816.5	-1031.5	1345	874	1355
DNB6674	-1119	-1129	1104.5	915	-754	1514
DNB669190	750	757	-753.5	1121	774	1340
DNB6708643	-1539	-1526	1146.5	1149	-737	667
DNB6710699	1053.5	937.5	1108.5	1076	906	1290
DNB6710779	-1233	-677	1218.5	-1428	1483	1149
DNB6742	822.5	376.5	-999.5	776	-713	-1216
DNB70413	-476	-513	1027.5	916	751	1349
DNB7046	-1248	-1227	1111.5	1141	-704	1415
DNB70547	-617.5	399.5	-828.5	1182	745	1553
DNB71384	-1193	-592	1129.5	956	-983	1573
DNB716121	-761	-555	1118.5	1147	765	-1532
DNB7184	756.5	782.5	-1173.5	1363	785	1322
DNB72067	-1540.5	-1542.5	-997.5	-1434	-1642	-865
DNB72385	-426.5	-391.5	1035.5	734	1069	1341
DNB73707361	-950	-862	-888.5	-929	-1174	779
DNB73707371	754	794	1237.5	1017	975	1492
DNB73707373	-1031	-693	-1225.5	803	680	-1515
DNB73707375	1609	1608	-1080.5	1629	1583	-1276
DNB73707416	-654	-606	1124.5	1473	666	1543
DNB73707419	-1227	-1207	1178.5	1266	-1324	1612
DNB73707560	855	822	-923.5	-757	-933	937
DNB73707561	1083	978	-735.5	1043	-1028	-1134
DNB73707600	1214	800	1185.5	1487	783	-1109
DNB73707601	-1217	-1004	1169.5	-1512	-926	1445
DNB7510	1563	1556	-1070	831	-1304	-922
DNB75220	1270	880	1211.5	1418	1047	1388
DNB75919	-1237	-1229	-866.5	-1280	-1312	1413
DNB817368	-873	-868	1210.5	959	-1245	1473
DNB8226	1556	1565	1220.5	1499	1568	-900
DNB838	1272.5	954.5	-1064.5	1456	979	1614
DNB84029	1062.5	973.5	1235.5	-1216	810	1315
DNB9604992	-259	211	1120.5	412	-978	1381
DNB9815618	-1027	699	-1046.5	-725	933	1215
DNB9865652	1027.5	966.5	1186.5	-1332	-937	-1585
DNB9892554	-833	-821	737.5	736	-1083	1400
DNB9949093	1263	567	1134.5	-932	859	-1339
Dobutamine	952.5	740.5	-1065.5	1474	-986	1538
Dopamine	1107.5	885.5	-992.5	-1250	1275	936
Enalapril	580.5	-324.5	1123.5	383	691	1391
Eprosartan	-596	-539	-1086.5	1277	890	-1433
Esmolol	-1102	-438	-1091.5	923	-1201	1487
Etacrynic_acid	1589	1588	-996.5	-875	1458	-859
Etilefrine	-936	-395	1109.5	1377	-1024	1447
Ezetimibe	-814	-790	851.5	-1370	-919	1444
Felodipine	912	881	1001.5	-1267	1345	-1363
Fenofibrate	872.5	-798	-492.5	1133	-859	1217
Fenoldopam	-1182	-1073	1232.5	1231	897	1218
Gemfibrozil	346.5	339.5	1193.5	896	1103	-1177
Hydroflumethiazide	723	709	1227.5	1425	990	1431
Iloprost	-1333.5	1033.5	-621.5	1541	886	-996
Indapamide	1550	1541	-1087.5	-676	1521	-1186
Irbesartan	-1122	-602	1166.5	1434	-1203	1304
Isradipine	1017.5	565.5	-685.5	1151	994	1300
Labetalol	-1033	-626	-870.5	-466	706	1210
Losartan	1066	231	1119.5	1270	-776	1373
Lovastatin	1395	1359	-1149.5	1223	-1064	1347
Menadione	1241	957	-519.5	-1418	1357	617
Mephentermine	379.5	160.5	-946.5	1002	820	-1356
Metolazone	1386.5	986.5	-1188.5	1360	956	-1408
Metoprolol	1540	1539	1236.5	1573	1570	-883
Midodrine	780	754	798.5	-1091	872	730
Milrinone	813	812	1102.5	1424	1272	-1253
Moexipril	1217.5	-1081	1233.5	-1393	1171	1239
Nadolol	-287	-181	1095.5	1165	757	-1503
Niacin	1480	1454	-1068.5	555	-1249	-1281
Nicardipine	-1010	-962	1189.5	1055	-1153	1598
Nicotinyl_alcohol	1563	1556	-1070	831	-1302	-922
Nifedipine	-924	-829	1133.5	1166	-1276	1261
Nimodipine	1471	1445	-779.5	700	998	-1216
Nitrendipine	-906	-355	-982.5	1294	-1110	1368
Nitrofural	757	700	-1199.5	1070	-719	-1265
Olmesartan	-1559	-1549	1215.5	1499	1136	1233
Ouabain	-958.5	-662.5	-1028.5	933	733	1310
Oxprenolol	1035.5	814.5	1190.5	-1296	1026	1473
Perindopril	1401	982	-871.5	1507	1075	1621
Pindolol	-916	-881	659.5	-1547	939	1001
Piretanide	-818.5	-639.5	-661.5	1233	-1262	1337
Practolol	-1450.5	976	1013.5	-1348	-1582	-898
Pravastatin	1111.5	903.5	-874.5	1038	1122	-1271
Probucol	919.5	919.5	-1075.5	1316	873	-1344
Propranolol	1596	1593	-955.5	1550	1620	-1176
Quinapril	1062	392	1188.5	1215	784	1502
Quinethazone	-960.5	-903.5	1009.5	1272	-941	1319
Ramipril	1519	1513	1103.5	1514	1510	-1188
Rivaroxaban	1532	1539	-563.5	897	1419	-104
Rosuvastatin	746.5	-333	1216.5	842	861	1111
Simvastatin	-1566	-1548	-844.5	-1445	-1614	1098
Sotalol	-686	-524	1004.5	972	878	-1419
Spironolactone	1106.5	894.5	1177.5	1571	1090	-1477
Synephrine	-1427	-1413	1162.5	1013	-1615	-836
Telmisartan	-1041	-972	1145.5	660	1418	1111
Ticlopidine	972.5	874.5	1192.5	1057	816	865
Tienilic_acid	-1368	-1354	-1140.5	1242	-1312	1289
Timolol	747	728	-772.5	1218	951	-1507
Torasemide	736	874	-689.5	1310	1062	1189
Treprostinil	799	812	1125.5	-1178	-1131	-1328
Triamterene	984.5	983.5	-993.5	1107	-1233	1342
Valsartan	1430	957	-896.5	-753	867	-1554
Warfarin	747	666	-788.5	1209	-935	-1258
