ad	density	cc	spath	eigencentr	betwcentr
drug_1	-285.5	404.5	434.5	-494	365	497.5
drug_10	-575.5	-565.5	-442.5	246	-697.5	-554
drug_100	472	-364.5	-348	-494	-347.5	603.5
drug_101	335.5	-364.5	375	-494	-127.5	440
drug_102	-393.5	526	585	-381.5	-408.5	-452.5
drug_103	648	661	-677	-640	861.5	666
drug_104	586.5	597.5	315	-611	-688	-667
drug_105	-393.5	526	585	-381.5	507	-452.5
drug_106	-285.5	404.5	480.5	-494	-436.5	326.5
drug_107	548.5	466.5	379	-623.5	485	-627.5
drug_108	-285.5	404.5	480.5	-494	-436.5	326.5
drug_109	548.5	466.5	379	-623.5	486.5	-627.5
drug_11	384.5	336.5	444.5	-295.5	-475.5	-640.5
drug_110	-454	-291	-427	-538	243.5	456.5
drug_111	525	576	-519.5	505	753	-590.5
drug_112	525	576	-519.5	505	548	-590.5
drug_113	-454	-291	-427	-538	446.5	456.5
drug_114	579	414	-348	614.5	589.5	620.5
drug_115	-454	384	-653.5	-547	679	-526
drug_116	-454	384	-653.5	-547	474	-526
drug_117	400	290	-427	-555.5	447	584.5
drug_118	-454	-291	-427	-538	419	609.5
drug_119	-454	384	-653.5	-547	624.5	-526
drug_12	-219	-242	404.5	-305	-379.5	448.5
drug_120	525	576	-519.5	505	548	-590.5
drug_121	525	576	-519.5	505	563	-590.5
drug_122	400	290	-427	-555.5	597.5	584.5
drug_123	-454	-291	-427	-538	-255	456.5
drug_124	525	576	-519.5	505	563	-590.5
drug_125	-454	384	-653.5	-547	474	-526
drug_126	562	281	-427	598.5	777.5	624.5
drug_127	-454	-291	-427	-538	290	609.5
drug_128	-454	-291	-427	-538	243.5	456.5
drug_129	525	576	-519.5	505	698.5	-590.5
drug_13	-831.5	-666.5	-538.5	515.5	-599.5	-633.5
drug_130	525	576	-519.5	505	548	-590.5
drug_131	562	369	-653.5	589	578	617
drug_132	572	554	-519.5	606	-524.5	591
drug_133	-476.5	-439.5	-653.5	-531	-378	-354
drug_134	572	554	-519.5	606	747.5	591
drug_135	-393.5	526	585	-381.5	-622	-452.5
drug_136	562	369	-653.5	589	728.5	617
drug_137	562	281	-427	598.5	573.5	624.5
drug_138	-454	384	-653.5	-547	474	-526
drug_139	525	576	-519.5	505	548	-590.5
drug_14	-923.5	856	860.5	-923.5	900	892.5
drug_140	562	369	-653.5	589	450.5	617
drug_141	525	576	-519.5	505	-435.5	-590.5
drug_142	-622	-653	-626	-235	-496.5	-324
drug_143	671	672	671.5	641.5	-815	648.5
drug_144	445	-499.5	-519.5	-381.5	-408.5	-452.5
drug_145	445	-499.5	-519.5	-381.5	-622	-452.5
drug_146	493	-499.5	-519.5	-381.5	-622	518
drug_147	600.5	-554.5	-288	-611	-559.5	-667
drug_148	-622	-653	-626	464	649	551.5
drug_149	445	-499.5	-519.5	-381.5	-408.5	-452.5
drug_15	601	483	505.5	-577	-534.5	-775
drug_150	671	672	671.5	641.5	-817	648.5
drug_151	445	-499.5	-519.5	-381.5	-408.5	-452.5
drug_152	586.5	597.5	351	-611	-773	-667
drug_153	445	-499.5	-519.5	-381.5	378.5	-452.5
drug_154	-622	-653	-626	-235	-646.5	-324
drug_155	663	675	675	626	-603.5	654
drug_156	493	-439.5	359	-565	-297	535
drug_157	663	675	675	626	694.5	654
drug_158	-682	-682	-662	673	-824.5	627
drug_159	582	-439.5	-264.5	-565	-297	536
drug_16	-923.5	856	860.5	-923.5	-880	892.5
drug_160	-682	-682	668.5	622.5	-611	630.5
drug_161	-476.5	453	551	-565	354	426
drug_162	-682	-682	668.5	622.5	-611	630.5
drug_163	562	-499.5	-519.5	-381.5	-377	-452.5
drug_164	-622	-653	-626	311.5	-522	-324
drug_165	493	-499.5	-519.5	423	-313	547.5
drug_166	-622	-653	-626	-235	-735.5	-324
drug_167	-648	-592	-228.5	-428.5	-456	343
drug_168	663	675	675	626	638	654
drug_169	-622	-653	-626	388.5	-528	596.5
drug_17	620	631	650	-653	-705	638
drug_170	335.5	-364.5	375	-494	-223	440
drug_171	525	576	-519.5	505	533.5	-590.5
drug_172	-592.5	-611.5	-626	452	-593	508
drug_173	-592.5	-611.5	-390.5	381.5	-494.5	-211.5
drug_174	525	576	-519.5	505	548	-590.5
drug_175	-489	308	-375	-583.5	-351.5	-402.5
drug_176	-640.5	-546.5	-598	440.5	-261.5	-230
drug_177	-393.5	526	585	-381.5	-650	-452.5
drug_178	-454	-291	-427	-538	-255	-223
drug_179	-671.5	-674.5	368	-591.5	-800.5	-656.5
drug_18	-836.5	-799.5	-676.5	508	-814	-817
drug_180	-454	-291	-427	-538	386	-223
drug_181	400	290	-427	-555.5	525.5	-289.5
drug_182	-393.5	526	585	-381.5	-650	-452.5
drug_183	493	431	-348	577	411.5	431.5
drug_184	-648	-592	-665	393	627.5	577.5
drug_185	493	431	-348	577	411.5	431.5
drug_186	-541.5	-449.5	409	-630.5	432.5	-648.5
drug_187	493	431	-348	577	411.5	431.5
drug_188	-648	-592	-665	393	292.5	577.5
drug_189	-476.5	-439.5	-653.5	-531	-380.5	-354
drug_19	855.5	853.5	867	-909	824.5	856
drug_190	-489	308	-375	-583.5	-352.5	-402.5
drug_191	-575.5	-565.5	-390.5	549.5	-460	-283.5
drug_192	400	290	-427	-555.5	321.5	-289.5
drug_193	-592.5	-611.5	-390.5	381.5	-185.5	-211.5
drug_194	-575.5	-565.5	-390.5	549.5	324.5	-283.5
drug_195	493	431	-348	577	415.5	431.5
drug_196	-476.5	-439.5	-653.5	-531	273	-354
drug_197	-592.5	-611.5	-626	452	-597.5	508
drug_198	493	431	-348	577	414.5	431.5
drug_199	-454	-291	-427	-538	181	-223
drug_2	-592.5	-611.5	-442.5	219.5	-445.5	-379.5
drug_20	-677	633	632	-662	584.5	629
drug_200	658	656	-671	-657	-658.5	651
drug_201	624	629	557	618	487.5	-620.5
drug_202	525	576	-519.5	505	698.5	-590.5
drug_203	616	628	617	597	743	-620.5
drug_204	-648	615	609.5	582.5	725.5	-542.5
drug_205	-657.5	-631.5	614	430	-532	-361
drug_206	493	431	-348	558	374	532
drug_207	548.5	466.5	399	-572	549	-539
drug_208	525	576	-519.5	505	698.5	-590.5
drug_209	572	554	-519.5	606	802	591
drug_21	853	861	884	-916	854	872
drug_210	-285.5	404.5	480.5	-494	-436.5	326.5
drug_211	-285.5	404.5	480.5	-494	-360	326.5
drug_212	525	576	-519.5	505	533.5	-590.5
drug_213	-592.5	-611.5	-390.5	482	420.5	601
drug_214	-285.5	404.5	480.5	-494	-210	326.5
drug_215	-648	-592	-304.5	523	455	-401
drug_216	-622	-653	-626	311.5	-522	-324
drug_217	525	576	-519.5	505	698.5	-590.5
drug_218	525	576	-519.5	505	548	-590.5
drug_219	-393.5	526	585	-381.5	-447.5	-452.5
drug_22	886	719	-596	295	831	-826.5
drug_220	605.5	612.5	616	482	584	365
drug_221	617	618	611	601	733	559
drug_222	-622	-653	-626	311.5	-646.5	-324
drug_223	493	431	-348	558	526	532
drug_224	525	576	-519.5	505	698.5	-590.5
drug_225	525	576	-519.5	505	563	-590.5
drug_226	-685	-685	-685	-559	460.5	574
drug_227	-648	-592	561	443	-504.5	487
drug_228	-648	615	609.5	582.5	575	-542.5
drug_229	-622	-653	-626	311.5	-735.5	-324
drug_23	-592.5	-611.5	-442.5	219.5	-539	-379.5
drug_230	493	431	-348	558	526	532
drug_231	-592.5	-611.5	-626	452	480.5	508
drug_232	-671.5	-674.5	368	-591.5	-800.5	-656.5
drug_233	-575.5	-565.5	-390.5	549.5	-458.5	-283.5
drug_234	-592.5	-611.5	-626	452	482.5	508
drug_235	-592.5	-611.5	-390.5	381.5	-405.5	-211.5
drug_236	-575.5	-565.5	-442.5	246	-484	-554
drug_237	-393.5	526	585	-381.5	-590.5	-452.5
drug_238	-285.5	-364.5	559	-286.5	-675.5	-547.5
drug_239	-393.5	526	585	-381.5	-408.5	-452.5
drug_24	-640.5	594	623	-658.5	570.5	598
drug_240	-285.5	-364.5	559	-286.5	-457	-547.5
drug_241	-476.5	-439.5	-653.5	-531	-289	-354
drug_242	-393.5	526	585	-381.5	-533	-452.5
drug_243	-393.5	526	585	-381.5	-590.5	-452.5
drug_244	-665	-626	636	-658.5	757	643
drug_245	-671.5	-674.5	368	-591.5	-587	-656.5
drug_246	586.5	597.5	382.5	-618.5	585.5	-677.5
drug_247	384.5	336.5	444.5	-295.5	426	-640.5
drug_248	-592.5	-611.5	-626	452	-685	508
drug_249	-393.5	526	585	-381.5	-363	-452.5
drug_25	-836.5	-799.5	-480	655	-543	-451
drug_250	525	576	-519.5	505	548	-590.5
drug_251	525	576	-519.5	505	566	-590.5
drug_252	-622	-653	-626	311.5	-522	-324
drug_253	554	603	543	-611	-773	-667
drug_254	-671.5	-674.5	368	-591.5	-805.5	-656.5
drug_255	638.5	641.5	639	-683	775	660
drug_256	-393.5	526	585	-381.5	-408.5	-452.5
drug_257	-592.5	-611.5	-626	452	482.5	508
drug_258	-541.5	-449.5	409	-630.5	431.5	-648.5
drug_259	-393.5	526	585	-381.5	561.5	-452.5
drug_26	-901.5	-780.5	479	873	668.5	548
drug_260	-768	-654	723.5	-839.5	-866	-936.5
drug_261	-926	-860	566	-831	-897	-935
drug_262	-932.5	-908.5	564	-854.5	-917	-919.5
drug_263	-654.5	756	819	-644.5	-777.5	-715.5
drug_264	-853.5	-845.5	-676.5	510	-834	778
drug_265	-600	-445	-609	-583.5	-470	680.5
drug_266	-654.5	756	819	-644.5	-766.5	-715.5
drug_267	559	-476	-498.5	-568	631.5	795
drug_268	795	511	444	-848.5	821.5	-908.5
drug_269	871.5	871.5	871	-936	907.5	895
drug_27	-909	-826	623	857	773.5	845
drug_270	795	599	586	-844	-878	-944
drug_271	617.5	566.5	678.5	-558.5	728.5	-903.5
drug_272	853	861	884	-916	916	872
drug_273	-836.5	-799.5	-624.5	811.5	601.5	-546.5
drug_274	-654.5	756	819	-644.5	-773	-715.5
drug_275	-899	-800	-814.5	759.5	-850	-813
drug_276	758	806	-753.5	767	806	-853.5
drug_277	-853.5	-845.5	-860	564	-833	779
drug_278	-883	-887	-860	573.5	-886.5	-587
drug_279	601	483	505.5	-577	-532.5	-775
drug_28	-918.5	-865.5	787.5	846.5	-830	809.5
drug_280	758	806	-753.5	767	809	-853.5
drug_281	-964	-820	-853.5	-586.5	-584.5	623.5
drug_282	-853.5	-845.5	-676.5	465	-903.5	-642.5
drug_283	589.5	434.5	-498.5	-577	-534.5	794
drug_284	678	-733.5	-753.5	797	808	-715.5
drug_285	824	692	-901	-554	-819	-815
drug_286	787	833	777	-874	-896	-930
drug_287	-654.5	756	819	-644.5	-707	-715.5
drug_288	696	453	-827	-588	734.5	847
drug_289	-918.5	-865.5	-916	-815	517.5	-632
drug_29	-853.5	-845.5	-624.5	590.5	-579	678.5
drug_290	640	621	620	666	615.5	454
drug_291	666.5	669.5	673	632	-570	635
drug_292	583	-269	-209	-585.5	-385	-645.5
drug_293	673	648	645	619	-572.5	632
drug_294	459.5	-242	-264.5	-305	-379.5	-346
drug_295	683	685	681	682	-808	670
drug_296	463	-364.5	-409	-286.5	-672.5	-547.5
drug_297	668	653	655	620	-697	628
drug_298	632.5	635.5	634.5	660.5	744	599.5
drug_299	368	-364.5	-409	-286.5	-459	-547.5
drug_3	-570.5	-432.5	-304.5	253.5	-483	-370.5
drug_30	-909	-826	789.5	732.5	-657.5	-495.5
drug_300	445	-499.5	-519.5	-381.5	-487.5	-452.5
drug_301	356.5	-242	-264.5	-305	-373	-346
drug_302	680	680	679	-680	628.5	681
drug_303	684	682	678	683	625.5	679
drug_304	463	-364.5	-409	-286.5	-675.5	-547.5
drug_305	459.5	-242	-264.5	-305	-375.5	-346
drug_306	665	650	656	613	-698.5	636
drug_307	326	-242	300.5	-305	-468.5	-346
drug_308	632.5	635.5	634.5	660.5	594.5	599.5
drug_309	625	619	628	-646	756	656
drug_31	652	614	-582	827.5	742.5	803
drug_310	392.5	-242	-264.5	-305	-248.5	-346
drug_311	678.5	683.5	683.5	678.5	-806.5	672.5
drug_312	678.5	683.5	683.5	678.5	-810	672.5
drug_313	681	681	680	680	632.5	680
drug_314	326	-242	300.5	-305	-251	-346
drug_315	682	686	685	-681.5	635.5	685
drug_316	643	617	619	669	608.5	579
drug_317	335.5	-364.5	433	-286.5	-672.5	-547.5
drug_318	636	626	621	665	583.5	336
drug_319	685	687	682	684	629.5	684
drug_32	-918.5	-865.5	787.5	846.5	-859.5	809.5
drug_320	764	-657.5	-641	-698	737	896.5
drug_321	639	-792.5	827.5	-585.5	-728.5	700.5
drug_322	887	532	-491	-836	720.5	-826
drug_323	934	928	915	-874	949	964
drug_324	871	704	-641	817.5	913	913.5
drug_325	878.5	887.5	675.5	-822.5	921.5	-881.5
drug_326	864	844	-812.5	809	932	884
drug_327	883	752	611	-822.5	846	-881.5
drug_328	785	721	-641	761	840.5	825
drug_329	764	598	-641	-722.5	751.5	857.5
drug_33	837	852	852	726	-751	-780
drug_330	737	-792.5	-812.5	738	844.5	764
drug_331	785	721	-641	780	746.5	724.5
drug_332	924.5	925.5	922	-868.5	937	950
drug_333	918	935	945	-872	956.5	933
drug_334	933	937	939	-875.5	954	943
drug_335	627.5	-657.5	668	-698	560	733
drug_336	-595.5	816	878	-585.5	679	-656.5
drug_337	919.5	929.5	934.5	-868.5	955.5	939.5
drug_338	924.5	925.5	917	-868.5	919	919
drug_339	921.5	933.5	936.5	-872	940	937.5
drug_34	846	845	762	874	705.5	-563
drug_340	639	-792.5	827.5	-585.5	-634	700.5
drug_341	553.5	694.5	773.5	-698	647.5	619.5
drug_342	914.5	913.5	-898	643.5	-771	839
drug_343	785	721	-641	761	848.5	825
drug_344	817	866	-812.5	708	883	-794.5
drug_345	711	674	-641	768.5	790.5	862
drug_346	947	939	918	-875.5	962	969
drug_347	919.5	929.5	934.5	-868.5	942	939.5
drug_348	921.5	933.5	936.5	-872	941	937.5
drug_349	-393.5	-499.5	534.5	-381.5	-561	-452.5
drug_35	-883	-887	-860	726	-834.5	785.5
drug_350	-671.5	-674.5	368	-591.5	-800.5	-656.5
drug_351	-393.5	-499.5	534.5	-381.5	-661	-452.5
drug_352	-285.5	-364.5	488	-286.5	-675.5	-547.5
drug_353	-622	-653	-626	262.5	-629	415.5
drug_354	-622	-653	-626	311.5	-718	-324
drug_355	-393.5	526	585	-381.5	-377	-452.5
drug_356	-671.5	-674.5	368	-591.5	-711.5	-656.5
drug_357	-622	-653	-626	311.5	-496.5	-324
drug_358	-622	-653	-626	262.5	-417	415.5
drug_359	-393.5	526	585	-381.5	-533	-452.5
drug_36	-853.5	-845.5	-624.5	811.5	-611	-474.5
drug_360	-393.5	526	585	-381.5	-501.5	-452.5
drug_361	-393.5	-499.5	534.5	-381.5	-408.5	-452.5
drug_362	-393.5	526	585	-381.5	-377	-452.5
drug_363	-393.5	-499.5	534.5	-381.5	-408.5	-452.5
drug_364	-393.5	-499.5	534.5	-381.5	410	-452.5
drug_365	-393.5	526	585	-381.5	-408.5	-452.5
drug_366	-622	-653	-626	262.5	-403.5	415.5
drug_367	-592.5	-611.5	-442.5	219.5	-750.5	-379.5
drug_368	-393.5	-499.5	534.5	-381.5	-408.5	-452.5
drug_369	-393.5	526	585	-381.5	-363	-452.5
drug_37	-918.5	-865.5	848	692	-894	-624
drug_370	-285.5	-364.5	559	-286.5	373	-547.5
drug_371	-393.5	526	585	-381.5	-408.5	-452.5
drug_372	-671.5	-674.5	368	-591.5	-711.5	-656.5
drug_373	-622	-653	-626	311.5	-512.5	-324
drug_374	-622	-653	-626	311.5	-499	-324
drug_375	-592.5	-611.5	-390.5	381.5	-494.5	-211.5
drug_376	-219	-242	404.5	-305	-251	448.5
drug_377	-657.5	-631.5	-681	-582	-332.5	220
drug_378	-622	-653	-626	311.5	-629	-324
drug_379	-393.5	526	585	-381.5	507	-452.5
drug_38	-901.5	-780.5	640	749	-499.5	-453.5
drug_380	419	384	-348	577	485	366
drug_381	671	672	670	674	675.5	634
drug_382	677	678	648	676	-605	-683
drug_383	660	666	667	667	-695.5	642
drug_384	674	668	659	670	-681.5	641
drug_385	472	308	-348	-518.5	-398.5	512
drug_386	326	-242	-296.5	479	-322	500
drug_387	-285.5	404.5	480.5	-494	-347.5	326.5
drug_388	472	308	-238.5	586	387.5	-235
drug_389	525	576	-519.5	505	548	-590.5
drug_39	-654.5	756	819	-644.5	-738.5	-715.5
drug_390	572	554	-519.5	606	597	591
drug_391	493	431	-519.5	-454.5	437	-590.5
drug_392	676	677	657	675	-598	652
drug_393	-393.5	-499.5	534.5	-381.5	-533	-452.5
drug_394	-393.5	-499.5	534.5	-381.5	-622	-452.5
drug_395	-393.5	526	585	-381.5	-408.5	-452.5
drug_396	445	-499.5	-519.5	535	663	471
drug_397	-285.5	404.5	434.5	-494	364	497.5
drug_398	493	431	-348	577	411.5	431.5
drug_399	493	431	-519.5	-454.5	587.5	-590.5
drug_4	384.5	336.5	444.5	-295.5	-479.5	-640.5
drug_40	-883	-887	-860	573.5	-810.5	-587
drug_400	579	414	-519.5	555	571.5	608
drug_401	-665	-626	-669	-627	313	230
drug_402	472	308	-348	-518.5	568	564.5
drug_403	593.5	326.5	-224	-629	407.5	-662
drug_404	356.5	-242	-296.5	415	219.5	-306.5
drug_405	384.5	-364.5	-519.5	-454.5	461.5	-590.5
drug_406	572	554	-519.5	606	601.5	591
drug_407	-219	270.5	473	204	-588.5	-556.5
drug_408	318	199	-375	-329	-339.5	580
drug_409	368	253	-322	230	-589.5	-556.5
drug_41	-853.5	-845.5	-624.5	811.5	-656	-474.5
drug_410	562	281	-322	265	494.5	-647
drug_411	-339	231	-593	-325	479.5	-563
drug_412	-240.5	192	-309	205	156.5	-293
drug_413	463	223	-593	-325	492.5	613
drug_414	-339	-211	-375	-320.5	-354.5	446.5
drug_415	384.5	336.5	444.5	-295.5	-475.5	-640.5
drug_416	-339	231	-593	-325	481	-563
drug_417	-339	231	-593	-325	329	-563
drug_418	-339	211.5	388	-279	-359	-518
drug_419	493	431	-419	387	-454	537
drug_42	-853.5	-845.5	-624.5	811.5	-611	-474.5
drug_420	368	253	324.5	-314	-413.5	515.5
drug_421	384.5	336.5	444.5	-295.5	-475.5	-640.5
drug_422	544.5	328.5	-409	385	569.5	-640.5
drug_423	368	253	324.5	-314	-413.5	515.5
drug_424	-507	-420	489.5	-576.5	-471.5	-673.5
drug_425	525	576	-519.5	505	753	-590.5
drug_426	593.5	326.5	-215.5	616	517.5	573
drug_427	-454	-291	-593	-318.5	344	-406.5
drug_428	-454	-291	-593	-318.5	-194	-406.5
drug_429	-454	384	-653.5	-547	474	-526
drug_43	-853.5	-845.5	-624.5	590.5	-645.5	678.5
drug_430	525	576	-519.5	505	-453.5	-590.5
drug_431	-219	-242	440.5	-305	-468.5	-346
drug_432	-339	231	-593	-325	198.5	-563
drug_433	463	223	-593	-325	493.5	613
drug_434	572	554	-519.5	606	601.5	591
drug_435	-476.5	-439.5	-653.5	-531	589	563
drug_436	-219	-242	440.5	-305	-159.5	-346
drug_437	445	-499.5	-519.5	535	663	471
drug_438	-393.5	526	585	-381.5	-408.5	-452.5
drug_439	445	-499.5	-519.5	535	-501.5	471
drug_44	838.5	842.5	846	811.5	600.5	-563
drug_440	-393.5	526	585	-381.5	-436.5	-452.5
drug_441	445	-499.5	-519.5	535	503	471
drug_442	-285.5	404.5	480.5	-494	312.5	326.5
drug_443	445	-499.5	-519.5	535	-561	471
drug_444	-206.5	337	398	-569.5	-322.5	-640.5
drug_445	-206.5	337	398	-569.5	-261.5	-640.5
drug_446	258	-312.5	-332.5	722	349.5	-640.5
drug_447	-393.5	526	585	-381.5	-436.5	-452.5
drug_448	445	-499.5	-519.5	535	503	471
drug_449	-393.5	526	585	-381.5	-501.5	-452.5
drug_45	-909	-826	789.5	732.5	-621	-495.5
drug_450	419	384	-348	565.5	463.5	569
drug_451	-393.5	526	585	-381.5	-533	-452.5
drug_452	855	932	-854	-860	857	866
drug_453	648	661	-677	-640	644.5	666
drug_454	-393.5	526	585	-381.5	-408.5	-452.5
drug_455	445	-499.5	-519.5	535	503	471
drug_456	-393.5	526	585	-381.5	-533	-452.5
drug_457	-393.5	526	585	-381.5	507	-452.5
drug_458	648	661	-677	-640	847	666
drug_459	648	661	-677	-640	795	666
drug_46	678	-733.5	-753.5	797	-766.5	-715.5
drug_460	-393.5	526	585	-381.5	-436.5	-452.5
drug_461	-393.5	526	585	-381.5	383	-452.5
drug_462	419	384	-348	565.5	616	569
drug_463	648	661	-677	-640	797	666
drug_464	445	-499.5	-519.5	535	503	471
drug_465	653.5	654.5	-671	-653	647.5	674.5
drug_466	758	806	-753.5	767	825	-853.5
drug_467	781.5	696.5	633	-835	701.5	-802
drug_468	819.5	827.5	616.5	-881.5	-874.5	-940.5
drug_469	-654.5	756	819	-644.5	-693	-715.5
drug_47	-918.5	-865.5	848	692	-862	-624
drug_470	758	806	-753.5	767	825	-853.5
drug_471	678	-733.5	-753.5	797	789.5	-715.5
drug_472	758	806	-753.5	767	791	-853.5
drug_473	758	806	-753.5	767	825	-853.5
drug_474	678	-733.5	-753.5	797	780	-715.5
drug_475	787	833	777	-874	-938.5	-930
drug_476	678	-733.5	-753.5	797	780	-715.5
drug_477	781.5	696.5	633	-835	702.5	-802
drug_478	795	-525	-498.5	849	722.5	-802
drug_479	758	806	-753.5	767	810.5	-853.5
drug_48	591	462	231	-623.5	-598.5	-627.5
drug_480	805	784	-753.5	868	844.5	-853.5
drug_481	758	806	-753.5	767	853	-853.5
drug_482	-737.5	683	785	-828	-592.5	660
drug_483	-654.5	756	819	-644.5	-738.5	-715.5
drug_484	-654.5	756	819	-644.5	-707	-715.5
drug_485	805	784	-753.5	868	878.5	-853.5
drug_486	840	836	-522	-881.5	-877	-940.5
drug_487	819.5	827.5	616.5	-881.5	-919.5	-940.5
drug_488	758	806	-753.5	767	791	-853.5
drug_489	758	806	-753.5	767	791	-853.5
drug_49	335.5	-364.5	375	-494	388	440
drug_490	758	806	-753.5	767	825	-853.5
drug_491	787	833	777	-874	-924	-930
drug_492	678	-733.5	-753.5	797	-777.5	-715.5
drug_493	-546.5	634.5	714.5	-757	-574.5	560.5
drug_494	777.5	558.5	-498.5	-835	611	-802
drug_495	-654.5	756	819	-644.5	-707	-715.5
drug_496	908	909	911	933	-943	-945
drug_5	493	431	-348	577	559	431.5
drug_50	548.5	466.5	379	-623.5	485	-627.5
drug_51	-592.5	-611.5	-390.5	272.5	-494.5	538.5
drug_52	-393.5	526	585	-381.5	-436.5	-452.5
drug_53	445	-499.5	-519.5	535	-533	471
drug_54	-622	-653	-626	311.5	-504.5	-324
drug_55	445	-499.5	-519.5	535	-561	471
drug_56	-622	-653	-626	311.5	-637	-324
drug_57	-622	-653	-626	464	591.5	551.5
drug_58	-682	-682	-683.5	648.5	801	682.5
drug_59	-592.5	-611.5	-390.5	272.5	-281	538.5
drug_6	368	253	271.5	-314	-416	-512
drug_60	-454	318.5	390	-569	191.5	-229
drug_61	-682	-682	-683.5	648.5	-819.5	682.5
drug_62	-679	646	-673	645	842.5	678
drug_63	-622	-653	-626	311.5	-426.5	-324
drug_64	-622	-653	-626	464	-512.5	551.5
drug_65	554	603	543	-611	-688	-667
drug_66	-622	-653	-626	388.5	-417	596.5
drug_67	653.5	654.5	-671	-653	799	674.5
drug_68	-622	-653	-626	262.5	-499	415.5
drug_69	562	-554.5	409	-611	-777	-667
drug_7	-592.5	-611.5	-442.5	219.5	-539	-379.5
drug_70	-622	-653	-626	311.5	-512.5	-324
drug_71	-622	-653	-626	464	-718	551.5
drug_72	392.5	-211	239	-428.5	-174	311
drug_73	-678	-598	214	-635	-535	-623
drug_74	579	-449.5	327	-634	-767.5	-651
drug_75	-671.5	-674.5	368	-591.5	-711.5	-656.5
drug_76	419	384	-348	565.5	469.5	569
drug_77	-622	-653	-626	311.5	-718	-324
drug_78	-671.5	-674.5	368	-591.5	-711.5	-656.5
drug_79	493	-499.5	-519.5	423	580.5	547.5
drug_8	368	253	271.5	-314	400.5	-512
drug_80	-622	-653	-626	464	593	551.5
drug_81	-622	-653	-626	311.5	-735.5	-324
drug_82	-393.5	526	585	-381.5	582	-452.5
drug_83	648	661	-677	-640	640.5	666
drug_84	648	661	-677	-640	-794	666
drug_85	445	-499.5	-519.5	535	512.5	471
drug_86	419	384	-348	565.5	-451.5	569
drug_87	335.5	-364.5	375	-494	237.5	440
drug_88	419	384	-348	565.5	465.5	569
drug_89	445	-499.5	-519.5	535	653.5	471
drug_9	-648	-592	-228.5	-428.5	-367	229
drug_90	-393.5	-499.5	534.5	-381.5	-377	-452.5
drug_91	-393.5	-499.5	534.5	-381.5	-501.5	-452.5
drug_92	-285.5	404.5	480.5	-494	312.5	326.5
drug_93	445	-499.5	-519.5	535	663	471
drug_94	472	-364.5	-348	-494	552.5	603.5
drug_95	-476.5	453	551	-565	356	426
drug_96	-285.5	404.5	480.5	-494	-360	326.5
drug_97	-393.5	526	585	-381.5	-622	-452.5
drug_98	-285.5	404.5	480.5	-494	312.5	326.5
drug_99	472	-364.5	-348	-494	605	603.5
