ad	density	cc	spath	eigencentr	betwcentr
drug_1	-574.5	815.5	811.5	-691.5	809.5	749.5
drug_10	-453.5	-458.5	-412	-479	434.5	-616
drug_100	657.5	589.5	655.5	354.5	766	604.5
drug_101	635	645	690	665	484	622
drug_102	635	645	690	665	746	622
drug_103	644	609	660	651.5	590.5	580
drug_104	651	618	667	454.5	401.5	663
drug_105	635	645	690	665	-707.5	622
drug_106	635	645	690	665	601	622
drug_107	635	645	690	665	746	622
drug_108	635	645	690	665	677.5	622
drug_109	651	618	667	454.5	637	663
drug_11	-303	533	605	-422	705.5	461
drug_110	-555.5	-693.5	-719.5	-616.5	-806	-514.5
drug_111	-555.5	-693.5	-719.5	-616.5	-746	-514.5
drug_112	-555.5	-693.5	-719.5	-616.5	-725.5	-514.5
drug_113	-633	-588	-591.5	-505.5	-505	-747.5
drug_114	-555.5	-693.5	-719.5	-616.5	-677	-514.5
drug_115	489.5	-571.5	-655.5	-467.5	-612	-647.5
drug_116	489.5	-571.5	-655.5	-467.5	-615.5	-647.5
drug_117	-555.5	-693.5	-719.5	-616.5	-574	-514.5
drug_118	489.5	-571.5	-655.5	-467.5	-428.5	-647.5
drug_119	688.5	685.5	752.5	697.5	666	652.5
drug_12	604.5	630.5	312	558	275	-526
drug_120	-555.5	-693.5	-719.5	-616.5	-790.5	-514.5
drug_121	-555.5	-693.5	-719.5	-616.5	-725.5	-514.5
drug_122	-303	533	605	-422	674.5	461
drug_123	-555.5	-693.5	-719.5	-616.5	-746	-514.5
drug_124	-555.5	-693.5	-719.5	-616.5	-609.5	-514.5
drug_125	-555.5	-693.5	-719.5	-616.5	-609.5	-514.5
drug_126	-555.5	-693.5	-719.5	-616.5	-742.5	-514.5
drug_127	335	364	534.5	-237.5	-420	-570.5
drug_128	-680	674	746.5	686.5	671	674.5
drug_129	489.5	-571.5	-655.5	-467.5	-778	-647.5
drug_13	555.5	799.5	399.5	598.5	330	666.5
drug_130	489.5	-571.5	-655.5	-467.5	-492.5	-647.5
drug_131	-555.5	-693.5	-719.5	-616.5	-859.5	-514.5
drug_132	335	364	534.5	-237.5	348.5	-570.5
drug_133	489.5	-571.5	-655.5	-467.5	-492.5	-647.5
drug_134	-303	533	605	-422	-607.5	461
drug_135	-555.5	-693.5	-719.5	-616.5	-806	-514.5
drug_136	-670.5	-736.5	-679.5	-667	-484.5	553.5
drug_137	489.5	-571.5	-655.5	-467.5	-731.5	-647.5
drug_138	-555.5	-693.5	-719.5	-616.5	-895	-514.5
drug_139	489.5	-571.5	-655.5	-467.5	-619.5	-647.5
drug_14	-303	533	605	-422	-549.5	461
drug_140	489.5	-571.5	-655.5	-467.5	-731.5	-647.5
drug_141	-555.5	-693.5	-719.5	-616.5	-674.5	-514.5
drug_142	-694	-771	-772	-702	-777	-734
drug_143	-555.5	-693.5	-719.5	-616.5	-725.5	-514.5
drug_144	-686.5	-758.5	-759.5	-689.5	-883	-713.5
drug_145	-703.5	-761.5	-762.5	-692.5	-768	-761.5
drug_146	-703.5	-761.5	-762.5	-692.5	-886	-761.5
drug_147	-694	-771	-772	-702	-946.5	-734
drug_148	-694	-771	-772	-702	-605	-734
drug_149	-694	-771	-772	-702	-779.5	-734
drug_15	555.5	799.5	399.5	598.5	-322.5	666.5
drug_150	-694	-771	-772	-702	-658.5	-734
drug_151	-703.5	-761.5	-762.5	-692.5	-563.5	-761.5
drug_152	-649	-644	-629	-566	-814	-681
drug_153	-694	-771	-772	-702	-670	-734
drug_154	-555.5	-693.5	-719.5	-616.5	-841.5	-514.5
drug_155	-694	-771	-772	-702	-661	-734
drug_156	-303	533	605	-422	725.5	461
drug_157	-608	-750	-673	-678	-581	-662
drug_158	-608	-750	-673	-678	-757.5	-662
drug_159	-694	-771	-772	-702	-563.5	-734
drug_16	-303	533	605	-422	529.5	461
drug_160	-694	-771	-772	-702	-949	-734
drug_161	-694	-771	-772	-702	-658.5	-734
drug_162	-694	-771	-772	-702	-781.5	-734
drug_163	-703.5	-761.5	-762.5	-692.5	-888	-761.5
drug_164	-555.5	-693.5	-719.5	-616.5	-806	-514.5
drug_165	-555.5	-693.5	-719.5	-616.5	-725.5	-514.5
drug_166	-694	-771	-772	-702	-784	-734
drug_167	-703.5	-761.5	-762.5	-692.5	-886	-761.5
drug_168	-694	-771	-772	-702	-953.5	-734
drug_169	-694	-771	-772	-702	-900	-734
drug_17	555.5	799.5	399.5	598.5	307	666.5
drug_170	-555.5	-693.5	-719.5	-616.5	-725.5	-514.5
drug_171	-303	533	605	-422	705.5	461
drug_172	-303	533	605	-422	606	461
drug_173	-303	533	605	-422	-540.5	461
drug_174	-303	533	605	-422	-555.5	461
drug_175	671.5	698.5	774.5	683.5	682	654.5
drug_176	-432	-545	527	-485	605.5	563
drug_177	-400.5	-442.5	549.5	-369.5	-432.5	-602.5
drug_178	-303	533	605	-422	-555.5	461
drug_179	-303	533	605	-422	756.5	461
drug_18	555.5	799.5	399.5	598.5	330	666.5
drug_180	-400.5	-442.5	549.5	-369.5	-553.5	-602.5
drug_181	-400.5	-442.5	549.5	-369.5	-545.5	-602.5
drug_182	-303	533	605	-422	-678	461
drug_183	-432	-545	527	-485	688	563
drug_184	-303	533	605	-422	-639	461
drug_185	-400.5	-442.5	549.5	-369.5	463.5	-602.5
drug_186	-303	533	605	-422	529.5	461
drug_187	-400.5	-442.5	549.5	-369.5	-619.5	-602.5
drug_188	-303	533	605	-422	-692.5	461
drug_189	-303	533	605	-422	606	461
drug_19	-303	533	605	-422	-658	461
drug_190	-400.5	-442.5	549.5	-369.5	463.5	-602.5
drug_191	-728	-668	-625.5	-753.5	-615	-837.5
drug_192	-400.5	-442.5	549.5	-369.5	-437.5	-602.5
drug_193	-400.5	-442.5	549.5	-369.5	-437.5	-602.5
drug_194	-303	533	605	-422	654.5	461
drug_195	-432	-545	527	-485	-465	563
drug_196	-303	533	605	-422	-379	461
drug_197	-400.5	-442.5	549.5	-369.5	395	-602.5
drug_198	-432	-545	527	-485	-585	563
drug_199	-303	533	605	-422	654.5	461
drug_2	-303	533	605	-422	586	461
drug_20	555.5	799.5	399.5	598.5	-330	666.5
drug_200	-303	533	605	-422	-669	461
drug_201	335	364	534.5	-237.5	-533	-570.5
drug_202	-453.5	-458.5	386.5	-493	-453.5	-724.5
drug_203	335	364	534.5	-237.5	561	-570.5
drug_204	-453.5	-458.5	386.5	-493	-568	-724.5
drug_205	-303	533	605	-422	617	461
drug_206	-440.5	-559.5	503.5	-500.5	-387	-622.5
drug_207	-303	533	605	-422	-555.5	461
drug_208	664.5	682.5	771.5	675.5	809	678.5
drug_209	-400.5	-442.5	549.5	-369.5	520.5	-602.5
drug_21	-303	533	605	-422	350.5	461
drug_210	-440.5	-559.5	503.5	-500.5	-682	-622.5
drug_211	-400.5	-442.5	549.5	-369.5	-437.5	-602.5
drug_212	-303	533	605	-422	586	461
drug_213	-303	533	605	-422	-491.5	461
drug_214	-386.5	-366.5	-390.5	-258	-540.5	-715.5
drug_215	-349	-316	401	-226	-345	-711
drug_216	-440.5	-559.5	503.5	-500.5	452.5	-622.5
drug_217	-386.5	-366.5	-390.5	-258	358	-715.5
drug_218	-349	-316	401	-226	437	-711
drug_219	-440.5	-559.5	503.5	-500.5	-677	-622.5
drug_22	-587.5	816.5	812.5	-702.5	794	751.5
drug_220	-440.5	-559.5	503.5	-500.5	-561	-622.5
drug_221	676	674	751.5	617	662	-717.5
drug_222	-386.5	-366.5	-390.5	-258	-594	-715.5
drug_223	-445.5	-323.5	319.5	-247.5	-512.5	-758.5
drug_224	335	364	534.5	-237.5	-244.5	-570.5
drug_225	-400.5	-442.5	549.5	-369.5	-446	-602.5
drug_226	-400.5	-442.5	549.5	-369.5	476.5	-602.5
drug_227	-303	533	605	-422	476	461
drug_228	-349	-316	401	-226	-346	-711
drug_229	-369.5	-341.5	-414.5	-246	-241	600.5
drug_23	671.5	698.5	774.5	683.5	613.5	654.5
drug_230	-453.5	-458.5	386.5	-493	-569.5	-724.5
drug_231	-400.5	-442.5	549.5	-369.5	-553.5	-602.5
drug_232	-432	-545	527	-485	-581	563
drug_233	-303	533	605	-422	692	461
drug_234	-649	-644	-629	-566	-639	-681
drug_235	-649	-644	-629	-566	-808.5	-681
drug_236	-598.5	-552.5	-577.5	-383.5	-453	-743.5
drug_237	-400.5	-442.5	549.5	-369.5	-558	-602.5
drug_238	489.5	-571.5	-655.5	-467.5	-724.5	-647.5
drug_239	489.5	-571.5	-655.5	-467.5	-604	-647.5
drug_24	-586.5	-709.5	-705.5	-700.5	-697.5	742.5
drug_240	489.5	-571.5	-655.5	-467.5	-785	-647.5
drug_241	-555.5	-693.5	-719.5	-616.5	-563.5	-514.5
drug_242	-598.5	-552.5	-577.5	-383.5	-451	-743.5
drug_243	489.5	-571.5	-655.5	-467.5	-432	-647.5
drug_244	-555.5	-693.5	-719.5	-616.5	-558.5	-514.5
drug_245	-345	-311	521.5	258.5	-340	-269.5
drug_246	-555.5	-693.5	-719.5	-616.5	-725.5	-514.5
drug_247	-555.5	-693.5	-719.5	-616.5	-624	-514.5
drug_248	-649	-644	-629	-566	-633	-681
drug_249	680.5	692.5	763.5	693.5	754	649.5
drug_25	538.5	384.5	511	473.5	562	542
drug_250	-303	533	605	-422	685.5	461
drug_251	379.5	-341.5	493.5	-299.5	485	-450.5
drug_252	-555.5	-693.5	-719.5	-616.5	-862	-514.5
drug_253	-303	533	605	-422	-523	461
drug_254	-649	-644	-629	-566	-636	-681
drug_255	-555.5	-693.5	-719.5	-616.5	-895	-514.5
drug_256	-598.5	-552.5	-577.5	-383.5	-570.5	-743.5
drug_257	-598.5	-552.5	-577.5	-383.5	-570.5	-743.5
drug_258	489.5	-571.5	-655.5	-467.5	-615.5	-647.5
drug_259	489.5	-571.5	-655.5	-467.5	-615.5	-647.5
drug_26	667	634	706	655	495.5	672
drug_260	476.5	-321.5	562.5	286.5	440.5	-416.5
drug_261	-633	-588	-556.5	-535.5	465.5	-699.5
drug_262	514	576	648	441	447.5	588
drug_263	-633	-588	-556.5	-535.5	-576.5	-699.5
drug_264	-633	-588	-556.5	-535.5	-581	-699.5
drug_265	692	688	760	686.5	817	677
drug_266	-633	-588	-556.5	-535.5	-576.5	-699.5
drug_267	565	-605	-587	571	467.5	576
drug_268	-899	552	-281	-799	497.5	585
drug_269	514	576	648	441	499.5	588
drug_27	667	634	706	655	445	672
drug_270	-633	-588	-556.5	-535.5	-581	-699.5
drug_271	-685.5	-757.5	-758.5	-688.5	-766	-746.5
drug_272	-633	-588	-556.5	-535.5	-404.5	-699.5
drug_273	-303	533	605	-422	617	461
drug_274	-633	-588	-556.5	-535.5	-581	-699.5
drug_275	-633	-588	-556.5	-535.5	-697	-699.5
drug_276	680.5	692.5	767	693.5	-831.5	-669
drug_277	-633	-588	-556.5	-535.5	-465	-699.5
drug_278	-766	-395	-383.5	365.5	-821	-770.5
drug_279	690	654	749	677	870	-706
drug_28	661	678	756	643	542.5	685
drug_280	565	-605	-587	571	-741.5	576
drug_281	565	-605	-587	571	-741.5	576
drug_282	690	654	749	677	655	-706
drug_283	-670.5	-736.5	-643	-667	-670.5	-752
drug_284	565	-605	-587	571	667	576
drug_285	-569	804.5	393.5	-685.5	744.5	737.5
drug_286	959	953	559	925	898	971
drug_287	969	962	486	963.5	499	956
drug_288	565	-605	-587	571	-625.5	576
drug_289	-918.5	-799.5	-761	-818	-782	-926
drug_29	-303	533	605	-422	699	461
drug_290	-787.5	673.5	-475.5	-848.5	657.5	616.5
drug_291	-787.5	673.5	-475.5	-848.5	680	616.5
drug_292	-787.5	673.5	-475.5	-848.5	662.5	616.5
drug_293	-787.5	673.5	-475.5	-848.5	681.5	616.5
drug_294	-787.5	673.5	-475.5	-848.5	657.5	616.5
drug_295	-787.5	673.5	-475.5	-848.5	674	616.5
drug_296	-849.5	583	-372	809	741.5	529
drug_297	-849.5	583	-372	809	702	529
drug_298	-535	765	362	-654	784.5	704
drug_299	-916	467.5	-364.5	-892.5	545.5	795.5
drug_3	616.5	644.5	723	634	751	561
drug_30	616.5	629.5	699.5	648.5	589	606.5
drug_300	-857	583	-374	817.5	548	562
drug_301	-787.5	673.5	-475.5	-848.5	683.5	616.5
drug_302	-787.5	673.5	-475.5	-848.5	647	616.5
drug_303	612.5	627.5	279.5	597.5	826	538.5
drug_304	-787.5	673.5	-475.5	-848.5	693	616.5
drug_305	-787.5	673.5	-475.5	-848.5	693	616.5
drug_306	-787.5	673.5	-475.5	-848.5	681.5	616.5
drug_307	-787.5	673.5	-475.5	-848.5	682.5	616.5
drug_308	-787.5	673.5	-475.5	-848.5	683.5	616.5
drug_309	-787.5	673.5	-475.5	-848.5	684.5	616.5
drug_31	514	576	648	441	-534	588
drug_310	-787.5	673.5	-475.5	-848.5	647	616.5
drug_311	-787.5	673.5	-475.5	-848.5	719	616.5
drug_312	-787.5	673.5	-475.5	-848.5	657.5	616.5
drug_313	-535	765	362	-654	815.5	704
drug_314	-787.5	673.5	-475.5	-848.5	698	616.5
drug_315	-787.5	673.5	-475.5	-848.5	647	616.5
drug_316	-787.5	673.5	-475.5	-848.5	707.5	616.5
drug_317	-787.5	673.5	-475.5	-848.5	724	616.5
drug_318	-787.5	673.5	-475.5	-848.5	657.5	616.5
drug_319	-787.5	673.5	-475.5	-848.5	673	616.5
drug_32	616.5	629.5	699.5	648.5	471	606.5
drug_320	625.5	493.5	657.5	289.5	619.5	-721.5
drug_321	-665	-409	568	-331	-354	-719
drug_322	489.5	-571.5	-655.5	-467.5	-432	-647.5
drug_323	489.5	-571.5	-655.5	-467.5	-503.5	-647.5
drug_324	-622	591	674	617	-656	-629
drug_325	-665	-409	568	-331	-355	-719
drug_326	-598.5	-552.5	-577.5	-383.5	-568	-743.5
drug_327	651	618	667	454.5	-596	663
drug_328	591	586	679.5	255.5	726.5	-635.5
drug_329	591	586	679.5	255.5	581.5	-635.5
drug_33	538.5	384.5	511	473.5	366	542
drug_330	651	618	667	454.5	-480	663
drug_331	622.5	640.5	236	632	265.5	565
drug_332	625.5	493.5	657.5	289.5	473	-721.5
drug_333	-622	591	674	617	-486.5	-629
drug_334	335	364	534.5	-237.5	490	-570.5
drug_335	591	586	679.5	255.5	658	-635.5
drug_336	651	618	667	454.5	637	663
drug_337	697.5	701.5	776.5	700.5	612.5	690.5
drug_338	651	618	667	454.5	-484	663
drug_339	651	618	667	454.5	705.5	663
drug_34	-303	533	605	-422	-499.5	461
drug_340	651	618	667	454.5	560.5	663
drug_341	696.5	700.5	777.5	673.5	879	697.5
drug_342	-458.5	-537.5	-462.5	-493	-461	554.5
drug_343	680.5	692.5	763.5	693.5	674	649.5
drug_344	635	645	690	665	739.5	622
drug_345	625.5	493.5	657.5	289.5	551	-721.5
drug_346	693.5	702.5	780.5	699.5	570	689.5
drug_347	-649	-644	-629	-566	-633	-681
drug_348	576	600	719	605	552.5	510
drug_349	-608	-750	-673	-678	-927	-662
drug_35	667	634	706	655	612.5	672
drug_350	-444.5	-413.5	403.5	-357.5	460	-626.5
drug_351	-670.5	-736.5	-643	-667	-668.5	-752
drug_352	-608	-750	-673	-678	-588	-662
drug_353	-608	-750	-673	-678	-586	-662
drug_354	-400.5	-442.5	549.5	-369.5	469.5	-602.5
drug_355	-432	-545	527	-485	346	563
drug_356	-453.5	-458.5	-412	-479	-411	-616
drug_357	-608	-750	-673	-678	-757.5	-662
drug_358	-681.5	-756.5	-680.5	-687.5	-637	-670.5
drug_359	-684	-633	-574.5	-660.5	-652	-757.5
drug_36	661	678	756	643	594.5	685
drug_360	-660.5	-654.5	-590.5	-667	-788	-707.5
drug_361	-670.5	-736.5	-643	-667	-670.5	-752
drug_362	-303	533	605	-422	-719	461
drug_363	-608	-750	-673	-678	-762.5	-662
drug_364	-608	-750	-673	-678	-927	-662
drug_365	-608	-750	-673	-678	-757.5	-662
drug_366	-680	655.5	750.5	679.5	-623	-756.5
drug_367	-608	-750	-673	-678	-757.5	-662
drug_368	-670.5	-736.5	-643	-667	-668.5	-752
drug_369	680.5	692.5	767	693.5	814.5	-669
drug_37	602.5	664.5	736.5	630.5	717	638.5
drug_370	-670.5	-736.5	-643	-667	-665	-752
drug_371	-670.5	-736.5	-643	-667	-490.5	-752
drug_372	-670.5	-736.5	-643	-667	-488.5	-752
drug_373	-432	-545	527	-485	-349	563
drug_374	-670.5	-736.5	-643	-667	-665	-752
drug_375	-608	-750	-673	-678	-757.5	-662
drug_376	-608	-750	-673	-678	-588	-662
drug_377	-710.5	-748.5	-665.5	-761.5	-662	836.5
drug_378	-303	533	605	-422	-540.5	461
drug_379	576	600	719	605	506.5	510
drug_38	602.5	664.5	736.5	630.5	637	638.5
drug_380	-400.5	-442.5	549.5	-369.5	-562	-602.5
drug_381	-303	533	605	-422	-540.5	461
drug_382	576	600	719	605	562	510
drug_383	602.5	664.5	736.5	630.5	791	638.5
drug_384	602.5	664.5	736.5	630.5	640.5	638.5
drug_385	899.5	-529.5	-514.5	904.5	-547	907.5
drug_386	602.5	664.5	736.5	630.5	782	638.5
drug_387	602.5	664.5	736.5	630.5	646	638.5
drug_388	602.5	664.5	736.5	630.5	529	638.5
drug_389	602.5	664.5	736.5	630.5	782	638.5
drug_39	661	678	756	643	802.5	685
drug_390	576	600	719	605	502	510
drug_391	576	600	719	605	628.5	510
drug_392	-400.5	-442.5	549.5	-369.5	-566	-602.5
drug_393	576	600	719	605	773.5	510
drug_394	602.5	664.5	736.5	630.5	722.5	638.5
drug_395	-303	533	605	-422	705.5	461
drug_396	587	611	709	614	737.5	681
drug_397	602.5	664.5	736.5	630.5	529	638.5
drug_398	-400.5	-442.5	549.5	-369.5	476.5	-602.5
drug_399	576	600	719	605	844.5	510
drug_4	-303	533	605	-422	-719	461
drug_40	667	634	706	655	691	672
drug_400	602.5	664.5	736.5	630.5	584	638.5
drug_401	627.5	649.5	775	635	752	888
drug_402	602.5	664.5	736.5	630.5	635	638.5
drug_403	576	600	719	605	619	510
drug_404	602.5	664.5	736.5	630.5	646	638.5
drug_405	576	600	719	605	619	510
drug_406	576	600	719	605	506.5	510
drug_407	-787.5	673.5	-475.5	-848.5	681.5	616.5
drug_408	-787.5	673.5	-475.5	-848.5	684.5	616.5
drug_409	-881	491	-385	-798	495	500
drug_41	661	678	756	643	804.5	685
drug_410	-535	765	362	-654	774.5	704
drug_411	-881	491	-385	-798	506	500
drug_412	-787.5	673.5	-475.5	-848.5	657.5	616.5
drug_413	-787.5	673.5	-475.5	-848.5	657.5	616.5
drug_414	-787.5	673.5	-475.5	-848.5	633.5	616.5
drug_415	-632.5	533.5	306.5	-601.5	628.5	473.5
drug_416	-881	491	-385	-798	480.5	500
drug_417	-881	491	-385	-798	511.5	500
drug_418	-881	491	-385	-798	466.5	500
drug_419	-787.5	673.5	-475.5	-848.5	623	616.5
drug_42	616.5	629.5	699.5	648.5	470	606.5
drug_420	-632.5	533.5	306.5	-601.5	585	473.5
drug_421	-787.5	673.5	-475.5	-848.5	633.5	616.5
drug_422	-881	491	-385	-798	510	500
drug_423	-881	491	-385	-798	506	500
drug_424	-881	491	-385	-798	506	500
drug_425	-881	491	-385	-798	522.5	500
drug_426	-881	491	-385	-798	506	500
drug_427	-881	491	-385	-798	495	500
drug_428	-787.5	673.5	-475.5	-848.5	708.5	616.5
drug_429	-787.5	673.5	-475.5	-848.5	633.5	616.5
drug_43	661	678	756	643	802.5	685
drug_430	-787.5	673.5	-475.5	-848.5	633.5	616.5
drug_431	-881	491	-385	-798	495	500
drug_432	-787.5	673.5	-475.5	-848.5	643	616.5
drug_433	-881	491	-385	-798	491.5	500
drug_434	-535	765	362	-654	791.5	704
drug_435	-881	491	-385	-798	480.5	500
drug_436	-787.5	673.5	-475.5	-848.5	681.5	616.5
drug_437	-555.5	-693.5	-719.5	-616.5	-690	-514.5
drug_438	-555.5	-693.5	-719.5	-616.5	-823.5	-514.5
drug_439	-555.5	-693.5	-719.5	-616.5	-746	-514.5
drug_44	602.5	664.5	736.5	630.5	795.5	638.5
drug_440	-555.5	-693.5	-719.5	-616.5	-725.5	-514.5
drug_441	-555.5	-693.5	-719.5	-616.5	-823.5	-514.5
drug_442	-303	533	605	-422	-669	461
drug_443	-579.5	795.5	-708.5	-693.5	-723	741.5
drug_444	-566	807	331	669	336.5	740
drug_445	555.5	799.5	399.5	598.5	353.5	666.5
drug_446	966	972	966	978	974.5	935
drug_447	-677.5	-742.5	-665.5	-685.5	-868	-692.5
drug_448	-555.5	-693.5	-719.5	-616.5	-742.5	-514.5
drug_449	680.5	692.5	763.5	693.5	752	649.5
drug_45	-303	533	605	-422	-424.5	461
drug_450	-555.5	-693.5	-719.5	-616.5	577.5	-514.5
drug_451	-555.5	-693.5	-719.5	-616.5	-859.5	-514.5
drug_452	-584.5	814.5	809.5	-703.5	836.5	750.5
drug_453	-555.5	-693.5	-719.5	-616.5	-841.5	-514.5
drug_454	-555.5	-693.5	-719.5	-616.5	-823.5	-514.5
drug_455	-625	-630	-618	-577	-544	-575
drug_456	-555.5	-693.5	-719.5	-616.5	-806	-514.5
drug_457	-677.5	-742.5	-665.5	-685.5	-573.5	-692.5
drug_458	685.5	683.5	727.5	698.5	739.5	-708.5
drug_459	-555.5	-693.5	-719.5	-616.5	-877	-514.5
drug_46	661	678	756	643	656	685
drug_460	-677.5	-742.5	-665.5	-685.5	-751	-692.5
drug_461	-555.5	-693.5	-719.5	-616.5	-690	-514.5
drug_462	680.5	692.5	763.5	693.5	-773	649.5
drug_463	-303	533	605	-422	586	461
drug_464	-555.5	-693.5	-719.5	-616.5	551.5	-514.5
drug_465	-555.5	-693.5	-719.5	-616.5	602.5	-514.5
drug_466	602.5	664.5	736.5	630.5	523.5	638.5
drug_467	-670	-240	271	-635	-237	-805
drug_468	576	600	719	605	768.5	510
drug_469	699	704	779	681	685.5	699
drug_47	527.5	-395.5	384.5	-458.5	341	599.5
drug_470	-578.5	-705.5	-709.5	-699.5	-718	735.5
drug_471	612.5	625.5	702	643	730	602
drug_472	-303	533	605	-422	-523	461
drug_473	-349	-316	401	-226	-516.5	-711
drug_474	699	704	779	681	568.5	699
drug_475	695	706	782	702	571	696
drug_476	671.5	698.5	774.5	683.5	681	654.5
drug_477	585	496	676	581.5	755	520
drug_478	585	496	676	581.5	494	520
drug_479	576	600	719	605	819.5	510
drug_48	514	576	648	441	714.5	588
drug_480	576	600	719	605	773.5	510
drug_481	-425	-406	393.5	-341.5	611	-578.5
drug_482	616.5	629.5	745.5	619.5	778	679.5
drug_483	576	600	719	605	511.5	510
drug_484	576	600	719	605	708.5	510
drug_485	602.5	664.5	736.5	630.5	791	638.5
drug_486	587	611	709	614	808.5	681
drug_487	-303	533	605	-422	685.5	461
drug_488	616.5	629.5	710.5	331.5	457	669.5
drug_489	335	364	534.5	-237.5	490	-570.5
drug_49	674.5	686.5	768.5	689.5	744.5	-627.5
drug_490	591	586	679.5	255.5	464.5	-635.5
drug_491	612.5	625.5	702	643	586	602
drug_492	576	600	719	605	619	510
drug_493	591	586	679.5	255.5	660.5	-635.5
drug_494	-958	-622	-550	903	-547	885
drug_495	602.5	664.5	736.5	630.5	717	638.5
drug_496	-303	533	605	-422	586	461
drug_5	-341.5	-401.5	517.5	351.5	-406.5	-314.5
drug_50	-440.5	-559.5	503.5	-500.5	528	-622.5
drug_51	-303	533	605	-422	654.5	461
drug_52	669.5	684.5	769.5	688.5	743.5	603.5
drug_53	779.5	368.5	363.5	-559.5	387	800.5
drug_54	514	576	648	441	653.5	588
drug_55	514	576	648	441	802.5	588
drug_56	514	576	648	441	405.5	588
drug_57	514	576	648	441	452.5	588
drug_58	-303	533	605	-422	-639	461
drug_59	524	351	514.5	461.5	448	538.5
drug_6	-303	533	605	-422	-523	461
drug_60	514	576	648	441	575	588
drug_61	-448.5	-454.5	392.5	-490	284.5	-631.5
drug_62	686.5	636.5	747.5	674.5	728.5	691.5
drug_63	514	576	648	441	569.5	588
drug_64	-341.5	-401.5	517.5	351.5	599.5	-314.5
drug_65	-303	533	605	-422	-540.5	461
drug_66	514	576	648	441	785.5	588
drug_67	-516.5	-540.5	-362.5	-507.5	-582.5	-726.5
drug_68	-303	533	605	-422	-523	461
drug_69	538.5	384.5	511	473.5	368.5	542
drug_7	-583.5	811.5	808.5	-697.5	838.5	745.5
drug_70	-400.5	-442.5	549.5	-369.5	-446	-602.5
drug_71	538.5	384.5	511	473.5	511	542
drug_72	476.5	-321.5	562.5	286.5	-434	-416.5
drug_73	514	576	648	441	569.5	588
drug_74	514	576	648	441	714.5	588
drug_75	-440.5	-559.5	503.5	-500.5	-681	-622.5
drug_76	538.5	384.5	511	473.5	513.5	542
drug_77	560.5	396.5	564.5	466	398.5	567.5
drug_78	538.5	384.5	511	473.5	-548	542
drug_79	968	972	495	957	-515	971
drug_8	-303	533	605	-422	-499.5	461
drug_80	538.5	384.5	520.5	433.5	693	518.5
drug_81	476.5	-321.5	562.5	286.5	-489	-416.5
drug_82	651	618	667	454.5	-653.5	663
drug_83	651	618	667	454.5	-484	663
drug_84	651	618	667	454.5	486	663
drug_85	612.5	625.5	703.5	620.5	634	596.5
drug_86	635	645	690	665	-597	622
drug_87	635	645	690	665	684	622
drug_88	635	645	690	665	-757.5	622
drug_89	644	609	660	651.5	590.5	580
drug_9	-453.5	-458.5	-412	-479	-410	-616
drug_90	635	645	690	665	817	622
drug_91	635	645	690	665	-766.5	622
drug_92	651	618	667	454.5	-596	663
drug_93	635	645	690	665	601	622
drug_94	635	645	690	665	-586	622
drug_95	-555.5	-693.5	-719.5	-616.5	-823.5	-514.5
drug_96	635	645	690	665	830.5	622
drug_97	-303	533	605	-422	-499.5	461
drug_98	635	645	690	665	825	622
drug_99	-594.5	-617.5	-614.5	-547.5	-426.5	-427.5
