ad	density	cc	spath	eigencentr	betwcentr
drug_1	545.5	-667	-565.5	730.5	-786.5	-785
drug_10	-562	-813	-608.5	710	-949.5	-895.5
drug_100	545.5	444	464	724	-589.5	-611
drug_101	545.5	667.5	464	441.5	-589.5	-611
drug_102	545.5	-399.5	464	710	-467	-448.5
drug_103	545.5	667.5	464	441.5	671	-654
drug_104	545.5	667.5	464	441.5	671	608.5
drug_105	545.5	626.5	464	358	573	669
drug_106	545.5	584.5	464	581	615	-544
drug_107	545.5	584.5	464	581	615	458
drug_108	545.5	538	464	470	-515	-654
drug_109	545.5	626.5	464	358	573	669
drug_11	545.5	538	464	644.5	745.5	-724
drug_110	545.5	-636	-492.5	679.5	-565.5	-494
drug_111	545.5	-518	464	730.5	-558	-562
drug_112	545.5	-416.5	464	566	502.5	-489
drug_113	545.5	-605.5	-484	751.5	-555.5	-591.5
drug_114	545.5	-636	-492.5	746	-611	-494
drug_115	545.5	-518	464	423	-558	-562
drug_116	545.5	-446	464	491	-498	-503.5
drug_117	545.5	-611.5	-480.5	491	-552	503
drug_118	545.5	-518	464	491	-559.5	-562
drug_119	545.5	-648	-486.5	760.5	-657	-534
drug_12	545.5	584.5	464	399.5	549	628.5
drug_120	545.5	-471.5	-476.5	566	502.5	-484
drug_121	545.5	-611.5	-480.5	664	569.5	-499
drug_122	545.5	-636	-492.5	500	-561.5	-494
drug_123	545.5	444	464	604	-489.5	-515
drug_124	545.5	-446	464	491	560.5	-503.5
drug_125	545.5	-576.5	-482.5	664	-550.5	-488
drug_126	545.5	-648	-486.5	664	-655.5	-534
drug_127	545.5	-652.5	-499	491	-668.5	-531.5
drug_128	545.5	-636	-492.5	679.5	-565.5	-494
drug_129	545.5	-605.5	-484	470	-554.5	-591.5
drug_13	545.5	538	464	470	-735.5	-738
drug_130	545.5	-540	464	412	-578.5	589
drug_131	545.5	-504.5	-478	664	-486.5	-529.5
drug_132	545.5	-636	-492.5	491	-563.5	503
drug_133	545.5	584.5	-478	307	625.5	717
drug_134	545.5	-652.5	-499	423	-667.5	547
drug_135	545.5	-446	464	412	-496	589
drug_136	545.5	-446	464	740.5	-498	-503.5
drug_137	545.5	-611.5	-480.5	604	600	-499
drug_138	545.5	-636	-492.5	365.5	-561.5	658.5
drug_139	545.5	-648	-486.5	566	-657	-534
drug_14	545.5	538	464	644.5	-733	-738
drug_140	545.5	-636	-492.5	334.5	-561.5	689.5
drug_141	545.5	-540	464	372	-579.5	640
drug_142	-743	-789.5	-742	-704	-601	467.5
drug_143	-737	-781.5	-736	-698	589	502
drug_144	-724.5	-758	-724.5	-686.5	537.5	475.5
drug_145	-733.5	-778	-733.5	-691.5	496.5	492.5
drug_146	-737	-781.5	-736	-698	-547	469.5
drug_147	-741	-785.5	-739	-701	-562.5	472
drug_148	-726.5	-771	-729.5	-690.5	490.5	477.5
drug_149	-706.5	-726	714	-683.5	507	475.5
drug_15	545.5	538	464	470	-531.5	566
drug_150	-725.5	-750	-723.5	-685.5	586	487.5
drug_151	-739.5	-788	-737.5	-702.5	-552.5	469.5
drug_152	-690.5	-727	714	-650.5	-792.5	-784.5
drug_153	-743	-789.5	-742	-704	-601	481
drug_154	-744.5	-791	-743.5	-705.5	-691.5	518.5
drug_155	-738.5	-783	-734.5	-699.5	-539.5	469.5
drug_156	-731.5	-669.5	-731.5	-803.5	-229.5	-255.5
drug_157	-741	-785.5	-739	-701	-563.5	475.5
drug_158	-735.5	-787	-744.5	-696.5	-631.5	492.5
drug_159	-708.5	-728	714	-681.5	560	481
drug_16	545.5	538	464	644.5	-730.5	-738
drug_160	-734.5	-784	-740.5	-695.5	-607.5	465.5
drug_161	-728	-759.5	-726.5	-687.5	560	481
drug_162	-730.5	-776	-730.5	-693.5	469.5	466.5
drug_163	-687.5	-718	714	-643.5	-791.5	-783.5
drug_164	-722.5	-757	-725.5	-688.5	699.5	648
drug_165	-591	789	714	-444.5	864	-716.5
drug_166	-732.5	-779	-732.5	-692.5	651.5	478.5
drug_167	-512	695	714	-559.5	731.5	648
drug_168	-728	-759.5	-727.5	-689.5	805.5	529
drug_169	-723.5	-775	-728.5	-684.5	678.5	496
drug_17	545.5	-494.5	464	548.5	-613.5	-566.5
drug_170	-707.5	-756	-722.5	-667.5	688	592
drug_171	545.5	538	464	-655.5	432	689.5
drug_172	545.5	538	464	-686	680	566
drug_173	545.5	489	464	697.5	423.5	345.5
drug_174	545.5	584.5	464	-655.5	615	458
drug_175	545.5	626.5	464	-686	642	526
drug_176	545.5	538	464	-655.5	737	401.5
drug_177	545.5	705	464	-648	699.5	682
drug_178	545.5	489	464	548.5	336	482.5
drug_179	545.5	626.5	464	-686	642	526
drug_18	545.5	538	464	-479	-621	689.5
drug_180	545.5	667.5	464	-655.5	602.5	703.5
drug_181	545.5	667.5	464	-655.5	671	608.5
drug_182	545.5	538	464	-581	515.5	566
drug_183	545.5	489	464	-614.5	680.5	482.5
drug_184	545.5	538	-475.5	644.5	586.5	401.5
drug_185	545.5	538	464	644.5	586.5	401.5
drug_186	545.5	626.5	464	518	642	526
drug_187	545.5	626.5	464	-686	642	526
drug_188	545.5	584.5	464	-686	475	717
drug_189	545.5	584.5	464	-631	470	717
drug_19	545.5	626.5	464	518	-810.5	-805.5
drug_190	545.5	626.5	464	-686	642	526
drug_191	-402.5	282.5	-451.5	898	364.5	-215
drug_192	545.5	626.5	464	-655.5	474	526
drug_193	545.5	538	464	-614.5	701	566
drug_194	545.5	626.5	464	-686	642	526
drug_195	545.5	538	464	-661	737	401.5
drug_196	545.5	626.5	464	-648	411	669
drug_197	545.5	584.5	464	-614.5	549	628.5
drug_198	545.5	667.5	464	-441.5	602.5	703.5
drug_199	-460	-322	-342.5	864.5	222	-252
drug_2	-567	-749	-553.5	697.5	-861.5	-877.5
drug_20	545.5	-498.5	464	604	-735.5	-738
drug_200	545.5	626.5	464	-648	792.5	526
drug_201	-696.5	-744	-698.5	-661.5	458	731.5
drug_202	-696.5	-744	-698.5	-661.5	401.5	696.5
drug_203	-680.5	-753	-686.5	-653.5	-355	589
drug_204	545.5	-611	-627.5	-450.5	-704.5	-770.5
drug_205	-685	-850.5	-682	-524.5	539.5	589
drug_206	-546	-756.5	-631.5	-438	-828.5	-814
drug_207	-670	-716.5	-633	-631	-317.5	468
drug_208	-696.5	-858	-698.5	-545	-425.5	735.5
drug_209	-680.5	-753	-686.5	-653.5	510	726.5
drug_21	545.5	-498.5	464	548.5	-731.5	-738
drug_210	-704	-732.5	-691	-646	-300.5	355.5
drug_211	545.5	538	-474.5	-360.5	-553.5	689.5
drug_212	-696.5	-744	-698.5	679.5	493.5	333.5
drug_213	-696.5	-744	-698.5	-661.5	-308	728.5
drug_214	545.5	-658	-629.5	-525.5	-760	-714.5
drug_215	-680.5	-753	-686.5	-653.5	-356.5	448.5
drug_216	-685	-850.5	-682	-524.5	-460	640
drug_217	-685	-626	-682	-750	-241	733.5
drug_218	-696.5	-858	-698.5	-545	-420	640
drug_219	-685	-850.5	-682	-524.5	-462	581.5
drug_22	741	865	743.5	-460	284.5	970.5
drug_220	-696.5	-858	-698.5	679.5	-420	-421
drug_221	-696.5	-858	-698.5	-545	-425.5	696.5
drug_222	-704	-732.5	-691	-646	-301.5	547
drug_223	-680.5	-753	-686.5	-653.5	-353	661.5
drug_224	-670	-830.5	-633	-514.5	-428.5	736.5
drug_225	-680.5	-867	-686.5	-537	-465	677
drug_226	-696.5	-744	-698.5	-661.5	-308	488.5
drug_227	-704	-732.5	-691	-646	-302.5	380
drug_228	-704	-846.5	-691	-529.5	-415.5	495.5
drug_229	-696.5	-858	-698.5	-545	-420	696.5
drug_23	545.5	-511.5	464	718	-719.5	-724
drug_230	-696.5	-744	-698.5	-661.5	-308	661.5
drug_231	-594.5	-741	-610.5	566	-794.5	-797
drug_232	-601.5	-728	-563.5	736.5	-844	-889
drug_233	-644.5	-787	-600.5	623	-845.5	-834
drug_234	-644.5	-787	-600.5	-506	-847	-834
drug_235	-644.5	-787	-600.5	566	-847	-834
drug_236	-601.5	-728	-563.5	679.5	-844	-889
drug_237	-618.5	-713	-585.5	679.5	-804.5	-860
drug_238	545.5	489	464	548.5	-538	-662.5
drug_239	-567	-683.5	-592.5	623	-780.5	-803
drug_24	545.5	584.5	464	581	-688.5	-724
drug_240	545.5	-551	464	710	-711.5	-709
drug_241	545.5	399	464	491	-431.5	503
drug_242	-567	-683.5	-592.5	679.5	-781.5	-803
drug_243	545.5	444	464	412	389	589
drug_244	742	-728	-563.5	887	-842.5	-889
drug_245	545.5	-711.5	464	746	-820.5	-831.5
drug_246	-548.5	-592	-582.5	623	-677.5	-700.5
drug_247	545.5	-582.5	-609.5	679.5	-436	-893
drug_248	-562	-523	-596.5	566	537.5	-890.5
drug_249	-604.5	-791	-613.5	730.5	-902.5	-896
drug_25	545.5	-632	464	500	-637.5	-678
drug_250	-559.5	489	-615.5	548.5	635	-664
drug_251	545.5	-664	-584.5	623	-785.5	-781
drug_252	-628	-789.5	-588.5	664	-887.5	-861
drug_253	-587.5	538	-541.5	-720.5	-553.5	566
drug_254	-628	-789.5	-625.5	566	-890.5	-892
drug_255	-594.5	-627	-598	-605	-777.5	-782
drug_256	-594.5	-741	-598	664	-888.5	-897.5
drug_257	-567	-683.5	-592.5	623	-779.5	-803
drug_258	545.5	444	464	604	-457.5	-602.5
drug_259	545.5	-655	-470.5	710	-744.5	-761
drug_26	545.5	-511.5	464	566	-603.5	-730
drug_260	-610.5	626.5	-669.5	518	642	-900.5
drug_261	-634	626.5	-642	-602	827.5	-597
drug_262	545.5	694	-556.5	-571.5	688	651
drug_263	-634	584.5	-642	-602	-634	-597
drug_264	-535.5	-658	-629.5	586.5	-760	-714.5
drug_265	-634	667.5	-642	-602	671	608.5
drug_266	-603.5	489	-635.5	697.5	393.5	-713.5
drug_267	-610.5	-706	-669.5	518	-785	-738.5
drug_268	-634	-683.5	-642	581	-740.5	-707
drug_269	545.5	694	-497	386	518	651
drug_27	545.5	-632	464	341	-664	-678
drug_270	-634	626.5	-642	-602	792.5	-597
drug_271	-634	-683.5	-642	-493	-743	-707
drug_272	-610.5	626.5	-669.5	-588	827.5	-628.5
drug_273	-610.5	-595.5	-669.5	-588	765.5	-628.5
drug_274	-634	626.5	-642	-602	642	-597
drug_275	-634	667.5	-642	441.5	671	-869
drug_276	545.5	667.5	-532	-378	602.5	703.5
drug_277	-634	626.5	-642	-602	642	-597
drug_278	545.5	626.5	-532	518	642	-598
drug_279	-634	-683.5	-642	-493	-743	-707
drug_28	545.5	-632	464	372	-646	-678
drug_280	545.5	694	-497	386	693	651
drug_281	545.5	626.5	464	518	474	-765.5
drug_282	545.5	584.5	-532	581	-626	-598
drug_283	-610.5	667.5	-669.5	-588	-676	-628.5
drug_284	545.5	667.5	-532	441.5	671	608.5
drug_285	793.5	694	464	392.5	892	737.5
drug_286	545.5	626.5	-612	-601.5	642	-621.5
drug_287	-610.5	667.5	-669.5	-742.5	821.5	608.5
drug_288	545.5	705	464	-533.5	699.5	682
drug_289	545.5	667.5	-612	-817.5	671	608.5
drug_29	545.5	-632	464	470	-637.5	-678
drug_290	545.5	444	-505	604	-472.5	425
drug_291	545.5	489	-520.5	697.5	561.5	-466.5
drug_292	545.5	489	-520.5	-705	645.5	482.5
drug_293	545.5	489	-520.5	-617.5	-532	482.5
drug_294	545.5	584.5	-520.5	-705	615	458
drug_295	545.5	538	-520.5	-705	586.5	401.5
drug_296	545.5	444	464	604	462.5	425
drug_297	545.5	399	-546.5	664	-445.5	-463
drug_298	545.5	-582.5	-520.5	604	-641	-576.5
drug_299	545.5	444	-520.5	-705	-485	589
drug_3	-567	-749	-553.5	710	-885.5	-877.5
drug_30	545.5	-511.5	464	412	-580	-730
drug_300	545.5	538	-520.5	-617.5	-532	566
drug_301	545.5	-529.5	464	755	627	-522
drug_302	545.5	-472	-520.5	623	-542.5	-466.5
drug_303	545.5	399	-520.5	-705	604.5	-379
drug_304	545.5	-438	-505	664	-471.5	-394
drug_305	545.5	538	-520.5	-617.5	529.5	566
drug_306	545.5	-484.5	-546.5	710	-549.5	-550.5
drug_307	545.5	444	-520.5	-705	-435	425
drug_308	545.5	-472	-520.5	-617.5	-532	-466.5
drug_309	545.5	538	-520.5	-617.5	-539	566
drug_31	545.5	667.5	464	325.5	602.5	-730
drug_310	545.5	444	-532	604	613	425
drug_311	545.5	489	464	-660	-508.5	482.5
drug_312	545.5	444	464	-747.5	462.5	425
drug_313	545.5	489	464	-660	-507	482.5
drug_314	545.5	538	-520.5	-617.5	-532	566
drug_315	545.5	399	-520.5	-705	569.5	-379
drug_316	545.5	538	-532	470	-519.5	566
drug_317	545.5	538	-546.5	-662	680	566
drug_318	545.5	489	-520.5	-617.5	-539	482.5
drug_319	545.5	538	-473.5	-608.5	-525.5	566
drug_32	545.5	-632	464	412	-666	-678
drug_320	-653	-494.5	-657	-737	-557.5	-566.5
drug_321	-610.5	-506	-669.5	710	-613.5	-541
drug_322	-554.5	-466	-620.5	-761	-590.5	-530
drug_323	-653	-494.5	-657	-737	-604	-566.5
drug_324	-653	-494.5	-657	-737	712	-566.5
drug_325	545.5	538	-586.5	-774.5	515.5	566
drug_326	-653	-494.5	-657	-737	-551	-566.5
drug_327	-653	538	-657	-737	-604	-566.5
drug_328	-653	584.5	-657	-737	615	-566.5
drug_329	545.5	538	-502	-552	588.5	689.5
drug_33	545.5	-605.5	464	315.5	-653	-816.5
drug_330	-554.5	489	-620.5	-761	561.5	-530
drug_331	345	-399.5	-462.5	691.5	-467	-448.5
drug_332	-653	-494.5	-657	-737	561.5	-566.5
drug_333	-610.5	538	-669.5	-675.5	-572	566
drug_334	-653	-494.5	-657	-737	-604	-566.5
drug_335	545.5	584.5	-502	-552	549	628.5
drug_336	-653	-494.5	-657	-737	-557.5	-566.5
drug_337	-610.5	-506	-669.5	740.5	-618.5	-541
drug_338	-653	-494.5	-657	-737	-597.5	-566.5
drug_339	-610.5	-506	-669.5	746	-613.5	-541
drug_34	545.5	-632	464	292.5	-637.5	731.5
drug_340	-653	-494.5	-657	-737	600	-566.5
drug_341	-610.5	626.5	-669.5	-675.5	827.5	-541
drug_342	-533.5	331.5	256.5	845	379	-435
drug_343	545.5	489	-502	697.5	568	-432.5
drug_344	545.5	584.5	464	-630	549	628.5
drug_345	-653	-494.5	-657	-737	-557.5	589
drug_346	-554.5	489	-620.5	-761	712	-530
drug_347	545.5	489	-502	697.5	753.5	-432.5
drug_348	-554.5	-466	-620.5	-761	-538.5	-530
drug_349	545.5	-266.5	464	-782.5	-323	312
drug_35	545.5	-511.5	464	372	-596.5	-730
drug_350	545.5	358.5	464	-849.5	352	445
drug_351	545.5	291	464	-727.5	-329.5	333.5
drug_352	545.5	268.5	464	718	426.5	301
drug_353	545.5	251	464	-844	-276.5	355.5
drug_354	545.5	444	464	-782.5	389	589
drug_355	545.5	268.5	464	-849.5	317	264.5
drug_356	-484	-190.5	-321	937	-389.5	-429.5
drug_357	545.5	322.5	464	730.5	364	295.5
drug_358	545.5	322.5	464	730.5	367.5	295.5
drug_359	545.5	235	464	-703	228.5	312
drug_36	545.5	584.5	464	307	625.5	-730
drug_360	545.5	322.5	464	-634	-299	547
drug_361	545.5	235	464	-849.5	-266.5	439
drug_362	545.5	235	464	-717	-413	439
drug_363	545.5	224.5	464	-849.5	-261.5	291.5
drug_364	545.5	224.5	464	-636	213	380
drug_365	545.5	322.5	464	-644	330.5	387
drug_366	545.5	268.5	464	-840	502.5	-274
drug_367	545.5	268.5	464	776.5	357.5	250.5
drug_368	545.5	291	464	679.5	308	333.5
drug_369	545.5	235	464	-844	-298	312
drug_37	545.5	-632	464	307	-664	717
drug_370	545.5	322.5	464	-711	435	547
drug_371	545.5	251	464	-844	-278.5	285.5
drug_372	545.5	268.5	464	-821.5	-331.5	-362.5
drug_373	-588.5	-352	464	-821	-448.5	-500
drug_374	545.5	268.5	464	760.5	317	264.5
drug_375	545.5	322.5	464	623	330.5	-391
drug_376	545.5	291	464	746	342	-326
drug_377	-560.5	-365	-471.5	937	-446	-397
drug_378	545.5	322.5	464	-644	284.5	547
drug_379	545.5	538	464	-521	515.5	566
drug_38	545.5	-689.5	464	491	-755.5	-741.5
drug_380	545.5	694	464	-521	693	651
drug_381	545.5	667.5	464	-480.5	533	608.5
drug_382	545.5	626.5	464	-521	573	669
drug_383	545.5	667.5	464	-573	503	608.5
drug_384	545.5	705	464	-521	699.5	682
drug_385	545.5	584.5	464	581	615	-501
drug_386	545.5	694	464	-507	688	651
drug_387	545.5	709.5	464	-521	567	710.5
drug_388	545.5	694	464	-573	693	651
drug_389	545.5	489	464	697.5	561.5	345.5
drug_39	545.5	-689.5	464	372	-730	-741.5
drug_390	545.5	694	464	-573	693	651
drug_391	545.5	667.5	464	-573	503	608.5
drug_392	545.5	705	464	-521	531.5	682
drug_393	545.5	667.5	464	-573	533	608.5
drug_394	545.5	626.5	464	-521	642	526
drug_395	545.5	584.5	464	581	800.5	-501
drug_396	545.5	694	464	-480.5	878.5	651
drug_397	545.5	489	464	548.5	645.5	482.5
drug_398	545.5	694	464	-507	625.5	723.5
drug_399	545.5	709.5	464	-573	855.5	710.5
drug_4	-567	-749	-553.5	724	-870	-877.5
drug_40	545.5	-511.5	464	491	-580	-730
drug_400	545.5	705	464	-507	534.5	682
drug_401	545.5	709.5	464	-472	854	710.5
drug_402	545.5	667.5	464	-521	684.5	608.5
drug_403	545.5	694	-472.5	-592	693	651
drug_404	545.5	626.5	464	518	642	526
drug_405	345	-310	-462.5	749	-355.5	-361
drug_406	545.5	694	464	-573	693	651
drug_407	-668	740	714	-529	722.5	705.5
drug_408	-662	650	714	-469	-708.5	-685
drug_409	-662	789	714	-627	836	624.5
drug_41	545.5	-632	464	312.5	-637.5	708.5
drug_410	-662	740	714	-469	721.5	705.5
drug_411	-597.5	609.5	714	531	726	-647.5
drug_412	-624	695	714	-563.5	731.5	648
drug_413	-624	789	714	-451.5	823.5	-682.5
drug_414	-624	695	714	-563.5	638.5	812
drug_415	-624	-637.5	714	486	-715	-672.5
drug_416	-597.5	-605	714	536.5	-671.5	-636
drug_417	-573	650	714	440	668.5	592
drug_418	-591	695	714	380	731.5	-666.5
drug_419	-624	695	714	-454.5	718.5	-672.5
drug_42	545.5	-511.5	464	491	-568	-730
drug_420	-490	740	714	324.5	723.5	705.5
drug_421	-640	-660.5	714	516.5	-761.5	-701.5
drug_422	-618.5	740	714	324.5	755.5	705.5
drug_423	-668	650	714	-529	-681.5	-668
drug_424	-642	-624.5	714	543	-685.5	-664
drug_425	-597.5	609.5	714	486	-670.5	-636
drug_426	-642	-624.5	714	522	-686.5	-664
drug_427	-624	650	714	-454.5	-711.5	-672.5
drug_428	-618.5	789	714	420.5	832	-640
drug_429	-618.5	740	714	473.5	798.5	-640
drug_43	545.5	-511.5	464	297.5	-593	-730
drug_430	-599.5	695	714	500	808.5	529
drug_431	-618.5	650	714	440	-665.5	-640
drug_432	-662	650	714	-518	-706.5	-677
drug_433	-435	835.5	714	357	884	681
drug_434	-432.5	877.5	714	-441.5	911	749
drug_435	-451.5	835.5	714	175.5	798.5	851.5
drug_436	-493.5	877.5	714	294	911	749
drug_437	-554.5	667.5	-620.5	-673.5	671	-617.5
drug_438	-554.5	667.5	-620.5	-673.5	-648	703.5
drug_439	-573	626.5	-549.5	-631.5	642	-668.5
drug_44	545.5	-632	464	372	-666	-678
drug_440	-581	-540	-574	-704	-620	658.5
drug_441	-581	584.5	-574	-704	-620	-642
drug_442	545.5	667.5	464	-526.5	671	608.5
drug_443	-554.5	626.5	-620.5	-850	827.5	526
drug_444	-581	626.5	-574	-858.5	792.5	526
drug_445	545.5	667.5	464	-624.5	602.5	703.5
drug_446	-554.5	584.5	-620.5	-828	555.5	628.5
drug_447	-573	538	-549.5	-631.5	-578.5	689.5
drug_448	-581	-450.5	-574	-791.5	-512	-554.5
drug_449	-581	538	-574	-791.5	586	689.5
drug_45	545.5	-640.5	464	491	-538	-768.5
drug_450	-546	538	-605.5	-683.5	-629	689.5
drug_451	-581	-540	-574	-704	-609.5	-642
drug_452	-535.5	875	671.5	-812	812	496
drug_453	545.5	667.5	-587.5	-570.5	602.5	703.5
drug_454	-546	667.5	-605.5	-683.5	-627.5	-611.5
drug_455	-581	626.5	-574	-704	758.5	669
drug_456	-581	626.5	-574	-704	642	-642
drug_457	-581	-540	-574	-704	-616	-642
drug_458	-581	626.5	-574	-704	-611.5	669
drug_459	-581	626.5	-574	-704	-616	669
drug_46	545.5	-632	464	760.5	-637.5	-678
drug_460	-546	538	-605.5	-683.5	-629	-611.5
drug_461	-573	667.5	-549.5	-631.5	-580	734.5
drug_462	-549.5	694	-607.5	-566.5	-591.5	723.5
drug_463	545.5	584.5	464	-537	-448.5	628.5
drug_464	-581	626.5	-574	-704	827.5	-642
drug_465	-554.5	584.5	-620.5	-673.5	-645.5	717
drug_466	-717	-879.5	-717	-556.5	485.5	-456.5
drug_467	-665	-826.5	-595	-510.5	-453.5	494.5
drug_468	-673.5	-924.5	-676.5	-430.5	569	519
drug_469	-673.5	-838	-676.5	-520	-446	-413
drug_47	545.5	-632	464	623	-659	-678
drug_470	744	-829	744.5	700.5	660.5	757.5
drug_471	-665	-892	-595	509.5	-529.5	-477
drug_472	-717	-765.5	-717	-673	519.5	432.5
drug_473	-710.5	-887	-710.5	-563	465.5	-429
drug_474	-710.5	-887	-710.5	-563	462	-429
drug_475	-717	-879.5	-717	-556.5	-436.5	-456.5
drug_476	-717	-945	-717	-489	-496.5	-524
drug_477	-659.5	-828	671.5	-513	460	-408
drug_478	-710.5	-887	-710.5	-563	501.5	-429
drug_479	-717	-879.5	-717	-556.5	-443	-456.5
drug_48	545.5	584.5	464	581	615	-533
drug_480	-676.5	-834	671.5	-517	507	-432
drug_481	-689	-843.5	-679	-532.5	-470	-468.5
drug_482	-676.5	-720	671.5	-633.5	532.5	-316.5
drug_483	-671.5	-836	671.5	-522	-451.5	-415
drug_484	-717	-879.5	-717	-556.5	458.5	-456.5
drug_485	-717	-879.5	-717	-556.5	465.5	-456.5
drug_486	-689	-930	-679	-443	-557	-558
drug_487	-717	-765.5	-717	-673	540	-341
drug_488	-676.5	-834	671.5	-517	496.5	-432
drug_489	-717	-879.5	-717	-556.5	463	-456.5
drug_49	545.5	626.5	464	518	474	526
drug_490	-673.5	-724	-676.5	-636.5	561.5	-297.5
drug_491	-729.5	-891	-706.5	-566	-472.5	-479
drug_492	-717	-879.5	-717	-556.5	489	-456.5
drug_493	-540.5	-678	671.5	-456	-772.5	-683
drug_494	-431	-674	-401.5	-259.5	-728.5	-684.5
drug_495	-646.5	-857.5	671.5	-347	-881.5	-863.5
drug_496	-640	-774.5	671.5	-432	-784.5	-753
drug_5	-591	-797	-582.5	470	-897	-862
drug_50	545.5	444	464	604	-415	-435.5
drug_51	545.5	538	464	470	529.5	566
drug_52	545.5	489	464	548.5	-485	482.5
drug_53	-354.5	420	-386	558.5	-394.5	440.5
drug_54	740	-480	-386	650	-498.5	-533
drug_55	545.5	538	464	470	515.5	566
drug_56	545.5	538	464	470	715	566
drug_57	545.5	667.5	464	441.5	671	608.5
drug_58	545.5	584.5	464	581	615	458
drug_59	545.5	626.5	464	-407.5	579	669
drug_6	-567	-749	-553.5	724	-872.5	-877.5
drug_60	545.5	-480	464	724	539.5	-533
drug_61	545.5	489	464	548.5	495	482.5
drug_62	545.5	538	464	470	680	566
drug_63	545.5	694	464	-407.5	686	651
drug_64	545.5	538	464	-407.5	435.5	689.5
drug_65	545.5	694	464	-407.5	624	723.5
drug_66	545.5	584.5	464	-407.5	549	628.5
drug_67	545.5	444	464	604	449.5	-435.5
drug_68	545.5	667.5	464	-407.5	602.5	703.5
drug_69	545.5	584.5	464	399.5	549	628.5
drug_7	545.5	-650.5	-535.5	710	-768.5	-705
drug_70	545.5	489	464	548.5	506	482.5
drug_71	545.5	667.5	464	441.5	821.5	608.5
drug_72	-354.5	282.5	-410.5	749	-325	-265
drug_73	545.5	705	464	-485.5	699.5	682
drug_74	545.5	-404	464	710	-425	-435.5
drug_75	545.5	538	464	470	-498.5	566
drug_76	545.5	489	464	548.5	-498.5	-533
drug_77	545.5	584.5	464	-407.5	475	717
drug_78	545.5	-480	464	604	-503.5	-533
drug_79	743	848	-462.5	-574	799.5	921.5
drug_8	-591	-797	-582.5	755	-897	-862
drug_80	545.5	538	464	644.5	595	401.5
drug_81	545.5	584.5	464	-407.5	-415	717
drug_82	545.5	538	464	644.5	-589.5	-611
drug_83	545.5	667.5	464	441.5	533	-654
drug_84	545.5	626.5	464	358	-406	669
drug_85	545.5	399	464	341	-401	677
drug_86	545.5	626.5	464	295.5	507.5	729.5
drug_87	545.5	444	464	604	-480.5	-501
drug_88	545.5	584.5	464	399.5	-589.5	628.5
drug_89	545.5	667.5	464	441.5	856.5	-654
drug_9	-567	-749	-553.5	664	-885.5	-877.5
drug_90	545.5	626.5	464	518	642	526
drug_91	545.5	584.5	464	399.5	549	628.5
drug_92	545.5	538	464	644.5	595	-448.5
drug_93	545.5	626.5	464	518	642	526
drug_94	545.5	626.5	464	358	-583.5	669
drug_95	545.5	584.5	464	581	765.5	-501
drug_96	545.5	538	464	470	529.5	566
drug_97	545.5	584.5	464	-419.5	734.5	628.5
drug_98	545.5	667.5	464	441.5	671	608.5
drug_99	545.5	667.5	464	441.5	671	-611
