ad	density	cc	spath	eigencentr	betwcentr
drug_1	630.5	-909	500.5	-490	-939	624.5
drug_10	-511	-909	447	-490	-928	571
drug_100	630.5	742.5	651.5	620.5	574.5	-359.5
drug_101	630.5	742.5	651.5	620.5	727	-359.5
drug_102	630.5	742.5	651.5	620.5	791	-359.5
drug_103	630.5	742.5	651.5	620.5	695	-375
drug_104	630.5	742.5	651.5	620.5	791	-375
drug_105	630.5	742.5	651.5	620.5	695	-375
drug_106	630.5	742.5	651.5	620.5	734.5	-359.5
drug_107	630.5	742.5	651.5	620.5	574.5	-359.5
drug_108	630.5	742.5	651.5	620.5	887	-375
drug_109	630.5	742.5	651.5	620.5	760	-359.5
drug_11	630.5	-856	500.5	-458	-865.5	624.5
drug_110	398	510	-440.5	388	331	-620.5
drug_111	-441.5	510	-549	-580	537.5	541
drug_112	-441.5	510	-549	-580	655	541
drug_113	-441.5	510	-549	-580	517	541
drug_114	-441.5	510	-549	-580	463	541
drug_115	-441.5	510	-549	-580	-578	541
drug_116	398	510	-440.5	388	537.5	-620.5
drug_117	-441.5	510	-549	-580	537.5	541
drug_118	-441.5	510	-549	-580	-555.5	541
drug_119	-441.5	510	-549	-580	-414	541
drug_12	630.5	-856	500.5	-458	-864	624.5
drug_120	-441.5	510	-549	-580	680	541
drug_121	398	510	-440.5	388	464	-620.5
drug_122	-441.5	510	-549	-580	331	541
drug_123	-441.5	510	-549	-580	537.5	541
drug_124	-441.5	510	-549	-580	586.5	541
drug_125	-441.5	510	-549	-580	502.5	541
drug_126	-441.5	510	-549	-580	537.5	541
drug_127	398	510	-440.5	388	534	-620.5
drug_128	398	510	-440.5	388	537.5	-620.5
drug_129	398	510	-440.5	388	537.5	-620.5
drug_13	630.5	-909	500.5	-490	-940.5	624.5
drug_130	-441.5	510	-549	-580	655	541
drug_131	-441.5	510	-549	-580	277.5	541
drug_132	398	510	-440.5	388	-398.5	-620.5
drug_133	-441.5	510	-549	-580	385	541
drug_134	398	510	-440.5	388	610.5	-620.5
drug_135	-441.5	510	-549	-580	-474	541
drug_136	-441.5	510	-549	-580	517	541
drug_137	-441.5	510	-549	-580	610.5	541
drug_138	398	510	-440.5	388	537.5	-620.5
drug_139	-441.5	510	-549	-580	517	541
drug_14	630.5	-856	500.5	-458	-845.5	624.5
drug_140	398	510	-440.5	388	458	-620.5
drug_141	-441.5	510	-549	-580	385	541
drug_142	630.5	742.5	651.5	620.5	847.5	-779
drug_143	630.5	742.5	651.5	620.5	754	-512
drug_144	630.5	742.5	651.5	620.5	847.5	-620.5
drug_145	630.5	742.5	-710.5	620.5	727	-710.5
drug_146	630.5	742.5	651.5	620.5	793.5	-620.5
drug_147	630.5	742.5	651.5	620.5	633.5	-779
drug_148	630.5	742.5	651.5	620.5	599	-779
drug_149	630.5	742.5	651.5	620.5	887	-512
drug_15	-511	-909	447	-490	-945.5	571
drug_150	630.5	742.5	-710.5	620.5	638.5	-710.5
drug_151	630.5	742.5	-710.5	620.5	697.5	-710.5
drug_152	630.5	742.5	651.5	620.5	955.5	-512
drug_153	630.5	742.5	651.5	620.5	695	-512
drug_154	630.5	742.5	651.5	620.5	791	-512
drug_155	630.5	742.5	-710.5	620.5	887	-710.5
drug_156	630.5	742.5	-710.5	620.5	763.5	-710.5
drug_157	630.5	742.5	-710.5	620.5	697.5	-710.5
drug_158	630.5	742.5	-710.5	620.5	887	-710.5
drug_159	630.5	742.5	651.5	620.5	697.5	-620.5
drug_16	630.5	-856	500.5	-458	-903	624.5
drug_160	630.5	742.5	-710.5	620.5	695	-710.5
drug_161	630.5	742.5	651.5	620.5	887	-512
drug_162	630.5	742.5	-710.5	620.5	791	-710.5
drug_163	630.5	742.5	651.5	620.5	887	-779
drug_164	630.5	742.5	651.5	620.5	791	-512
drug_165	630.5	742.5	-710.5	620.5	822.5	-710.5
drug_166	630.5	742.5	-710.5	620.5	727	-710.5
drug_167	630.5	742.5	-710.5	620.5	887	-710.5
drug_168	630.5	742.5	651.5	620.5	887	-779
drug_169	630.5	742.5	-710.5	620.5	791	-710.5
drug_17	630.5	-856	500.5	-458	-884	624.5
drug_170	630.5	742.5	-710.5	620.5	638.5	-710.5
drug_171	-719	-600.5	447	-668.5	-663.5	571
drug_172	-744	-676.5	447	-722.5	651	571
drug_173	-663.5	-589	447	-675	611.5	571
drug_174	-725.5	-590	447	-676	-811.5	571
drug_175	-744	-676.5	447	-722.5	-530	571
drug_176	-719	-600.5	447	-668.5	-487	571
drug_177	-763.5	-608	447	-742	-731.5	571
drug_178	-678	-623.5	447	-690.5	-648	571
drug_179	-744	-676.5	447	-722.5	634.5	571
drug_18	-445	-856	447	-458	-890.5	571
drug_180	-763.5	-608	447	-742	-623.5	571
drug_181	-744	-676.5	447	-722.5	-596.5	571
drug_182	-744	-676.5	447	-722.5	-590	571
drug_183	-719	-600.5	447	-668.5	574.5	571
drug_184	-744	-676.5	447	-722.5	-685.5	571
drug_185	-719	-600.5	447	-668.5	647.5	571
drug_186	-661	-592.5	447	-660.5	-768.5	571
drug_187	-744	-676.5	447	-722.5	-676	571
drug_188	-719	-600.5	447	-668.5	574.5	571
drug_189	-763.5	-608	447	-742	-730	571
drug_19	-511	-909	447	-490	-940.5	571
drug_190	-744	-676.5	447	-722.5	-685.5	571
drug_191	-486	-833	447	-436	-906	571
drug_192	-719	-600.5	447	-668.5	538.5	571
drug_193	-744	-676.5	447	-722.5	-685.5	571
drug_194	-744	-676.5	447	-722.5	-827	571
drug_195	-744	-676.5	447	-722.5	-696.5	571
drug_196	-719	-600.5	447	-668.5	634.5	571
drug_197	-719	-600.5	447	-668.5	574.5	571
drug_198	-744	-676.5	447	-722.5	-569.5	571
drug_199	-678	-623.5	447	-690.5	-740.5	571
drug_2	-511	-909	447	-490	-912	571
drug_20	-511	-909	447	-490	-913	571
drug_200	-661	-592.5	447	-660.5	-629	571
drug_201	-441.5	510	-549	-580	537.5	541
drug_202	-441.5	510	-549	-580	610.5	541
drug_203	398	510	-440.5	388	561.5	-620.5
drug_204	-441.5	510	-549	-580	610.5	541
drug_205	398	510	-440.5	388	517	-620.5
drug_206	398	510	-440.5	388	385	-620.5
drug_207	-441.5	510	-549	-580	537.5	541
drug_208	-441.5	510	-549	-580	483.5	541
drug_209	398	510	-440.5	388	537.5	-620.5
drug_21	630.5	-909	500.5	-490	-894.5	624.5
drug_210	398	510	-440.5	388	610.5	-620.5
drug_211	-441.5	510	-549	-580	610.5	541
drug_212	-441.5	510	-549	-580	390	541
drug_213	-441.5	510	-549	-580	-474	541
drug_214	-441.5	510	-549	-580	-518	541
drug_215	-441.5	510	-549	-580	-414	541
drug_216	398	510	-440.5	388	610.5	-620.5
drug_217	-441.5	510	-549	-580	444	541
drug_218	-441.5	510	-549	-580	537.5	541
drug_219	-441.5	510	-549	-580	385	541
drug_22	-657.5	-885	-824	-581	-883	-69
drug_220	-441.5	510	-549	-580	-506	541
drug_221	398	510	-440.5	388	385	-620.5
drug_222	-441.5	510	-549	-580	444	541
drug_223	-441.5	510	-549	-580	-616	541
drug_224	-441.5	510	-549	-580	610.5	541
drug_225	398	510	-440.5	388	370.5	-620.5
drug_226	-441.5	510	-549	-580	673.5	541
drug_227	-441.5	510	-549	-580	458	541
drug_228	398	510	-440.5	388	500	-620.5
drug_229	-441.5	510	-549	-580	502.5	541
drug_23	630.5	-856	500.5	-458	-864	624.5
drug_230	-441.5	510	-549	-580	-474	541
drug_231	630.5	742.5	651.5	620.5	697.5	-620.5
drug_232	630.5	742.5	-710.5	620.5	754	-710.5
drug_233	630.5	742.5	-710.5	620.5	697.5	-710.5
drug_234	630.5	742.5	651.5	620.5	791	-512
drug_235	630.5	742.5	651.5	620.5	734.5	-779
drug_236	630.5	742.5	-710.5	620.5	727	-710.5
drug_237	630.5	742.5	-710.5	620.5	791	-710.5
drug_238	630.5	742.5	651.5	620.5	847.5	-620.5
drug_239	630.5	742.5	651.5	620.5	633.5	-512
drug_24	630.5	-856	500.5	-458	-895	624.5
drug_240	630.5	742.5	651.5	620.5	754	-512
drug_241	630.5	742.5	-710.5	620.5	547	-710.5
drug_242	630.5	742.5	651.5	620.5	887	-512
drug_243	630.5	742.5	651.5	620.5	699.5	-512
drug_244	630.5	742.5	651.5	620.5	633.5	-512
drug_245	630.5	742.5	651.5	620.5	859.5	-512
drug_246	630.5	742.5	-710.5	620.5	795.5	-710.5
drug_247	630.5	742.5	651.5	620.5	791	-512
drug_248	630.5	742.5	651.5	620.5	699.5	-512
drug_249	630.5	742.5	-710.5	620.5	791	-710.5
drug_25	596	-765	599	568	-787.5	721
drug_250	630.5	742.5	651.5	620.5	887	-512
drug_251	630.5	742.5	651.5	620.5	887	-512
drug_252	630.5	742.5	651.5	620.5	691.5	-512
drug_253	630.5	742.5	651.5	620.5	697.5	-512
drug_254	630.5	742.5	-710.5	620.5	887	-710.5
drug_255	630.5	742.5	651.5	620.5	638.5	-512
drug_256	630.5	742.5	-710.5	620.5	734.5	-710.5
drug_257	630.5	742.5	-710.5	620.5	791	-710.5
drug_258	630.5	742.5	651.5	620.5	791	-512
drug_259	630.5	742.5	-710.5	620.5	791	-710.5
drug_26	596	-634.5	599	568	-732.5	721
drug_260	-533.5	-310	-642	-302	-337.5	-779
drug_261	-278	234.5	-356	-271	133	-655
drug_262	-603	-532.5	-710.5	-450.5	-520	-710.5
drug_263	-326	-255.5	-440.5	-350.5	-294.5	-620.5
drug_264	-533.5	-310	-642	-302	-318.5	-779
drug_265	-533.5	-310	-642	-302	-168	-779
drug_266	-326	-255.5	-440.5	-350.5	123	-620.5
drug_267	-533.5	-310	-642	-302	-326.5	-779
drug_268	-278	234.5	-356	-271	-236.5	-655
drug_269	-533.5	-310	-642	-302	-238	-779
drug_27	596	-765	599	568	-762	721
drug_270	-533.5	-310	-642	-302	-326.5	-779
drug_271	-533.5	-310	-642	-302	-150	-779
drug_272	-533.5	-310	-642	-302	-468	-779
drug_273	-326	-255.5	-440.5	-350.5	-260.5	-620.5
drug_274	-603	-532.5	-710.5	-450.5	-741.5	-710.5
drug_275	-326	-255.5	-440.5	-350.5	-415.5	-620.5
drug_276	-278	234.5	-356	-271	240.5	-655
drug_277	-603	-532.5	-710.5	-450.5	610.5	-710.5
drug_278	-326	-255.5	-440.5	-350.5	-274	-620.5
drug_279	-326	-255.5	-440.5	-350.5	-274	-620.5
drug_28	596	-765	599	568	-746	721
drug_280	-278	234.5	-356	-271	272	-655
drug_281	-326	-255.5	-440.5	-350.5	265.5	-620.5
drug_282	-533.5	-310	-642	-302	250.5	-779
drug_283	-533.5	-310	-642	-302	-326.5	-779
drug_284	-326	-255.5	-440.5	-350.5	213	-620.5
drug_285	-441.5	510	-549	-580	-520.5	541
drug_286	-326	-255.5	-440.5	-350.5	-294.5	-620.5
drug_287	-278	234.5	-356	-271	257.5	-655
drug_288	-326	-255.5	-440.5	-350.5	-188	-620.5
drug_289	-300.5	-542.5	-409.5	242	-553.5	-546.5
drug_29	596	-765	599	568	-780.5	721
drug_290	630.5	742.5	-710.5	620.5	638.5	-710.5
drug_291	630.5	742.5	651.5	620.5	574.5	-620.5
drug_292	630.5	742.5	-710.5	620.5	887	-710.5
drug_293	630.5	742.5	651.5	620.5	822.5	-779
drug_294	630.5	742.5	-710.5	620.5	887	-710.5
drug_295	630.5	742.5	-710.5	620.5	887	-710.5
drug_296	630.5	742.5	-710.5	620.5	793.5	-710.5
drug_297	630.5	742.5	-710.5	620.5	791	-710.5
drug_298	630.5	742.5	-710.5	620.5	638.5	-710.5
drug_299	630.5	742.5	-710.5	620.5	793.5	-710.5
drug_3	-511	-909	447	-490	-940.5	571
drug_30	398	-542.5	419	388	-569	-546.5
drug_300	630.5	742.5	-710.5	620.5	697.5	-710.5
drug_301	630.5	742.5	-710.5	620.5	574.5	-710.5
drug_302	630.5	742.5	-710.5	620.5	727	-710.5
drug_303	630.5	742.5	-710.5	620.5	791	-710.5
drug_304	630.5	742.5	-710.5	620.5	699.5	-710.5
drug_305	630.5	742.5	-710.5	620.5	699.5	-710.5
drug_306	630.5	742.5	-710.5	620.5	793.5	-710.5
drug_307	630.5	742.5	651.5	620.5	727	-512
drug_308	630.5	742.5	651.5	620.5	655.5	-779
drug_309	630.5	742.5	-710.5	620.5	754	-710.5
drug_31	596	-634.5	599	568	-656.5	721
drug_310	630.5	742.5	-710.5	620.5	887	-710.5
drug_311	630.5	742.5	-710.5	620.5	847.5	-710.5
drug_312	630.5	742.5	-710.5	620.5	-600	-710.5
drug_313	630.5	742.5	651.5	620.5	847.5	-620.5
drug_314	630.5	742.5	-710.5	620.5	791	-710.5
drug_315	630.5	742.5	-710.5	620.5	-704	-710.5
drug_316	630.5	742.5	-710.5	620.5	699.5	-710.5
drug_317	630.5	742.5	651.5	620.5	599	-620.5
drug_318	630.5	742.5	-710.5	620.5	793.5	-710.5
drug_319	630.5	742.5	651.5	620.5	727	-512
drug_32	398	-542.5	419	388	-587	-546.5
drug_320	828.5	562.5	831.5	800.5	487.5	-620.5
drug_321	828.5	562.5	831.5	800.5	487.5	-512
drug_322	630.5	742.5	-710.5	620.5	-704	-710.5
drug_323	828.5	562.5	831.5	800.5	583.5	-710.5
drug_324	828.5	562.5	831.5	800.5	-520	-710.5
drug_325	828.5	562.5	831.5	800.5	-578	-512
drug_326	828.5	562.5	831.5	800.5	-615.5	-512
drug_327	828.5	562.5	831.5	800.5	487.5	-710.5
drug_328	828.5	562.5	831.5	800.5	-578.5	-710.5
drug_329	828.5	562.5	831.5	800.5	544	-779
drug_33	596	-765	599	568	-809	721
drug_330	828.5	562.5	831.5	800.5	437	-779
drug_331	630.5	742.5	651.5	620.5	638.5	308.5
drug_332	828.5	562.5	831.5	800.5	525	-779
drug_333	828.5	562.5	831.5	800.5	583.5	-710.5
drug_334	828.5	562.5	831.5	800.5	583.5	-512
drug_335	828.5	562.5	831.5	800.5	487.5	-512
drug_336	630.5	742.5	-710.5	620.5	754	-710.5
drug_337	828.5	562.5	831.5	800.5	-620.5	-710.5
drug_338	828.5	562.5	831.5	800.5	-474	-512
drug_339	828.5	562.5	831.5	800.5	583.5	-512
drug_34	596	-634.5	599	568	-623	721
drug_340	828.5	562.5	831.5	800.5	-518	-512
drug_341	828.5	562.5	831.5	800.5	-615.5	-512
drug_342	630.5	742.5	-710.5	620.5	574.5	-710.5
drug_343	828.5	562.5	831.5	800.5	487.5	-512
drug_344	828.5	562.5	831.5	800.5	-578.5	-710.5
drug_345	828.5	562.5	831.5	800.5	-512	-512
drug_346	828.5	562.5	831.5	800.5	-578	-512
drug_347	828.5	562.5	831.5	800.5	423.5	-620.5
drug_348	828.5	562.5	831.5	800.5	544	-512
drug_349	-744	-676.5	447	-722.5	574.5	571
drug_35	596	-765	599	568	-793	721
drug_350	-678	-623.5	447	-690.5	527	571
drug_351	-719	-600.5	447	-668.5	538.5	571
drug_352	-719	-600.5	447	-668.5	-487	571
drug_353	-744	-676.5	447	-722.5	-696.5	571
drug_354	-678	-623.5	447	-690.5	670.5	571
drug_355	-744	-676.5	447	-722.5	-789.5	571
drug_356	-661	-592.5	447	-660.5	574.5	571
drug_357	-678	-623.5	447	-690.5	-648	571
drug_358	-678	-623.5	447	-690.5	-789.5	571
drug_359	-678	-623.5	447	-690.5	-648	571
drug_36	596	-765	599	568	-829.5	721
drug_360	630.5	742.5	651.5	620.5	791	-512
drug_361	-678	-623.5	447	-690.5	634.5	571
drug_362	-744	-676.5	447	-722.5	-685.5	571
drug_363	-661	-592.5	447	-660.5	720.5	571
drug_364	-744	-676.5	447	-722.5	-814	571
drug_365	-719	-600.5	447	-668.5	-483.5	571
drug_366	-678	-623.5	447	-690.5	-752	571
drug_367	-678	-623.5	447	-690.5	-778	571
drug_368	-744	-676.5	447	-722.5	670.5	571
drug_369	-744	-676.5	447	-722.5	-789.5	571
drug_37	596	-542.5	599	568	-591	721
drug_370	-678	-623.5	447	-690.5	-778	571
drug_371	-744	-676.5	447	-722.5	-672.5	571
drug_372	-744	-676.5	447	-722.5	-817.5	571
drug_373	630.5	742.5	651.5	620.5	638.5	-779
drug_374	-744	-676.5	447	-722.5	-526.5	571
drug_375	-744	-676.5	447	-722.5	-672.5	571
drug_376	-678	-623.5	447	-690.5	-648	571
drug_377	877	877	384	353	799	-388
drug_378	-678	-623.5	447	-690.5	490	571
drug_379	-603	-532.5	-710.5	568	-704	721
drug_38	596	-488	599	568	-464.5	721
drug_380	596	-402	599	-580	-246.5	721
drug_381	-603	-532.5	-710.5	568	-553	721
drug_382	596	-402	599	-580	351.5	721
drug_383	-603	-532.5	-710.5	568	-423.5	721
drug_384	596	330	-642	568	-441.5	-779
drug_385	-603	-532.5	-710.5	-450.5	-620.5	-710.5
drug_386	596	-402	599	-580	-474	721
drug_387	-603	-532.5	-710.5	-450.5	483.5	-710.5
drug_388	596	-402	599	-580	384.5	721
drug_389	-603	-532.5	-710.5	568	-402	721
drug_39	596	-542.5	599	568	-546.5	721
drug_390	-603	-532.5	-710.5	-450.5	537.5	-710.5
drug_391	-603	-532.5	-710.5	568	-423.5	721
drug_392	596	-402	599	-580	-578	721
drug_393	596	330	-642	568	307	-779
drug_394	-603	-532.5	-710.5	568	-376.5	721
drug_395	-603	-532.5	-710.5	568	-553	721
drug_396	596	-402	599	-580	-506	721
drug_397	398	510	-440.5	388	680	-620.5
drug_398	596	330	-642	568	351.5	-779
drug_399	596	-402	599	-580	-379	721
drug_4	630.5	-909	500.5	-490	-961.5	624.5
drug_40	596	-634.5	599	568	-623	721
drug_400	596	330	599	568	340	721
drug_401	398	-765	-478	388	-762	541
drug_402	-603	-532.5	-710.5	568	-402	721
drug_403	596	-402	599	-580	-297.5	721
drug_404	596	330	599	568	-294.5	721
drug_405	-441.5	510	-549	-580	464	541
drug_406	-603	-532.5	-710.5	568	-553	721
drug_407	-915.5	-930.5	-493.5	-967.5	-895.5	494.5
drug_408	-915.5	-930.5	-493.5	-967.5	-893.5	494.5
drug_409	-891	-906	-526	-904	-803.5	441
drug_41	596	-765	599	568	-762	721
drug_410	-915.5	-930.5	-493.5	-967.5	-883.5	494.5
drug_411	-915.5	-930.5	-493.5	-967.5	-888	494.5
drug_412	-915.5	-930.5	-493.5	-967.5	-878	494.5
drug_413	-891	-906	-526	-904	-827	441
drug_414	-915.5	-930.5	-493.5	-967.5	-883.5	494.5
drug_415	-915.5	-930.5	-493.5	-967.5	-895.5	494.5
drug_416	-915.5	-930.5	-493.5	-967.5	-895.5	494.5
drug_417	-915.5	-930.5	-493.5	-967.5	-883.5	494.5
drug_418	-915.5	-930.5	-493.5	-967.5	-895.5	494.5
drug_419	-915.5	-930.5	-493.5	-967.5	-895.5	494.5
drug_42	596	-634.5	599	568	-716.5	721
drug_420	-871.5	-870.5	-977.5	-531.5	-787	-512.5
drug_421	-891	-906	-526	-904	-835.5	441
drug_422	-915.5	-930.5	-493.5	-967.5	-905.5	494.5
drug_423	-915.5	-930.5	-493.5	-967.5	-895.5	494.5
drug_424	-915.5	-930.5	-493.5	-967.5	-905	494.5
drug_425	-915.5	-930.5	-493.5	-967.5	-895.5	494.5
drug_426	-915.5	-930.5	-493.5	-967.5	-905.5	494.5
drug_427	-915.5	-930.5	-493.5	-967.5	-905.5	494.5
drug_428	-915.5	-930.5	-493.5	-967.5	-905	494.5
drug_429	-915.5	-930.5	-493.5	-967.5	-883.5	494.5
drug_43	596	-542.5	599	568	-535.5	721
drug_430	-915.5	-930.5	-493.5	-967.5	-883.5	494.5
drug_431	-915.5	-930.5	-493.5	-967.5	-887.5	494.5
drug_432	-891	-906	-526	-904	-815	441
drug_433	-816	-815	-541	930.5	-803.5	358.5
drug_434	-891	-906	-526	-904	-815.5	441
drug_435	-816	-815	-541	930.5	-802.5	358.5
drug_436	-654.5	-684.5	-762.5	-793.5	-662.5	-229.5
drug_437	-603	-532.5	-710.5	-450.5	655	-710.5
drug_438	-603	-532.5	-710.5	-450.5	537.5	-710.5
drug_439	-603	-532.5	-710.5	-450.5	-578.5	-710.5
drug_44	596	-634.5	599	568	-623	721
drug_440	398	-765	-478	388	-809	541
drug_441	-441.5	510	-549	-580	-518	541
drug_442	398	-634.5	419	388	-623	541
drug_443	398	-765	-478	388	-842.5	541
drug_444	398	-765	-478	388	-809	541
drug_445	398	-765	-478	388	-737	541
drug_446	398	-634.5	419	388	-683	541
drug_447	-603	-532.5	-710.5	-450.5	-657	-710.5
drug_448	398	-765	-478	388	-762.5	541
drug_449	398	-765	-478	388	-842.5	541
drug_45	596	-634.5	599	568	-716.5	721
drug_450	-603	-532.5	-710.5	-450.5	-528	-710.5
drug_451	-603	-532.5	-710.5	-450.5	610.5	-710.5
drug_452	630.5	742.5	651.5	620.5	-701.5	308.5
drug_453	-603	-532.5	-710.5	-450.5	-741.5	-710.5
drug_454	-603	-532.5	-710.5	-450.5	-553	-710.5
drug_455	-603	-532.5	-710.5	-450.5	-528	-710.5
drug_456	398	-634.5	419	388	-667	541
drug_457	-603	-532.5	-710.5	-450.5	610.5	-710.5
drug_458	-603	-532.5	-710.5	-450.5	-578.5	-710.5
drug_459	398	-634.5	419	388	-641.5	541
drug_46	596	-488	599	568	-483	721
drug_460	-603	-532.5	-710.5	-450.5	444	-710.5
drug_461	398	-765	-478	388	-709.5	541
drug_462	-603	-532.5	-710.5	-450.5	444	-710.5
drug_463	398	-765	-478	388	-755.5	541
drug_464	-603	-532.5	-710.5	-450.5	-669.5	-710.5
drug_465	-603	-532.5	-710.5	-450.5	-694.5	-710.5
drug_466	596	-402	599	-580	-518	721
drug_467	-441.5	510	-549	-580	-555.5	541
drug_468	-441.5	510	-549	-580	483.5	541
drug_469	596	-402	599	-580	-307.5	721
drug_47	596	-765	599	568	-795.5	721
drug_470	-441.5	510	-549	-580	458	541
drug_471	596	-402	599	-580	-414	721
drug_472	398	510	-440.5	388	610.5	-620.5
drug_473	596	330	599	568	-456.5	721
drug_474	596	330	599	568	-208.5	721
drug_475	596	-402	599	-580	-367.5	721
drug_476	-441.5	510	-549	-580	-414	541
drug_477	596	-402	599	-580	-474	721
drug_478	596	-402	599	-580	307	721
drug_479	-441.5	510	-549	-580	537.5	541
drug_48	398	-634.5	419	388	-656.5	541
drug_480	596	-402	599	-580	-202.5	721
drug_481	596	-402	599	-580	-615.5	721
drug_482	596	-402	599	-580	-379	721
drug_483	596	330	599	568	-294.5	721
drug_484	596	-402	599	-580	-474	721
drug_485	596	330	599	568	-415.5	721
drug_486	596	-402	599	-580	-509.5	721
drug_487	596	-402	599	-580	-474	721
drug_488	596	-402	599	-580	-512	721
drug_489	596	-402	599	-580	-405.5	721
drug_49	398	510	419	388	655	541
drug_490	596	-402	599	-580	-474	721
drug_491	596	-402	599	-580	-474	721
drug_492	596	330	599	568	256.5	721
drug_493	596	-402	599	-580	-335.5	721
drug_494	644.5	644.5	-208	120.5	729	-388
drug_495	596	-402	599	-580	-578	721
drug_496	596	-402	599	-580	-414	721
drug_5	630.5	-909	500.5	-490	-939	624.5
drug_50	398	510	-440.5	388	537.5	-620.5
drug_51	398	510	-440.5	388	444	-620.5
drug_52	398	-634.5	419	388	-664.5	541
drug_53	398	-634.5	419	388	-588	541
drug_54	-441.5	510	-549	-580	610.5	541
drug_55	-441.5	510	-549	-580	610.5	541
drug_56	398	510	-440.5	388	580	-620.5
drug_57	398	510	-440.5	388	610.5	-620.5
drug_58	-441.5	510	-549	-580	311.5	541
drug_59	-441.5	510	-549	-580	458	541
drug_6	630.5	-856	500.5	-458	-865.5	624.5
drug_60	-441.5	510	-549	-580	-474	541
drug_61	-441.5	510	-549	-580	673.5	541
drug_62	-441.5	510	-549	-580	385	541
drug_63	-441.5	510	-549	-580	610.5	541
drug_64	398	510	-440.5	388	679	-620.5
drug_65	-441.5	510	-549	-580	586.5	541
drug_66	398	510	-440.5	388	655	-620.5
drug_67	-441.5	510	-549	-580	686.5	541
drug_68	398	510	-440.5	388	444	-620.5
drug_69	-441.5	510	-549	-580	537.5	541
drug_7	630.5	-856	500.5	-458	-890.5	624.5
drug_70	-441.5	510	-549	-580	655	541
drug_71	-441.5	510	-549	-580	537.5	541
drug_72	-441.5	510	-549	-580	-520.5	541
drug_73	398	510	-440.5	388	655	-620.5
drug_74	398	510	-440.5	388	444	-620.5
drug_75	-441.5	510	-549	-580	534	541
drug_76	398	510	-440.5	388	311.5	-620.5
drug_77	-441.5	510	-549	-580	-653.5	541
drug_78	-441.5	510	-549	-580	385	541
drug_79	398	510	419	388	655	541
drug_8	-511	-909	447	-490	-894.5	571
drug_80	-441.5	510	-549	-580	-474	541
drug_81	-441.5	510	-549	-580	-615.5	541
drug_82	630.5	742.5	651.5	620.5	604.5	-359.5
drug_83	630.5	742.5	651.5	620.5	887	-359.5
drug_84	630.5	742.5	651.5	620.5	887	-512
drug_85	630.5	742.5	651.5	620.5	734.5	-359.5
drug_86	630.5	742.5	651.5	620.5	727	-359.5
drug_87	630.5	742.5	651.5	620.5	791	-375
drug_88	630.5	742.5	651.5	620.5	727	-359.5
drug_89	630.5	742.5	651.5	620.5	699.5	-375
drug_9	630.5	-909	500.5	-490	-945.5	624.5
drug_90	630.5	742.5	651.5	620.5	916	-359.5
drug_91	630.5	742.5	651.5	620.5	697.5	-375
drug_92	630.5	742.5	651.5	620.5	734.5	-375
drug_93	630.5	742.5	651.5	620.5	887	-375
drug_94	630.5	742.5	651.5	620.5	695	-359.5
drug_95	630.5	742.5	651.5	620.5	791	-359.5
drug_96	630.5	742.5	651.5	620.5	793.5	-375
drug_97	630.5	742.5	651.5	620.5	727	-375
drug_98	630.5	742.5	651.5	620.5	697.5	-375
drug_99	630.5	742.5	651.5	620.5	795.5	-375
