ad	density	cc	spath	eigencentr	betwcentr
drug_1	753	733	681	780	708.5	761
drug_10	512	569	628	597	-592	-421.5
drug_100	658.5	627.5	-580.5	706.5	-383	670.5
drug_101	678	688	-611	711	-835.5	666
drug_102	666	719	705	729	682.5	635
drug_103	-562	-607	-624	-613	-595	604
drug_104	645	622	-573.5	660	672.5	691.5
drug_105	635.5	663.5	698.5	740.5	742.5	323.5
drug_106	678	688	-611	711	-613	666
drug_107	678	688	-611	711	646	666
drug_108	678	688	-611	711	-772.5	666
drug_109	660.5	636.5	-592.5	719.5	-744	336.5
drug_11	684	695	678.5	766.5	635	641.5
drug_110	-575.5	-683.5	-650.5	-687.5	-662	-671.5
drug_111	-641	525	542	-554.5	-551.5	-840
drug_112	-575.5	-683.5	-650.5	-687.5	-701	-671.5
drug_113	-575.5	-683.5	-650.5	-687.5	-718	-671.5
drug_114	-575.5	-683.5	-650.5	-687.5	-659	-671.5
drug_115	-575.5	-683.5	-650.5	-687.5	-736	-671.5
drug_116	-575.5	-683.5	-650.5	-687.5	-701	-671.5
drug_117	-575.5	-683.5	-650.5	-687.5	-627	-671.5
drug_118	-463	-514	-594	-549	-572.5	-826
drug_119	-575.5	-683.5	-650.5	-687.5	-694	-671.5
drug_12	592	632	410	642	656	-576
drug_120	-575.5	-683.5	-650.5	-687.5	-696	-671.5
drug_121	-642	-603	538	-625	-629.5	-629
drug_122	-575.5	-683.5	-650.5	-687.5	-736	-671.5
drug_123	-575.5	-683.5	-650.5	-687.5	-645.5	-671.5
drug_124	-575.5	-683.5	-650.5	-687.5	-659	-671.5
drug_125	-575.5	-683.5	-650.5	-687.5	-736	-671.5
drug_126	-575.5	-683.5	-650.5	-687.5	-694	-671.5
drug_127	-483	-536	-544.5	-581.5	-586.5	-557.5
drug_128	-575.5	-683.5	-650.5	-687.5	-761.5	-671.5
drug_129	-575.5	-683.5	-650.5	-687.5	-736	-671.5
drug_13	402.5	-336	-458.5	-339.5	-449	-891.5
drug_130	-463	-514	-594	-549	-572.5	-826
drug_131	-575.5	-683.5	-650.5	-687.5	-635.5	-671.5
drug_132	-575.5	-683.5	-650.5	-687.5	-694	-671.5
drug_133	-575.5	-683.5	-650.5	-687.5	-662	-671.5
drug_134	-575.5	-683.5	-650.5	-687.5	-683	-671.5
drug_135	-483	-536	-544.5	-581.5	-541	-557.5
drug_136	-575.5	-683.5	-650.5	-687.5	-694	-671.5
drug_137	-483	-536	-544.5	-581.5	-509	-557.5
drug_138	-575.5	-683.5	-650.5	-687.5	-736	-671.5
drug_139	-529	-571	-534.5	-595.5	-613	-835.5
drug_14	-442.5	-452.5	-450.5	154.5	-456	-466.5
drug_140	-575.5	-683.5	-650.5	-687.5	-719.5	-671.5
drug_141	-483	-536	-544.5	-581.5	-571.5	-557.5
drug_142	-777.5	-744.5	-693	-758.5	-598.5	-727
drug_143	-918	-756	-823	-787	-664.5	-623
drug_144	-808.5	-738.5	-828	-764	-787.5	-619
drug_145	-935.5	-932.5	-916.5	-934.5	-952.5	-916.5
drug_146	-912	-870	-883.5	-876.5	-837	-738.5
drug_147	-691.5	-561.5	-558	-605.5	-509.5	-543
drug_148	-912	-870	-883.5	-876.5	-839.5	-738.5
drug_149	-912	-870	-883.5	-876.5	-809.5	-738.5
drug_15	-409.5	-475.5	-484.5	-475.5	-486	-859.5
drug_150	-838.5	-598.5	-739	-644	-550	-590
drug_151	-838.5	-598.5	-739	-644	-641.5	-590
drug_152	-507.5	-492.5	504.5	-534.5	-522.5	-505.5
drug_153	-628.5	-587.5	527	-615.5	-591	-603
drug_154	-691.5	-561.5	-558	-605.5	-552.5	-543
drug_155	-912	-870	-883.5	-876.5	-837	-738.5
drug_156	-678.5	-632.5	-716.5	-641.5	-588.5	-569.5
drug_157	-453	-462	488	-509	-452.5	-479
drug_158	-507.5	-492.5	504.5	-534.5	-518	-505.5
drug_159	-856	-614	-736	-743.5	-648.5	-615
drug_16	-409.5	-475.5	-484.5	-475.5	-485.5	-859.5
drug_160	-912	-870	-883.5	-876.5	-862.5	-738.5
drug_161	-691.5	-561.5	-558	-605.5	-508.5	-543
drug_162	-808.5	-738.5	-828	-764	-743.5	-619
drug_163	-912	-870	-883.5	-876.5	-885.5	-738.5
drug_164	-808.5	-738.5	-828	-764	-724	-619
drug_165	-483	-536	-569	-566	-560	-531
drug_166	-912	-870	-883.5	-876.5	-883.5	-738.5
drug_167	-933	-944	-938	-944	-933.5	-925
drug_168	-912	-870	-883.5	-876.5	-818	-738.5
drug_169	-808.5	-738.5	-828	-764	-787.5	-619
drug_17	512	569	628	597	-566	-421.5
drug_170	-935.5	-932.5	-916.5	-934.5	-953.5	-916.5
drug_171	635.5	663.5	687	746	790.5	630
drug_172	-497	-572	-532	-576	-468.5	-525
drug_173	-546.5	-519.5	-479.5	327.5	-462	313.5
drug_174	-406.5	383.5	546.5	396.5	465.5	304.5
drug_175	-497	-572	-532	-576	-524.5	-525
drug_176	-438.5	-389.5	-467.5	-492.5	-334.5	591.5
drug_177	744	748	573	777	510	655
drug_178	-497	-572	-532	-576	-546	-525
drug_179	-497	-572	-532	-576	-717.5	-525
drug_18	-409.5	-475.5	-484.5	-475.5	-487	-859.5
drug_180	752	750	708	782	636.5	736
drug_181	570	352	-362	332	386	331
drug_182	-497	-572	-532	-576	588.5	-525
drug_183	-546.5	-519.5	-479.5	327.5	310.5	313.5
drug_184	-438.5	-389.5	-467.5	-492.5	-499	591.5
drug_185	512	569	628	597	-617.5	-421.5
drug_186	-497	-572	-532	-576	-658	-525
drug_187	-546.5	-519.5	-479.5	327.5	310.5	313.5
drug_188	-497	-572	-532	-576	-727	-525
drug_189	-438.5	-389.5	-467.5	-492.5	-334.5	591.5
drug_19	460.5	436.5	-394.5	520.5	-408.5	-448.5
drug_190	-438.5	-389.5	-467.5	-492.5	-434.5	591.5
drug_191	803.5	724.5	671.5	856.5	646	897.5
drug_192	635.5	663.5	687	746	618.5	630
drug_193	-497	-572	-532	-576	-606	-525
drug_194	608.5	639.5	674.5	685	-636	712.5
drug_195	-497	-572	-532	-576	-448.5	-525
drug_196	-497	-572	-532	-576	-684	-525
drug_197	-497	-572	-532	-576	-624.5	-525
drug_198	-497	-572	-532	-576	-558	-525
drug_199	-438.5	-389.5	-467.5	-492.5	-434.5	591.5
drug_2	684	695	678.5	766.5	807	641.5
drug_20	-608.5	-678.5	-682.5	-678.5	-526	-658.5
drug_200	-497	-572	-532	-576	-558	-525
drug_201	645	622	563.5	717.5	608	321.5
drug_202	454.5	469.5	450	507	-367.5	360
drug_203	454.5	469.5	450	507	-431	360
drug_204	598.5	520.5	326.5	517.5	337	474.5
drug_205	454.5	469.5	450	507	306.5	360
drug_206	334.5	373.5	556.5	370.5	-445.5	545.5
drug_207	454.5	469.5	450	507	608	360
drug_208	-380	337	377.5	345.5	314.5	298.5
drug_209	454.5	469.5	450	507	306.5	360
drug_21	-409.5	-475.5	-484.5	-475.5	-487	-859.5
drug_210	512	569	628	597	522.5	-421.5
drug_211	454.5	469.5	450	507	440	360
drug_212	454.5	469.5	450	507	554	360
drug_213	598.5	520.5	326.5	517.5	-385.5	474.5
drug_214	-380	337	377.5	345.5	423	298.5
drug_215	645	622	563.5	717.5	503.5	321.5
drug_216	-380	337	377.5	345.5	-390.5	298.5
drug_217	454.5	469.5	450	507	440	360
drug_218	454.5	469.5	450	507	432	360
drug_219	512	569	628	597	561	-421.5
drug_22	-627.5	272	-604.5	300	271	-226.5
drug_220	454.5	469.5	450	507	604	360
drug_221	454.5	469.5	450	507	338	360
drug_222	454.5	469.5	450	507	432	360
drug_223	454.5	469.5	450	507	445	360
drug_224	-380	337	377.5	345.5	177.5	298.5
drug_225	-406.5	383.5	546.5	396.5	640	304.5
drug_226	512	569	628	597	-432.5	-421.5
drug_227	512	569	628	597	733	-421.5
drug_228	454.5	469.5	450	507	445	360
drug_229	454.5	469.5	450	507	604	360
drug_23	-608.5	-678.5	-682.5	-678.5	631	-658.5
drug_230	454.5	469.5	450	507	440	360
drug_231	-438.5	-389.5	-467.5	-492.5	-494	591.5
drug_232	334.5	373.5	556.5	370.5	454.5	545.5
drug_233	-497	-572	-532	-576	-658	-525
drug_234	512	569	628	597	581	-421.5
drug_235	-497	-572	-532	-576	-684	-525
drug_236	512	569	628	597	581	-421.5
drug_237	-497	-572	-532	-576	-760.5	-525
drug_238	-497	-572	-532	-576	-624.5	-525
drug_239	512	569	628	597	753	-421.5
drug_24	-608.5	-678.5	-682.5	-678.5	-660	-658.5
drug_240	512	569	628	597	537.5	-421.5
drug_241	592	632	410	642	661.5	-576
drug_242	616.5	657.5	671	676	819.5	335
drug_243	-497	-572	-532	-576	489	-525
drug_244	-626	-637	431.5	393.5	371.5	-719
drug_245	-652	-691	-591	-696	-480	-668
drug_246	-497	-572	-532	-576	-524.5	-525
drug_247	-497	-572	-532	-576	-558	-525
drug_248	-497	-572	-532	-576	-624.5	-525
drug_249	-497	-572	-532	-576	-743	-525
drug_25	581.5	490	-487	408	496.5	-624
drug_250	-786	-767	-329	-773	-749.5	-722
drug_251	512	569	628	597	733	-421.5
drug_252	512	569	628	597	733	-421.5
drug_253	512	569	628	597	-635	-421.5
drug_254	-497	-572	-532	-576	-524.5	-525
drug_255	-497	-572	-532	-576	-546	-525
drug_256	-497	-572	-532	-576	-717.5	-525
drug_257	512	569	628	597	687	-421.5
drug_258	666	719	705	729	680.5	635
drug_259	653.5	703.5	713.5	729	729.5	683.5
drug_26	635.5	663.5	687	746	480	630
drug_260	-497	-572	-532	-576	-524.5	-525
drug_261	-497	-572	-532	-576	-386.5	-525
drug_262	612.5	655.5	701	697	628.5	616
drug_263	608.5	639.5	674.5	685	794	712.5
drug_264	-497	-572	-532	-576	541	-525
drug_265	-497	-572	-532	-576	-684	-525
drug_266	-497	-572	-532	-576	-408	-525
drug_267	-497	-572	-532	-576	-760.5	-525
drug_268	-497	-572	-532	-576	578	-525
drug_269	672.5	725.5	719.5	774.5	533	575.5
drug_27	-497	-572	-532	-576	-524.5	-525
drug_270	653.5	703.5	713.5	729	723.5	683.5
drug_271	593	-373	-330	-377	-353.5	-329
drug_272	684	695	781	689	856.5	338
drug_273	-497	-572	-532	-576	569	-525
drug_274	-497	-572	-532	-576	-658	-525
drug_275	-438.5	-389.5	-467.5	-492.5	-339.5	591.5
drug_276	-497	-572	-532	-576	-684	-525
drug_277	512	569	628	597	687	-421.5
drug_278	-497	-572	-532	-576	578	-525
drug_279	-438.5	-389.5	-467.5	-492.5	391.5	591.5
drug_28	-497	-572	-532	-576	562.5	-525
drug_280	512	569	628	597	422.5	-421.5
drug_281	512	569	628	597	561	-421.5
drug_282	-497	-572	-532	-576	578	-525
drug_283	-438.5	-389.5	-467.5	-492.5	-334.5	591.5
drug_284	-497	-572	-532	-576	-386.5	-525
drug_285	-586	-620	373	-620	-590	-684
drug_286	-497	-572	-532	-576	-684	-525
drug_287	608.5	639.5	674.5	685	686.5	712.5
drug_288	-497	-572	-532	-576	-769.5	-525
drug_289	756	768	749	784	927.5	757
drug_29	581.5	490	-487	408	-376	-624
drug_290	-689.5	-686.5	-672.5	-688.5	-535.5	645.5
drug_291	749.5	729.5	-616	761	910	767
drug_292	-681.5	-696.5	-701.5	-696	-827	-648.5
drug_293	-689.5	-686.5	-672.5	-688.5	-633	645.5
drug_294	653.5	703.5	713.5	729	729.5	683.5
drug_295	635.5	663.5	578	685	492	659
drug_296	689.5	670.5	743	696	-710.5	656
drug_297	454.5	469.5	438	497	681.5	564
drug_298	-681.5	-696.5	-701.5	-696	-572.5	-648.5
drug_299	-579.5	-664.5	-664.5	-665.5	-842	-599.5
drug_3	684	695	678.5	766.5	738.5	641.5
drug_30	-497	-572	-532	-576	-776.5	-525
drug_300	-681.5	-696.5	-701.5	-696	-669	-648.5
drug_301	754	757	670	778	658.5	743
drug_302	-681.5	-696.5	-701.5	-696	-666	-648.5
drug_303	-672	-627	-603	-653	794.5	674
drug_304	749.5	729.5	-616	761	738	767
drug_305	707.5	646.5	-653.5	669.5	-688	-677.5
drug_306	749.5	729.5	-616	761	-807	767
drug_307	-681.5	-696.5	-701.5	-696	-667.5	-648.5
drug_308	662.5	675.5	-599.5	701.5	-592.5	578.5
drug_309	-689.5	-686.5	-672.5	-688.5	796	645.5
drug_31	687	699	773	699	576.5	673
drug_310	-653.5	-652.5	-694.5	-658.5	-794.5	-687.5
drug_311	-689.5	-686.5	-672.5	-688.5	-633	645.5
drug_312	-681.5	-696.5	-701.5	-696	-671	-648.5
drug_313	-653.5	-652.5	-694.5	-658.5	-838.5	-687.5
drug_314	-497	-572	-532	-576	-624.5	-525
drug_315	-677	-672	-690	-685.5	-812.5	693
drug_316	707.5	646.5	-653.5	669.5	-589	-677.5
drug_317	666	719	705	729	582.5	635
drug_318	-579.5	-664.5	-664.5	-665.5	-805	-599.5
drug_319	662.5	675.5	-599.5	701.5	676.5	578.5
drug_32	581.5	490	-487	408	494.5	-624
drug_320	-655	-658	-691	-672	-606	-484
drug_321	716	653	317	678	288	689
drug_322	-662	-613	-634	651	585.5	611
drug_323	645	622	422	673	668	651
drug_324	763	758	776	772	816	720
drug_325	-662	-613	-634	651	-398	611
drug_326	645	622	422	673	497.5	651
drug_327	-648	-523	-658	-536	-730.5	-610
drug_328	-649.5	-527.5	-651.5	-540.5	-638.5	468.5
drug_329	716	653	317	678	598.5	689
drug_33	-546.5	-519.5	-479.5	327.5	530	313.5
drug_330	-662	-613	-634	651	-500.5	611
drug_331	-828	-698	381.5	481.5	463.5	855.5
drug_332	645	622	422	673	666.5	651
drug_333	-662	-613	-634	651	-600.5	611
drug_334	-649.5	-527.5	-651.5	-540.5	-637.5	468.5
drug_335	645	622	422	673	398	651
drug_336	-662	-613	-634	651	649	611
drug_337	-438.5	-389.5	-475.5	-398.5	297.5	464.5
drug_338	645	622	422	673	604	651
drug_339	-662	-613	-634	651	477	611
drug_34	581.5	490	-487	408	-535.5	-624
drug_340	713	612	-597	662	-365	672
drug_341	-497	-572	-532	-576	474.5	-525
drug_342	-699	-703	-705	-703	-877.5	-693
drug_343	635.5	663.5	578	685	803.5	659
drug_344	-662	-613	-634	651	-497.5	611
drug_345	749.5	729.5	541	763	883.5	765
drug_346	716	653	317	678	426.5	689
drug_347	-662	-613	-634	651	-500.5	611
drug_348	-662	-613	-634	651	652	611
drug_349	720	755	779	657	893.5	718
drug_35	570	352	-362	332	183.5	331
drug_350	764	769	775	743	733.5	769
drug_351	739	711	732	522	838	730
drug_352	773.5	788.5	789	779	753.5	747
drug_353	733.5	745.5	765.5	-645	878.5	740.5
drug_354	689.5	670.5	740	350	649.5	725
drug_355	726.5	738.5	756.5	546	874.5	705.5
drug_356	-550	-381	-596	-499	273.5	573
drug_357	726.5	738.5	756.5	546	697	705.5
drug_358	512	569	628	597	537.5	-421.5
drug_359	-608.5	-678.5	-682.5	-678.5	-760	-658.5
drug_36	692.5	673.5	418.5	690.5	668	744.5
drug_360	783	771	747	770	618.5	763
drug_361	726.5	738.5	756.5	546	596.5	705.5
drug_362	733.5	745.5	765.5	-645	877	740.5
drug_363	726.5	738.5	756.5	546	869	705.5
drug_364	697.5	678.5	745	-528	656.5	760
drug_365	726.5	738.5	756.5	546	699.5	705.5
drug_366	733.5	745.5	765.5	-645	877	740.5
drug_367	747	760	728	540	818	746
drug_368	689.5	670.5	740	350	650.5	725
drug_369	733.5	745.5	765.5	-645	813	740.5
drug_37	-497	-572	-532	-576	-705.5	-525
drug_370	767	761	769	692	903.5	700
drug_371	768	762	762	736	709.5	779
drug_372	771	775	771	764	622	789
drug_373	-559	-539	-655	-608	-591	-476
drug_374	739	711	732	522	661.5	730
drug_375	739	711	732	522	664	730
drug_376	770	763	772	694	732.5	738
drug_377	512	569	628	597	561	-421.5
drug_378	454.5	469.5	450	507	-470	360
drug_379	-641.5	-655.5	-648.5	353.5	-787.5	318.5
drug_38	581.5	490	-487	408	-472	-624
drug_380	-641.5	-655.5	-648.5	353.5	-830.5	318.5
drug_381	-693	-701	-697	-701	-773	-675
drug_382	568	-351	-500	306	-467.5	372
drug_383	512	569	628	597	686.5	-421.5
drug_384	-667	-671	-689	-685.5	-784.5	654
drug_385	-562	-607	-624	-613	-498.5	604
drug_386	-438.5	-389.5	-467.5	-492.5	-329.5	591.5
drug_387	-618	-525	-594.5	304.5	-663.5	328.5
drug_388	-497	-572	-532	-576	-646	-525
drug_389	-641.5	-655.5	-648.5	353.5	-630	318.5
drug_39	-497	-572	-532	-576	586	-525
drug_390	635.5	663.5	687	746	621	630
drug_391	334.5	373.5	556.5	370.5	341.5	545.5
drug_392	-615	-516	-598	357	-493	-338
drug_393	-497	-572	-532	-576	489	-525
drug_394	-697.5	-692.5	-692.5	310.5	-752	326.5
drug_395	-618	-525	-594.5	304.5	-662.5	328.5
drug_396	-608.5	-678.5	-682.5	-678.5	-655.5	-658.5
drug_397	-697.5	-692.5	-692.5	310.5	-651	326.5
drug_398	-406.5	383.5	546.5	396.5	-480.5	304.5
drug_399	608.5	639.5	674.5	685	794	712.5
drug_4	684	695	678.5	766.5	-767.5	641.5
drug_40	570	352	-362	332	454.5	331
drug_400	-406.5	383.5	546.5	396.5	464	304.5
drug_401	512	569	628	597	-532.5	-421.5
drug_402	-693	-701	-697	-701	-674	-675
drug_403	-438.5	-389.5	-467.5	-492.5	-334.5	591.5
drug_404	512	569	628	597	682.5	-421.5
drug_405	-784.5	616.5	703.5	-771.5	625.5	-720.5
drug_406	-497	-572	-532	-576	-727	-525
drug_407	514	508	518	-505	503.5	534
drug_408	527	529	533	-517	-485.5	526
drug_409	-507.5	-492.5	504.5	-534.5	-524	-505.5
drug_41	-497	-572	-532	-576	-684	-525
drug_410	-507.5	-492.5	504.5	-534.5	486.5	-505.5
drug_411	527	529	533	-517	529	526
drug_412	527	529	533	-517	529	526
drug_413	527	529	533	-517	532	526
drug_414	-463	-514	-594	-549	-572.5	-826
drug_415	538	536	484	-503	519.5	-566
drug_416	527	529	533	-517	526.5	526
drug_417	-507.5	-492.5	-481.5	-534.5	-497.5	-511.5
drug_418	527	529	533	-517	529	526
drug_419	492	464	-475	-507	-505.5	-574
drug_42	581.5	490	-487	408	-234	-624
drug_420	-507.5	-492.5	504.5	-534.5	483.5	-505.5
drug_421	541.5	542.5	470.5	543.5	506.5	537.5
drug_422	535.5	533.5	-460	506	515.5	-731
drug_423	539	540	525	540	524.5	-568
drug_424	-638	537.5	540	-554.5	543.5	-592
drug_425	506.5	500.5	498.5	-503	-490	539.5
drug_426	537	539	516	-511	559	-743
drug_427	541.5	542.5	470.5	543.5	506.5	537.5
drug_428	-507.5	-492.5	-481.5	-534.5	-474.5	-511.5
drug_429	-628.5	-587.5	527	-615.5	-543.5	-603
drug_43	746	732	742	700	872	699
drug_430	506.5	500.5	498.5	-503	525.5	539.5
drug_431	527	529	533	-517	532	526
drug_432	540	541	472	541	545.5	-723
drug_433	-483	-536	-544.5	-581.5	-547.5	-557.5
drug_434	-483	-536	-569	-566	-536	-531
drug_435	-575.5	-683.5	-650.5	-687.5	-701	-671.5
drug_436	-575.5	-683.5	-650.5	-687.5	-670.5	-671.5
drug_437	334.5	373.5	556.5	370.5	352.5	545.5
drug_438	-546.5	-519.5	-479.5	327.5	413	313.5
drug_439	512	569	628	597	463	-421.5
drug_44	-497	-572	-532	-576	-624.5	-525
drug_440	592	632	410	642	-531.5	-576
drug_441	-497	-572	-532	-576	-524.5	-525
drug_442	-546.5	-519.5	-479.5	327.5	-360	313.5
drug_443	512	569	628	597	-668.5	-421.5
drug_444	-406.5	383.5	546.5	396.5	687.5	304.5
drug_445	512	569	628	597	522.5	-421.5
drug_446	605	524	576	680	331.5	661
drug_447	512	569	628	597	-592	-421.5
drug_448	-497	-572	-532	-576	-524.5	-525
drug_449	-497	-572	-532	-576	-524.5	-525
drug_45	-497	-572	-532	-576	-646	-525
drug_450	-497	-572	-532	-576	-684	-525
drug_451	-497	-572	-532	-576	-743	-525
drug_452	438	452	572	-444.5	579	476
drug_453	512	569	628	597	709.5	-421.5
drug_454	-529	-352	363	299	-405.5	325
drug_455	653.5	703.5	713.5	729	901.5	683.5
drug_456	581.5	490	-487	408	329	-624
drug_457	581.5	490	-487	408	-472	-624
drug_458	512	569	628	597	561	-421.5
drug_459	-497	-572	-532	-576	569	-525
drug_46	714	692	439	758	504.5	676
drug_460	604	517	565	546	659.5	585
drug_461	-438.5	-389.5	-467.5	-492.5	-329.5	591.5
drug_462	581.5	490	-487	408	-376	-624
drug_463	-497	-572	-532	-576	-460.5	-525
drug_464	512	569	628	597	-567	-421.5
drug_465	692.5	673.5	418.5	690.5	840	744.5
drug_466	512	569	628	597	-592	-421.5
drug_467	672.5	725.5	719.5	774.5	669.5	575.5
drug_468	512	569	628	597	561	-421.5
drug_469	653.5	703.5	713.5	729	725	683.5
drug_47	635.5	663.5	687	746	621	630
drug_470	512	569	628	597	399	-421.5
drug_471	616.5	657.5	700	721.5	722	627
drug_472	512	569	628	597	561	-421.5
drug_473	512	569	628	597	733	-421.5
drug_474	512	569	628	597	452	-421.5
drug_475	512	569	628	597	-625.5	-421.5
drug_476	512	569	628	597	592.5	-421.5
drug_477	512	569	628	597	515	-421.5
drug_478	512	569	628	597	666.5	-421.5
drug_479	512	569	628	597	733	-421.5
drug_48	512	569	628	597	-635	-421.5
drug_480	512	569	628	597	686.5	-421.5
drug_481	327	332	375	337	340.5	606
drug_482	512	569	628	597	-635	-421.5
drug_483	512	569	628	597	581	-421.5
drug_484	334.5	373.5	556.5	370.5	349	545.5
drug_485	512	569	628	597	709.5	-421.5
drug_486	-628.5	-729.5	-696.5	-733.5	-749.5	-720.5
drug_487	512	569	628	597	694.5	-421.5
drug_488	672.5	725.5	719.5	774.5	508	575.5
drug_489	512	569	628	597	696	-421.5
drug_49	-406.5	383.5	546.5	396.5	568	304.5
drug_490	334.5	373.5	556.5	370.5	457	545.5
drug_491	653.5	703.5	713.5	729	588.5	683.5
drug_492	755	767	744	785	752.5	716
drug_493	512	569	628	597	561	-421.5
drug_494	334.5	373.5	556.5	370.5	-279.5	545.5
drug_495	512	569	628	597	581	-421.5
drug_496	653.5	703.5	713.5	729	588.5	683.5
drug_5	766	786	793	792	974	679
drug_50	512	569	628	597	537.5	-421.5
drug_51	592	632	410	642	484	-576
drug_52	512	569	628	597	537.5	-421.5
drug_53	-579.5	-664.5	-664.5	-665.5	-544	-599.5
drug_54	-579.5	-664.5	-664.5	-665.5	601.5	-599.5
drug_55	-579.5	-664.5	-664.5	-665.5	770	-599.5
drug_56	718	698	-569	703	715.5	715
drug_57	573.5	362.5	-570.5	-384.5	320.5	-592.5
drug_58	567	334	323	308	-293	333
drug_59	-406.5	383.5	546.5	396.5	468	304.5
drug_6	-608.5	-678.5	-682.5	-678.5	680	-658.5
drug_60	598.5	-530.5	-605.5	-533	-757.5	-670.5
drug_61	598.5	-530.5	-605.5	-533	491	-670.5
drug_62	-579.5	-664.5	-664.5	-665.5	-801	-599.5
drug_63	-556	-536	-601	-539	-445	-475
drug_64	-406.5	383.5	546.5	396.5	366	304.5
drug_65	598.5	-530.5	-605.5	-533	-601	-670.5
drug_66	-595.5	-510.5	-567.5	302.5	-572	309.5
drug_67	512	569	628	597	643	-421.5
drug_68	-595.5	-510.5	-567.5	302.5	478.5	309.5
drug_69	573.5	362.5	-570.5	-384.5	-486.5	-592.5
drug_7	658.5	627.5	-580.5	706.5	472	670.5
drug_70	598.5	-530.5	-605.5	-533	-599	-670.5
drug_71	-635	-650	-602	343	-602	296
drug_72	512	569	628	597	-610	-421.5
drug_73	-579.5	-664.5	-664.5	-665.5	817.5	-599.5
drug_74	-579.5	-664.5	-664.5	-665.5	776.5	-599.5
drug_75	-579.5	-664.5	-664.5	-665.5	707	-599.5
drug_76	614	613	-566	698	476	580
drug_77	-579.5	-664.5	-664.5	-665.5	-805	-599.5
drug_78	575	453	364	361	318.5	626
drug_79	-865.5	665.5	625.5	683.5	828	-895.5
drug_8	512	569	628	597	666.5	-421.5
drug_80	-579.5	-664.5	-664.5	-665.5	-745.5	-599.5
drug_81	635.5	663.5	698.5	740.5	809	323.5
drug_82	645	622	-573.5	660	719	691.5
drug_83	-608.5	-678.5	-682.5	-678.5	-655.5	-658.5
drug_84	700	723	774	721.5	789	675
drug_85	678	688	-611	711	815.5	666
drug_86	672.5	725.5	719.5	774.5	671.5	575.5
drug_87	-608.5	-678.5	-682.5	-678.5	-522	-658.5
drug_88	678	688	-611	711	-815.5	666
drug_89	760	765	683	787	-771	696
drug_9	-562	-607	-624	-613	-796.5	604
drug_90	612.5	655.5	672	667	627.5	662
drug_91	760	765	683	787	798.5	696
drug_92	666	719	705	729	900	635
drug_93	678	688	-611	711	749	666
drug_94	745	722	-583	716	787.5	694
drug_95	760	765	683	787	865	696
drug_96	769	773	791	781	739.5	734
drug_97	666	719	705	729	850.5	635
drug_98	602.5	-539	-656.5	-542.5	-623.5	-690.5
drug_99	785	774	-496	789	675.5	737
