ad	density	cc	spath	eigencentr	betwcentr
Acebutolol	516	518	-683.5	-574	638.5	528.5
Acetylsalicylic_acid	516	518	-543	518	-475	-676
Alprenolol	516	518	-683.5	-574	638.5	528.5
Amiloride	516	518	-683.5	-574	740	528.5
Amlodipine	516	518	-683.5	-574	-545.5	528.5
Atenolol	516	518	-683.5	-574	740	528.5
Atorvastatin	516	518	-683.5	-574	-545.5	528.5
Benazepril	516	518	-683.5	-574	-612.5	528.5
Bendroflumethiazide	516	518	-683.5	-574	-545.5	528.5
Betaxolol	516	518	-683.5	-574	-612.5	528.5
Bezafibrate	516	518	-683.5	-574	638.5	528.5
Bisoprolol	516	518	-683.5	-574	638.5	528.5
Bumetanide	516	518	-683.5	-574	-545.5	528.5
Canrenoic_acid	516	518	-683.5	-574	638.5	528.5
Captopril	516	518	-683.5	-574	740	528.5
Carteolol	516	518	-683.5	-574	638.5	528.5
Carvedilol	516	518	-683.5	-574	638.5	528.5
Cerivastatin	516	518	-683.5	-574	638.5	528.5
Chlorhexidine	516	518	-683.5	-574	638.5	528.5
Chlorthalidone	516	518	-683.5	-574	-545.5	528.5
Cilnidipine	516	518	-683.5	-574	-612.5	528.5
Cilostazol	516	518	-683.5	-574	-612.5	528.5
Clofibrate	516	518	-683.5	-574	638.5	528.5
Clopidogrel	516	518	-683.5	-574	-545.5	528.5
Cyclopenthiazide	516	518	-683.5	-574	638.5	528.5
Digoxin	516	518	-683.5	-574	-545.5	528.5
Dipyridamole	516	518	-683.5	-574	-640.5	528.5
Dobutamine	516	518	-683.5	-574	-612.5	528.5
Dopamine	516	518	-683.5	-574	638.5	528.5
Enalapril	516	518	-683.5	-574	-545.5	528.5
Eprosartan	516	518	-683.5	-574	-612.5	528.5
Esmolol	-468	-371	-581	-413	-482.5	-637.5
Etacrynic_acid	-390	-511	-683.5	-574	-545.5	-519.5
Etilefrine	516	518	-683.5	-574	638.5	528.5
Ezetimibe	516	518	-683.5	-574	-612.5	528.5
Felodipine	516	518	-683.5	-574	-545.5	528.5
Fenofibrate	516	518	-683.5	-574	-545.5	528.5
Fenoldopam	516	518	-683.5	-574	-545.5	528.5
Gemfibrozil	516	518	-683.5	-574	638.5	528.5
Hydroflumethiazide	516	518	-683.5	-574	-612.5	528.5
Iloprost	516	518	-683.5	-574	-545.5	528.5
Indapamide	516	518	-683.5	-574	-612.5	528.5
Irbesartan	516	518	-683.5	-574	-545.5	528.5
Isradipine	516	518	-683.5	-574	-612.5	528.5
Labetalol	516	518	-683.5	-574	-545.5	528.5
Losartan	516	518	-683.5	-574	638.5	528.5
Lovastatin	-390	-511	-683.5	-574	-612.5	758.5
Menadione	516	518	-683.5	-574	-501.5	528.5
Mephentermine	516	518	-683.5	-574	638.5	528.5
Metolazone	516	518	-683.5	-574	638.5	528.5
Metoprolol	747	747	758.5	747	758.5	-519.5
Midodrine	516	518	-683.5	-574	740	528.5
Milrinone	516	518	-683.5	-574	-545.5	528.5
Moexipril	516	518	-683.5	-574	-612.5	528.5
Nadolol	516	518	-683.5	-574	638.5	528.5
Niacin	516	518	-683.5	-574	-545.5	528.5
Nicardipine	516	518	-683.5	-574	-612.5	528.5
Nicotinyl_alcohol	516	518	-683.5	-574	638.5	528.5
Nifedipine	516	518	-683.5	-574	-545.5	528.5
Nimodipine	516	518	-683.5	-574	-545.5	528.5
Nitrendipine	516	518	-683.5	-574	-545.5	528.5
Nitrofural	516	518	-683.5	-574	638.5	528.5
Olmesartan	-734	-786	528.5	518	-814.5	-788.5
Ouabain	516	518	-581	518	-484.5	-637.5
Oxprenolol	516	518	-683.5	-574	-501.5	528.5
Perindopril	516	518	-683.5	-574	638.5	528.5
Pindolol	516	518	-683.5	-574	-640.5	528.5
Piretanide	516	518	528.5	-671	638.5	528.5
Practolol	516	518	-683.5	-574	-612.5	528.5
Pravastatin	516	518	-683.5	-574	-545.5	528.5
Probucol	746	-371	-581	748	-483.5	-637.5
Propranolol	516	518	-683.5	-574	638.5	528.5
Quinapril	516	518	-683.5	-574	-545.5	528.5
Quinethazone	516	518	-683.5	-574	-612.5	528.5
Ramipril	-390	-511	-683.5	-574	-612.5	-519.5
Rivaroxaban	808.5	808.5	819.5	809	806.5	819.5
Rosuvastatin	516	518	-683.5	-574	-545.5	528.5
Simvastatin	516	518	-683.5	-574	638.5	528.5
Sotalol	516	518	-683.5	-574	-545.5	528.5
Spironolactone	516	518	-683.5	-574	638.5	528.5
Synephrine	516	518	-683.5	-574	638.5	528.5
Telmisartan	516	518	-683.5	-574	-612.5	528.5
Ticlopidine	516	518	-683.5	-574	-545.5	528.5
Tienilic_acid	516	518	-683.5	-574	-545.5	528.5
Timolol	516	518	-683.5	-574	-545.5	528.5
Torasemide	516	518	-683.5	-574	-545.5	528.5
Treprostinil	516	518	-683.5	-574	-612.5	528.5
Triamterene	516	518	-683.5	-574	-545.5	528.5
Valsartan	808.5	808.5	757.5	-574	757.5	757.5
Warfarin	516	518	-683.5	-574	638.5	528.5
drug_1	516	518	-683.5	-574	-545.5	528.5
drug_10	-801	-726	528.5	-692	-702.5	-827.5
drug_100	-605.5	-618.5	-792	518	638.5	-688
drug_101	516	518	-543	518	740	-676
drug_102	516	518	-683.5	-574	-612.5	528.5
drug_103	-640.5	-702.5	-868.5	-803	-833.5	-751.5
drug_104	-692.5	-674.5	-787.5	518	-481	528.5
drug_105	516	518	-683.5	-574	-612.5	528.5
drug_106	516	518	-683.5	-574	740	528.5
drug_107	516	518	528.5	-729.5	638.5	528.5
drug_108	516	518	-683.5	-574	638.5	528.5
drug_109	516	518	528.5	-729.5	-452.5	528.5
drug_11	-768.5	-737.5	528.5	518	740	-857
drug_110	-583	-632	-593.5	-858	-651	528.5
drug_111	-734	-786	528.5	518	-814.5	-788.5
drug_112	-734	-786	528.5	518	-785	-788.5
drug_113	-583	-632	-593.5	-858	-651	528.5
drug_114	-853	-859	528.5	518	-851.5	-732.5
drug_115	-821.5	-838.5	528.5	-842.5	-842.5	-647
drug_116	-821.5	-838.5	528.5	-842.5	-846.5	-647
drug_117	-821.5	-838.5	528.5	-842.5	-842.5	-647
drug_118	-806.5	-817.5	-855.5	-832	-689.5	528.5
drug_119	-821.5	-838.5	528.5	-842.5	-842.5	-647
drug_12	516	518	-607.5	-661	638.5	-718.5
drug_120	-734	-786	528.5	518	-814.5	-788.5
drug_121	-734	-786	528.5	518	-785	-788.5
drug_122	-821.5	-838.5	528.5	-842.5	-842.5	-647
drug_123	-583	-632	-593.5	-858	-646	528.5
drug_124	-734	-786	528.5	518	-785	-788.5
drug_125	-821.5	-838.5	528.5	-842.5	-842.5	-647
drug_126	-871	-874	528.5	-825	-861.5	-654.5
drug_127	-806.5	-817.5	-855.5	-832	-689.5	528.5
drug_128	-583	-632	-593.5	-858	-651	528.5
drug_129	-734	-786	528.5	518	-799.5	-788.5
drug_13	808.5	808.5	819.5	809	852.5	-827.5
drug_130	-734	-786	528.5	518	-785	-788.5
drug_131	-871	-874	528.5	-825	-864	-654.5
drug_132	-853	-859	528.5	518	-857	-732.5
drug_133	-583	-632	-593.5	-858	-646	528.5
drug_134	-853	-859	528.5	518	-851.5	-732.5
drug_135	516	518	-683.5	-574	740	528.5
drug_136	-871	-874	528.5	-825	-864	-654.5
drug_137	-871	-874	528.5	-825	-864	-654.5
drug_138	-821.5	-838.5	528.5	-842.5	-838	-647
drug_139	-734	-786	528.5	518	-799.5	-788.5
drug_14	-815	808.5	819.5	-809.5	852.5	-867
drug_140	-871	-874	528.5	-825	-864	-654.5
drug_141	-734	-786	528.5	518	-785	-788.5
drug_142	-549	518	528.5	-745.5	638.5	528.5
drug_143	-812	-814	-876	-668.5	-656.5	528.5
drug_144	516	518	-529	-764.5	740	528.5
drug_145	516	518	-529	-764.5	740	528.5
drug_146	516	518	528.5	-685	638.5	528.5
drug_147	-549	518	528.5	-747	638.5	528.5
drug_148	-692.5	-674.5	-811	518	-443	528.5
drug_149	516	518	-529	-764.5	-413	528.5
drug_15	808.5	808.5	819.5	809	806.5	-857
drug_150	-812	-814	-876	-668.5	-655.5	528.5
drug_151	516	518	-529	-764.5	432.5	528.5
drug_152	-562.5	518	528.5	-798	432.5	528.5
drug_153	516	518	-529	-764.5	432.5	528.5
drug_154	-704.5	-641.5	-774.5	-698	638.5	528.5
drug_155	-665.5	-651.5	-822	-789.5	-495.5	528.5
drug_156	-665.5	-651.5	-763	-837	740	-762.5
drug_157	-665.5	-651.5	-822	-789.5	740	528.5
drug_158	-831	-825	-877.5	518	-657.5	528.5
drug_159	-809	-722	-818.5	-750	-716.5	-814.5
drug_16	-815	808.5	819.5	-809.5	806.5	-867
drug_160	-704.5	-641.5	-805	-812.5	432.5	528.5
drug_161	-598.5	-660.5	-777	-794.5	-771	-843
drug_162	-704.5	-641.5	-805	-812.5	638.5	528.5
drug_163	-613.5	-589.5	-770.5	518	638.5	528.5
drug_164	516	518	-565.5	-713	432.5	528.5
drug_165	-605.5	-618.5	-792	518	-491.5	-688
drug_166	-549	518	528.5	-745.5	432.5	528.5
drug_167	-613.5	-589.5	-759.5	-786.5	-711.5	-835.5
drug_168	-665.5	-651.5	-822	-789.5	-498.5	528.5
drug_169	-678	-607	-784	518	432.5	528.5
drug_17	-562.5	518	528.5	-779.5	432.5	-817
drug_170	516	518	-543	518	638.5	-676
drug_171	-734	-786	528.5	518	-785	-788.5
drug_172	-792	-755	528.5	-677.5	-747.5	-703.5
drug_173	516	518	-565.5	-713	638.5	528.5
drug_174	-734	-786	528.5	518	-799.5	-788.5
drug_175	-866.5	-867.5	528.5	-878.5	-877.5	-878
drug_176	-843.5	-831.5	528.5	-870	-762.5	528.5
drug_177	516	518	-683.5	-574	-640.5	528.5
drug_178	-583	-632	-593.5	-858	-651	528.5
drug_179	-562.5	518	528.5	-757	638.5	528.5
drug_18	808.5	808.5	819.5	809	852.5	-827.5
drug_180	-583	-632	-593.5	-858	-651	528.5
drug_181	-821.5	-838.5	528.5	-842.5	-842.5	-647
drug_182	516	518	-683.5	-574	-612.5	528.5
drug_183	-734	-786	528.5	518	-785	-788.5
drug_184	-843.5	-831.5	528.5	-870	-764.5	528.5
drug_185	-734	-786	528.5	518	-825.5	-788.5
drug_186	-592	-596	528.5	-872.5	-438.5	528.5
drug_187	-734	-786	528.5	518	-785	-788.5
drug_188	-843.5	-831.5	528.5	-870	-763.5	528.5
drug_189	-583	-632	-593.5	-858	-646	528.5
drug_19	808.5	808.5	819.5	809	852.5	819.5
drug_190	-866.5	-867.5	528.5	-878.5	-876.5	-878
drug_191	-792	-755	528.5	-677.5	-753	-703.5
drug_192	-821.5	-838.5	528.5	-842.5	-842.5	-647
drug_193	516	518	-565.5	-713	638.5	528.5
drug_194	-792	-755	528.5	-677.5	-753	-703.5
drug_195	-734	-786	528.5	518	-785	-788.5
drug_196	-583	-632	-593.5	-858	-654.5	528.5
drug_197	-792	-755	528.5	-677.5	-747.5	-703.5
drug_198	-734	-786	528.5	518	-785	-788.5
drug_199	-583	-632	-593.5	-858	-651	528.5
drug_2	-539.5	518	-529	-735.5	432.5	-598
drug_20	809	811	528.5	811	432.5	-660.5
drug_200	-838	-850	-779.5	-748	-870.5	-839.5
drug_201	-843.5	-831.5	528.5	811	-772.5	-740.5
drug_202	-734	-786	528.5	518	-799.5	-788.5
drug_203	809	811	528.5	811	-743	-761
drug_204	809	811	528.5	811	-708	-697
drug_205	809	811	528.5	811	740	528.5
drug_206	-734	-786	528.5	518	-814.5	-788.5
drug_207	-838	-850	528.5	-784	-873.5	-875.5
drug_208	-734	-786	528.5	518	-814.5	-788.5
drug_209	-853	-859	528.5	518	-851.5	-732.5
drug_21	808.5	808.5	819.5	809	806.5	819.5
drug_210	516	518	-683.5	-574	-545.5	528.5
drug_211	516	518	-683.5	-574	-545.5	528.5
drug_212	-734	-786	528.5	518	-785	-788.5
drug_213	-692.5	-674.5	-811	518	-443	528.5
drug_214	516	518	-683.5	-574	-612.5	528.5
drug_215	-861.5	-845.5	528.5	-814	-871.5	-868.5
drug_216	516	518	-565.5	-713	638.5	528.5
drug_217	-734	-786	528.5	518	-814.5	-788.5
drug_218	-734	-786	528.5	518	-799.5	-788.5
drug_219	516	518	-683.5	-574	-612.5	528.5
drug_22	-997.5	-934.5	-299.5	-942	-692.5	-741.5
drug_220	809	811	-600.5	811	638.5	528.5
drug_221	809	811	528.5	811	-743	-761
drug_222	516	518	-565.5	-713	432.5	528.5
drug_223	-734	-786	528.5	518	-785	-788.5
drug_224	-734	-786	528.5	518	-799.5	-788.5
drug_225	-734	-786	528.5	518	-814.5	-788.5
drug_226	-801	-726	528.5	518	-713.5	-711.5
drug_227	809	811	528.5	811	638.5	528.5
drug_228	809	811	528.5	811	-708	-697
drug_229	516	518	-565.5	-713	432.5	528.5
drug_23	-539.5	518	-529	-735.5	740	-598
drug_230	-734	-786	528.5	518	-825.5	-788.5
drug_231	-792	-755	528.5	-677.5	-747.5	-703.5
drug_232	-562.5	518	528.5	-757	638.5	528.5
drug_233	-792	-755	528.5	-677.5	-753	-703.5
drug_234	-792	-755	528.5	-677.5	-753	-703.5
drug_235	516	518	-565.5	-713	432.5	528.5
drug_236	-801	-726	528.5	-692	-705	-827.5
drug_237	516	518	-683.5	-574	-612.5	528.5
drug_238	516	518	-607.5	-661	638.5	-718.5
drug_239	516	518	-683.5	-574	-545.5	528.5
drug_24	-577	518	528.5	-817	432.5	528.5
drug_240	516	518	-607.5	-661	638.5	-718.5
drug_241	-583	-632	-593.5	-858	-646	528.5
drug_242	516	518	-683.5	-574	638.5	528.5
drug_243	516	518	-683.5	-574	638.5	528.5
drug_244	-574	518	528.5	-808	638.5	-709.5
drug_245	-562.5	518	528.5	-757	432.5	528.5
drug_246	-768.5	-737.5	528.5	-653	-720	-693
drug_247	-768.5	-737.5	528.5	518	-723.5	-857
drug_248	-792	-755	528.5	-677.5	-753	-703.5
drug_249	516	518	-683.5	-574	638.5	528.5
drug_25	808.5	808.5	819.5	809	772.5	819.5
drug_250	-734	-786	528.5	518	-785	-788.5
drug_251	-734	-786	528.5	518	-814.5	-788.5
drug_252	516	518	-565.5	-713	432.5	528.5
drug_253	516	518	528.5	-729.5	740	528.5
drug_254	-562.5	518	528.5	-757	638.5	528.5
drug_255	-678	-607	528.5	-877	432.5	528.5
drug_256	516	518	-683.5	-574	-545.5	528.5
drug_257	-792	-755	528.5	-677.5	-747.5	-703.5
drug_258	-592	-596	528.5	-872.5	638.5	528.5
drug_259	516	518	-683.5	-574	-545.5	528.5
drug_26	1101.5	1101.5	819.5	1102	852.5	819.5
drug_260	808.5	808.5	819.5	809	852.5	819.5
drug_261	808.5	808.5	819.5	809	806.5	819.5
drug_262	808.5	808.5	819.5	809	806.5	819.5
drug_263	808.5	808.5	819.5	809	852.5	819.5
drug_264	808.5	808.5	819.5	809	852.5	819.5
drug_265	808.5	808.5	819.5	-865.5	772.5	819.5
drug_266	808.5	808.5	819.5	809	806.5	819.5
drug_267	808.5	808.5	-824.5	809	772.5	819.5
drug_268	808.5	808.5	819.5	809	879	819.5
drug_269	-861.5	-845.5	819.5	-876	-847.5	-830.5
drug_27	1101.5	1101.5	819.5	1102	806.5	819.5
drug_270	808.5	808.5	819.5	809	772.5	-823.5
drug_271	808.5	808.5	819.5	809	806.5	-857
drug_272	808.5	808.5	819.5	809	772.5	819.5
drug_273	808.5	808.5	819.5	809	852.5	819.5
drug_274	808.5	808.5	819.5	809	852.5	819.5
drug_275	808.5	808.5	819.5	809	806.5	819.5
drug_276	808.5	808.5	819.5	809	-825.5	819.5
drug_277	808.5	808.5	819.5	809	852.5	-824.5
drug_278	808.5	808.5	819.5	809	852.5	819.5
drug_279	808.5	808.5	819.5	809	806.5	-857
drug_28	1101.5	1101.5	819.5	1102	852.5	819.5
drug_280	808.5	808.5	819.5	809	806.5	819.5
drug_281	808.5	808.5	819.5	-874	852.5	819.5
drug_282	808.5	808.5	819.5	809	852.5	819.5
drug_283	808.5	808.5	819.5	809	806.5	-870.5
drug_284	808.5	808.5	-839.5	809	852.5	819.5
drug_285	808.5	808.5	819.5	809	806.5	819.5
drug_286	808.5	808.5	819.5	809	772.5	819.5
drug_287	808.5	808.5	819.5	809	852.5	819.5
drug_288	-875	-870	819.5	-829	852.5	819.5
drug_289	808.5	808.5	819.5	809	852.5	819.5
drug_29	808.5	808.5	819.5	809	806.5	819.5
drug_290	-785	-625	-757.5	-782	638.5	528.5
drug_291	-665.5	-651.5	-822	-789.5	-497	528.5
drug_292	-552	518	528.5	-749	432.5	528.5
drug_293	-810	-658	-873.5	518	638.5	528.5
drug_294	-619	518	-767	518	638.5	528.5
drug_295	-859	-812	-863.5	-797	432.5	528.5
drug_296	-619	518	-767	518	432.5	528.5
drug_297	-815	-748	-874.5	-684	-439.5	528.5
drug_298	-574	518	528.5	-821	-312	-640.5
drug_299	516	518	528.5	-696.5	638.5	-634
drug_3	-801	-726	528.5	-692	-705	-827.5
drug_30	1101.5	1101.5	819.5	1102	772.5	819.5
drug_300	516	518	-529	-764.5	638.5	528.5
drug_301	516	518	528.5	-696.5	638.5	-634
drug_302	-778	518	-772	-815.5	638.5	-602
drug_303	-846	-683	-858.5	-744	432.5	-592.5
drug_304	-619	518	-767	518	740	528.5
drug_305	-619	518	-767	518	432.5	528.5
drug_306	-619	518	-787.5	-741	432.5	528.5
drug_307	-539.5	518	528.5	-775	638.5	528.5
drug_308	-574	518	528.5	-821	432.5	-640.5
drug_309	-549	518	528.5	-699	432.5	-834.5
drug_31	808.5	808.5	-839.5	809	852.5	819.5
drug_310	-678	-607	-780.5	518	432.5	528.5
drug_311	-785	-625	-782	-834.5	638.5	528.5
drug_312	-785	-625	-782	-834.5	638.5	528.5
drug_313	-778	518	-772	-815.5	638.5	-602
drug_314	-539.5	518	528.5	-775	638.5	528.5
drug_315	-760	-600	-773.5	-811	-436.5	528.5
drug_316	-778	518	-552.5	-695	432.5	-662.5
drug_317	-539.5	518	528.5	-775	432.5	528.5
drug_318	-574	518	528.5	-821	432.5	-640.5
drug_319	-841	-746	-859.5	-740	-485.5	528.5
drug_32	1101.5	1101.5	819.5	1102	806.5	819.5
drug_320	808.5	808.5	819.5	809	806.5	819.5
drug_321	808.5	808.5	819.5	809	806.5	819.5
drug_322	808.5	808.5	819.5	809	806.5	-821.5
drug_323	808.5	808.5	819.5	809	806.5	-871.5
drug_324	-853	-859	819.5	809	-851.5	819.5
drug_325	808.5	808.5	819.5	809	806.5	819.5
drug_326	-853	-859	819.5	809	-857	819.5
drug_327	808.5	808.5	819.5	809	806.5	-821.5
drug_328	808.5	808.5	819.5	809	852.5	819.5
drug_329	808.5	808.5	819.5	809	806.5	-848.5
drug_33	1101.5	1101.5	819.5	1102	852.5	819.5
drug_330	808.5	808.5	-839.5	809	772.5	819.5
drug_331	808.5	808.5	819.5	809	852.5	819.5
drug_332	808.5	808.5	819.5	809	852.5	819.5
drug_333	808.5	808.5	819.5	809	772.5	819.5
drug_334	808.5	-817.5	819.5	809	806.5	-863.5
drug_335	808.5	808.5	819.5	809	772.5	819.5
drug_336	808.5	808.5	819.5	809	806.5	819.5
drug_337	808.5	808.5	819.5	809	772.5	819.5
drug_338	808.5	808.5	819.5	809	852.5	819.5
drug_339	808.5	808.5	819.5	809	772.5	819.5
drug_34	1101.5	1101.5	-819.5	1102	772.5	819.5
drug_340	808.5	808.5	819.5	809	852.5	819.5
drug_341	808.5	808.5	819.5	809	852.5	819.5
drug_342	808.5	808.5	819.5	809	852.5	819.5
drug_343	808.5	808.5	819.5	809	-814.5	819.5
drug_344	808.5	808.5	819.5	809	852.5	819.5
drug_345	808.5	808.5	-839.5	809	852.5	819.5
drug_346	-865	-865	819.5	809	-860.5	-840.5
drug_347	808.5	808.5	819.5	809	806.5	819.5
drug_348	808.5	808.5	819.5	809	852.5	819.5
drug_349	516	518	-543	518	638.5	-676
drug_35	808.5	808.5	819.5	809	806.5	819.5
drug_350	-562.5	518	528.5	-757	638.5	528.5
drug_351	516	518	-543	518	-467	-676
drug_352	516	518	528.5	518	638.5	-819.5
drug_353	516	518	528.5	518	432.5	528.5
drug_354	516	518	-565.5	-713	740	528.5
drug_355	516	518	-683.5	-574	-640.5	528.5
drug_356	-562.5	518	528.5	-757	432.5	528.5
drug_357	516	518	-565.5	-713	638.5	528.5
drug_358	516	518	528.5	518	432.5	528.5
drug_359	516	518	-683.5	-574	638.5	528.5
drug_36	808.5	808.5	819.5	809	852.5	819.5
drug_360	516	518	-683.5	-574	-545.5	528.5
drug_361	516	518	-543	518	-467	-676
drug_362	516	518	-683.5	-574	-612.5	528.5
drug_363	516	518	-543	518	638.5	-676
drug_364	516	518	-543	518	-467	-676
drug_365	516	518	-683.5	-574	-545.5	528.5
drug_366	516	518	528.5	518	432.5	528.5
drug_367	-539.5	518	-529	-735.5	638.5	-598
drug_368	516	518	-543	518	-475	-676
drug_369	516	518	-683.5	-574	638.5	528.5
drug_37	1101.5	1101.5	819.5	1102	772.5	819.5
drug_370	516	518	-607.5	-661	740	-718.5
drug_371	516	518	-683.5	-574	-545.5	528.5
drug_372	-562.5	518	528.5	-757	432.5	528.5
drug_373	516	518	-565.5	-713	432.5	528.5
drug_374	516	518	-565.5	-713	638.5	528.5
drug_375	516	518	-565.5	-713	432.5	528.5
drug_376	516	518	-607.5	-661	432.5	-718.5
drug_377	516	518	-581	518	638.5	-593.5
drug_378	516	518	-565.5	-713	432.5	528.5
drug_379	516	518	-683.5	-574	-545.5	528.5
drug_38	1101.5	1101.5	819.5	1102	852.5	819.5
drug_380	-640.5	-702.5	-839.5	518	-683.5	-617.5
drug_381	-838	-850	528.5	-647.5	-868.5	-712.5
drug_382	-879	-877	-795.5	518	-867.5	528.5
drug_383	-592	-596	-817	518	-691.5	528.5
drug_384	-812	-814	528.5	-647.5	-859.5	-832.5
drug_385	-665.5	-651.5	528.5	518	-731	-848.5
drug_386	-692.5	-674.5	-860.5	518	432.5	528.5
drug_387	516	518	-683.5	-574	638.5	528.5
drug_388	-734	-786	528.5	518	-799.5	-788.5
drug_389	-734	-786	528.5	518	-799.5	-788.5
drug_39	808.5	808.5	819.5	809	852.5	819.5
drug_390	-853	-859	528.5	518	-851.5	-732.5
drug_391	-665.5	-651.5	528.5	518	-736.5	-848.5
drug_392	-868	-866	-801.5	518	-869.5	-831.5
drug_393	516	518	-543	518	638.5	-676
drug_394	516	518	-543	518	638.5	-676
drug_395	516	518	-683.5	-574	-545.5	528.5
drug_396	-640.5	-702.5	-839.5	518	-683.5	-617.5
drug_397	516	518	-683.5	-574	-612.5	528.5
drug_398	-734	-786	528.5	518	-799.5	-788.5
drug_399	-665.5	-651.5	528.5	518	740	-848.5
drug_4	-768.5	-737.5	528.5	518	-731	-857
drug_40	808.5	808.5	819.5	809	852.5	819.5
drug_400	-831	-825	528.5	518	-766.5	-836.5
drug_401	-605.5	-618.5	-764.5	-777	-761.5	-864.5
drug_402	-665.5	-651.5	528.5	518	-736.5	-848.5
drug_403	-678	-607	528.5	-653	-696.5	-821.5
drug_404	-678	-607	-857.5	518	432.5	-600.5
drug_405	-734	-786	528.5	518	-799.5	-788.5
drug_406	-853	-859	528.5	518	-851.5	-732.5
drug_407	516	518	-583.5	518	432.5	-713.5
drug_408	-831	-825	528.5	-850	-757.5	-744.5
drug_409	-613.5	-589.5	-803.5	518	638.5	-739.5
drug_41	808.5	808.5	819.5	809	879	819.5
drug_410	-847	-820	528.5	518	-715.5	-833.5
drug_411	-831	-825	528.5	-850	-760	-744.5
drug_412	-613.5	-589.5	-763	-875	638.5	528.5
drug_413	-875	-870	528.5	-829	-775.5	-757.5
drug_414	-592	-596	-586	-865.5	638.5	528.5
drug_415	-768.5	-737.5	528.5	518	-726	-857
drug_416	-831	-825	528.5	-850	-760	-744.5
drug_417	-831	-825	528.5	-850	-757.5	-744.5
drug_418	-596	518	-769.5	-670	-697.5	-869.5
drug_419	-605.5	-618.5	-817	518	-479.5	-635.5
drug_42	808.5	808.5	819.5	809	852.5	819.5
drug_420	-768.5	-737.5	528.5	518	-736.5	-857
drug_421	-768.5	-737.5	528.5	518	-739.5	-857
drug_422	-861.5	-845.5	528.5	518	-767.5	-837.5
drug_423	-768.5	-737.5	528.5	518	740	-857
drug_424	-539.5	518	528.5	-738.5	740	-658
drug_425	-734	-786	528.5	518	-825.5	-788.5
drug_426	-877.5	-878.5	-757.5	-665.5	-878.5	-873
drug_427	-592	-596	-586	-865.5	740	528.5
drug_428	-592	-596	-586	-865.5	638.5	528.5
drug_429	-821.5	-838.5	528.5	-842.5	-838	-647
drug_43	808.5	808.5	819.5	809	806.5	819.5
drug_430	-734	-786	528.5	518	-814.5	-788.5
drug_431	516	518	-607.5	-661	432.5	-718.5
drug_432	-831	-825	528.5	-850	-757.5	-744.5
drug_433	-875	-870	528.5	-829	-774	-757.5
drug_434	-853	-859	528.5	518	-857	-732.5
drug_435	-806.5	-817.5	-855.5	-832	-689.5	528.5
drug_436	516	518	-607.5	-661	638.5	-718.5
drug_437	-640.5	-702.5	-839.5	518	-673	-617.5
drug_438	516	518	-683.5	-574	-545.5	528.5
drug_439	-640.5	-702.5	-839.5	518	-673	-617.5
drug_44	1101.5	1101.5	819.5	1102	852.5	819.5
drug_440	516	518	-683.5	-574	-640.5	528.5
drug_441	-640.5	-702.5	-839.5	518	-673	-617.5
drug_442	516	518	-683.5	-574	-640.5	528.5
drug_443	-640.5	-702.5	-839.5	518	-662.5	-617.5
drug_444	516	518	-683.5	-574	-545.5	528.5
drug_445	516	518	-683.5	-574	740	528.5
drug_446	-640.5	-702.5	-839.5	518	-662.5	-617.5
drug_447	516	518	-683.5	-574	-545.5	528.5
drug_448	-640.5	-702.5	-839.5	518	-673	-617.5
drug_449	516	518	-683.5	-574	-545.5	528.5
drug_45	1101.5	1101.5	819.5	1102	852.5	819.5
drug_450	-640.5	-702.5	-839.5	518	-662.5	-617.5
drug_451	516	518	-683.5	-574	-612.5	528.5
drug_452	-801	-726	-861.5	-868	-866.5	-838.5
drug_453	-640.5	-702.5	-868.5	-803	-833.5	-751.5
drug_454	516	518	-683.5	-574	-545.5	528.5
drug_455	-640.5	-702.5	-839.5	518	-673	-617.5
drug_456	516	518	-683.5	-574	-545.5	528.5
drug_457	516	518	-683.5	-574	-612.5	528.5
drug_458	-640.5	-702.5	-868.5	-803	-833.5	-751.5
drug_459	-640.5	-702.5	-868.5	-803	-828.5	-751.5
drug_46	808.5	808.5	-839.5	809	852.5	819.5
drug_460	516	518	-683.5	-574	638.5	528.5
drug_461	516	518	-683.5	-574	-612.5	528.5
drug_462	-640.5	-702.5	-839.5	518	-673	-617.5
drug_463	-640.5	-702.5	-868.5	-803	-833.5	-751.5
drug_464	-640.5	-702.5	-839.5	518	-673	-617.5
drug_465	-640.5	-702.5	-868.5	-803	-829.5	-751.5
drug_466	808.5	808.5	819.5	809	-814.5	819.5
drug_467	-838	-850	819.5	809	-873.5	-875.5
drug_468	808.5	808.5	819.5	809	772.5	819.5
drug_469	808.5	808.5	819.5	809	852.5	819.5
drug_47	1101.5	1101.5	819.5	1102	806.5	819.5
drug_470	808.5	808.5	819.5	809	-814.5	819.5
drug_471	808.5	808.5	-839.5	809	772.5	819.5
drug_472	808.5	808.5	819.5	809	806.5	819.5
drug_473	808.5	808.5	819.5	809	-814.5	819.5
drug_474	808.5	808.5	-839.5	809	852.5	819.5
drug_475	808.5	808.5	819.5	809	852.5	819.5
drug_476	808.5	808.5	-839.5	809	806.5	819.5
drug_477	-838	-850	819.5	809	-873.5	-875.5
drug_478	-877.5	-878.5	819.5	809	-879.5	-873
drug_479	808.5	808.5	819.5	809	-814.5	819.5
drug_48	-692.5	-674.5	-787.5	518	-481	528.5
drug_480	-853	-859	819.5	809	-857	819.5
drug_481	808.5	808.5	819.5	809	-814.5	819.5
drug_482	808.5	808.5	819.5	809	772.5	-843
drug_483	808.5	808.5	819.5	809	806.5	819.5
drug_484	808.5	808.5	819.5	809	806.5	819.5
drug_485	-853	-859	819.5	809	-851.5	819.5
drug_486	-861.5	-845.5	819.5	809	852.5	819.5
drug_487	808.5	808.5	819.5	809	852.5	819.5
drug_488	808.5	808.5	819.5	809	806.5	819.5
drug_489	808.5	808.5	819.5	809	852.5	819.5
drug_49	516	518	-543	518	740	-676
drug_490	808.5	808.5	819.5	809	852.5	819.5
drug_491	808.5	808.5	819.5	809	852.5	819.5
drug_492	808.5	808.5	-839.5	809	806.5	819.5
drug_493	808.5	808.5	819.5	809	852.5	819.5
drug_494	-864	-853	819.5	-818	-875.5	-879.5
drug_495	808.5	808.5	819.5	809	806.5	819.5
drug_496	808.5	808.5	819.5	809	772.5	819.5
drug_5	-734	-786	528.5	518	-799.5	-788.5
drug_50	516	518	528.5	-729.5	-455	528.5
drug_51	516	518	528.5	518	432.5	528.5
drug_52	516	518	-683.5	-574	-545.5	528.5
drug_53	-640.5	-702.5	-839.5	518	-687.5	-617.5
drug_54	516	518	-565.5	-713	740	528.5
drug_55	-640.5	-702.5	-839.5	518	-673	-617.5
drug_56	516	518	-565.5	-713	638.5	528.5
drug_57	-692.5	-674.5	-811	518	638.5	528.5
drug_58	-831	-825	-879	-768.5	-741	-595
drug_59	516	518	528.5	518	432.5	528.5
drug_6	-768.5	-737.5	528.5	518	-736.5	-857
drug_60	-598.5	-660.5	-777	-794.5	-769	-843
drug_61	-831	-825	-879	-768.5	-741	-595
drug_62	-692.5	-674.5	-862.5	-819	-744.5	-663.5
drug_63	516	518	-565.5	-713	638.5	528.5
drug_64	-692.5	-674.5	-811	518	638.5	528.5
drug_65	516	518	528.5	-729.5	-455	528.5
drug_66	-678	-607	-784	518	638.5	528.5
drug_67	-640.5	-702.5	-868.5	-803	-833.5	-751.5
drug_68	516	518	528.5	518	432.5	528.5
drug_69	516	518	528.5	518	638.5	528.5
drug_7	-539.5	518	-529	-735.5	432.5	-598
drug_70	516	518	-565.5	-713	638.5	528.5
drug_71	-692.5	-674.5	-811	518	-447.5	528.5
drug_72	-574	518	-760.5	518	-712.5	-865.5
drug_73	-704.5	-641.5	-603.5	-836	-710.5	-714.5
drug_74	-613.5	-589.5	-602.5	-786.5	-714.5	-845.5
drug_75	-562.5	518	528.5	-757	432.5	528.5
drug_76	-640.5	-702.5	-839.5	518	-673	-617.5
drug_77	516	518	-565.5	-713	432.5	528.5
drug_78	-562.5	518	528.5	-757	432.5	528.5
drug_79	-605.5	-618.5	-792	518	638.5	-688
drug_8	-768.5	-737.5	528.5	518	-731	-857
drug_80	-692.5	-674.5	-811	518	638.5	528.5
drug_81	516	518	-565.5	-713	432.5	528.5
drug_82	516	518	-683.5	-574	-545.5	528.5
drug_83	-640.5	-702.5	-868.5	-803	-833.5	-751.5
drug_84	-640.5	-702.5	-868.5	-803	-833.5	-751.5
drug_85	-640.5	-702.5	-839.5	518	-683.5	-617.5
drug_86	-640.5	-702.5	-839.5	518	-673	-617.5
drug_87	516	518	-543	518	-467	-676
drug_88	-640.5	-702.5	-839.5	518	-683.5	-617.5
drug_89	-640.5	-702.5	-839.5	518	-662.5	-617.5
drug_9	-613.5	-589.5	-761.5	-792	-709.5	-759.5
drug_90	516	518	-543	518	638.5	-676
drug_91	516	518	-543	518	740	-676
drug_92	516	518	-683.5	-574	-545.5	528.5
drug_93	-640.5	-702.5	-839.5	518	-662.5	-617.5
drug_94	-605.5	-618.5	-792	518	638.5	-688
drug_95	-598.5	-660.5	-777	-794.5	-771	-843
drug_96	516	518	-683.5	-574	-545.5	528.5
drug_97	516	518	-683.5	-574	740	528.5
drug_98	516	518	-683.5	-574	638.5	528.5
drug_99	-605.5	-618.5	-792	518	-491.5	-688
