ad	density	cc	spath	eigencentr	betwcentr
Acebutolol	-808	-891	-893	-819	-1031.5	-896
Acetylsalicylic_acid	-383.5	626.5	700.5	-507.5	853.5	544.5
Alprenolol	-383.5	626.5	700.5	-507.5	793	544.5
Amiloride	-383.5	626.5	700.5	-507.5	-795.5	544.5
Amlodipine	694.5	947.5	949.5	-811.5	945.5	869.5
Atenolol	-383.5	626.5	700.5	-507.5	-565	544.5
Atorvastatin	-383.5	626.5	700.5	-507.5	772	544.5
Benazepril	-702.5	-839.5	-841.5	-823.5	-847.5	-702.5
Bendroflumethiazide	-383.5	626.5	700.5	-507.5	595.5	544.5
Betaxolol	-993.5	-577.5	-605.5	-1048	-563	672.5
Bezafibrate	-383.5	626.5	700.5	-507.5	-742	544.5
Bisoprolol	604.5	547.5	624.5	597.5	-388.5	618.5
Bumetanide	-543	-508	573	-433	493	687
Canrenoic_acid	-383.5	626.5	700.5	-507.5	595.5	544.5
Captopril	-383.5	626.5	700.5	-507.5	-808	544.5
Carteolol	-383.5	626.5	700.5	-507.5	595.5	544.5
Carvedilol	-557.5	-674.5	578.5	-609.5	-719.5	692.5
Cerivastatin	-383.5	626.5	700.5	-507.5	-615.5	544.5
Chlorhexidine	-383.5	626.5	700.5	-507.5	772	544.5
Chlorthalidone	-715.5	943.5	943.5	-839.5	941.5	860.5
Cilnidipine	-383.5	626.5	700.5	-507.5	837	544.5
Cilostazol	-383.5	626.5	700.5	-507.5	853.5	544.5
Clofibrate	-383.5	626.5	700.5	-507.5	-472.5	544.5
Clopidogrel	-383.5	626.5	700.5	-507.5	-669	544.5
Cyclopenthiazide	-383.5	626.5	700.5	-507.5	772	544.5
Digoxin	-383.5	626.5	700.5	-507.5	819	544.5
Dipyridamole	-383.5	626.5	700.5	-507.5	-615.5	544.5
Dobutamine	-383.5	626.5	700.5	-507.5	830.5	544.5
Dopamine	-383.5	626.5	700.5	-507.5	-691.5	544.5
Enalapril	-383.5	626.5	700.5	-507.5	711.5	544.5
Eprosartan	696	765	795	837	657.5	679
Esmolol	-383.5	626.5	700.5	-507.5	-772.5	544.5
Etacrynic_acid	-383.5	626.5	700.5	-507.5	-444.5	544.5
Etilefrine	-383.5	626.5	700.5	-507.5	-669	544.5
Ezetimibe	-383.5	626.5	700.5	-507.5	595.5	544.5
Felodipine	-383.5	626.5	700.5	-507.5	649.5	544.5
Fenofibrate	-383.5	626.5	700.5	-507.5	-713.5	544.5
Fenoldopam	-383.5	626.5	700.5	-507.5	793	544.5
Gemfibrozil	-383.5	626.5	700.5	-507.5	-838.5	544.5
Hydroflumethiazide	445.5	-353.5	554	340.5	604	645
Iloprost	-383.5	626.5	700.5	-507.5	-877	544.5
Indapamide	-383.5	626.5	700.5	-507.5	595.5	544.5
Irbesartan	-383.5	626.5	700.5	-507.5	-808	544.5
Isradipine	-383.5	626.5	700.5	-507.5	728	544.5
Labetalol	-383.5	626.5	700.5	-507.5	-565	544.5
Losartan	-383.5	626.5	700.5	-507.5	-872.5	544.5
Lovastatin	-383.5	626.5	700.5	-507.5	693.5	544.5
Menadione	-718.5	953.5	948.5	-840.5	-893	882.5
Mephentermine	-383.5	626.5	700.5	-507.5	595.5	544.5
Metolazone	-383.5	626.5	700.5	-507.5	693.5	544.5
Metoprolol	-383.5	626.5	700.5	-507.5	-861.5	544.5
Midodrine	-383.5	626.5	700.5	-507.5	-472.5	544.5
Milrinone	604.5	547.5	624.5	597.5	374.5	618.5
Moexipril	-383.5	626.5	700.5	-507.5	-669	544.5
Nadolol	-383.5	626.5	700.5	-507.5	-795.5	544.5
Niacin	-459.5	-449.5	591	-372.5	639	-698
Nicardipine	-694	381.5	381	-811.5	426	798
Nicotinyl_alcohol	-383.5	626.5	700.5	-507.5	-646	544.5
Nifedipine	-383.5	626.5	700.5	-507.5	-795.5	544.5
Nimodipine	-383.5	626.5	700.5	-507.5	-548.5	544.5
Nitrendipine	744	815	788	754	976.5	743
Nitrofural	-383.5	626.5	700.5	-507.5	-565	544.5
Olmesartan	-383.5	626.5	700.5	-507.5	-684.5	544.5
Ouabain	-383.5	626.5	700.5	-507.5	871	544.5
Oxprenolol	-383.5	626.5	700.5	-507.5	642.5	544.5
Perindopril	-836	-912	-915	-839	-925	-897
Pindolol	705.5	954.5	954.5	-822.5	997.5	881.5
Piretanide	-383.5	626.5	700.5	-507.5	758.5	544.5
Practolol	-383.5	626.5	700.5	-507.5	-669	544.5
Pravastatin	-383.5	626.5	700.5	-507.5	660.5	544.5
Probucol	-383.5	626.5	700.5	-507.5	-587	544.5
Propranolol	-383.5	626.5	700.5	-507.5	-689	544.5
Quinapril	-683	-825	-853	-744	-1024.5	-644
Quinethazone	-383.5	626.5	700.5	-507.5	770	544.5
Ramipril	-383.5	626.5	700.5	-507.5	-466.5	544.5
Rivaroxaban	-383.5	626.5	700.5	-507.5	-808	544.5
Rosuvastatin	-465	-459	569	402.5	-354.5	-368
Simvastatin	442.5	399.5	622	395.5	671	323
Sotalol	-703.5	-840.5	376.5	-824.5	-906	863.5
Spironolactone	-383.5	626.5	700.5	-507.5	-669	544.5
Synephrine	-547	-665	562	-617	-497.5	-573
Telmisartan	-383.5	626.5	700.5	-507.5	595.5	544.5
Ticlopidine	-383.5	626.5	700.5	-507.5	693.5	544.5
Tienilic_acid	-383.5	626.5	700.5	-507.5	-615.5	544.5
Timolol	-383.5	626.5	700.5	-507.5	466.5	544.5
Torasemide	-383.5	626.5	700.5	-507.5	-646	544.5
Treprostinil	-383.5	626.5	700.5	-507.5	837	544.5
Triamterene	-383.5	626.5	700.5	-507.5	871	544.5
Valsartan	-871.5	-917.5	831.5	-921.5	860	1027.5
Warfarin	-383.5	626.5	700.5	-507.5	642.5	544.5
drug_1	704.5	952.5	950.5	-821.5	946.5	878.5
drug_10	-580	-512	-465.5	-602.5	-460	-747.5
drug_100	788	720	789	406	771	735
drug_101	765.5	778.5	824.5	798.5	-733.5	753.5
drug_102	765.5	778.5	824.5	798.5	-609	753.5
drug_103	774.5	741.5	793.5	785	716.5	710.5
drug_104	781.5	750.5	801.5	580	596.5	794.5
drug_105	765.5	778.5	824.5	798.5	732	753.5
drug_106	765.5	778.5	824.5	798.5	823	753.5
drug_107	765.5	778.5	824.5	798.5	830	753.5
drug_108	765.5	778.5	824.5	798.5	901.5	753.5
drug_109	781.5	750.5	801.5	580	681.5	794.5
drug_11	-383.5	626.5	700.5	-507.5	-795.5	544.5
drug_110	-683	-825	-853	-744	-937	-644
drug_111	-683	-825	-853	-744	-864.5	-644
drug_112	-683	-825	-853	-744	-850.5	-644
drug_113	-761.5	-718.5	-724	-632	-882.5	-879
drug_114	-683	-825	-853	-744	-1008	-644
drug_115	616	-702	-788	-590	-633	-779
drug_116	616	-702	-788	-590	-745.5	-779
drug_117	-683	-825	-853	-744	-815.5	-644
drug_118	616	-702	-788	-590	-753.5	-779
drug_119	819	820	887	831	1050	784
drug_12	771.5	723.5	320	649.5	286.5	-616
drug_120	-683	-825	-853	-744	-654	-644
drug_121	-683	-825	-853	-744	-875.5	-644
drug_122	-383.5	626.5	700.5	-507.5	-757.5	544.5
drug_123	-683	-825	-853	-744	-832	-644
drug_124	-683	-825	-853	-744	-711.5	-644
drug_125	-683	-825	-853	-744	-810.5	-644
drug_126	-683	-825	-853	-744	-977	-644
drug_127	457.5	416.5	587	-278	565.5	-702
drug_128	-809.5	807.5	881	820	713	806
drug_129	616	-702	-788	-590	-869.5	-779
drug_13	682.5	933.5	454.5	727.5	431	790.5
drug_130	616	-702	-788	-590	-866.5	-779
drug_131	-683	-825	-853	-744	-668	-644
drug_132	457.5	416.5	587	-278	-663	-702
drug_133	616	-702	-788	-590	-501	-779
drug_134	-383.5	626.5	700.5	-507.5	877.5	544.5
drug_135	-683	-825	-853	-744	-832	-644
drug_136	-799	-869	-812	-795.5	-796	680
drug_137	616	-702	-788	-590	-749.5	-779
drug_138	-683	-825	-853	-744	-1073	-644
drug_139	616	-702	-788	-590	-749.5	-779
drug_14	-383.5	626.5	700.5	-507.5	-779.5	544.5
drug_140	616	-702	-788	-590	-749.5	-779
drug_141	-683	-825	-853	-744	-616	-644
drug_142	-823.5	-904.5	-907.5	-831.5	-1038	-865.5
drug_143	-683	-825	-853	-744	-684	-644
drug_144	-816	-892	-895	-818	-707.5	-845
drug_145	-833	-895	-898	-822	-907.5	-893
drug_146	-833	-895	-898	-822	-711	-893
drug_147	-823.5	-904.5	-907.5	-831.5	-911.5	-865.5
drug_148	-823.5	-904.5	-907.5	-831.5	-1112.5	-865.5
drug_149	-823.5	-904.5	-907.5	-831.5	-723.5	-865.5
drug_15	682.5	933.5	454.5	727.5	-325.5	790.5
drug_150	-823.5	-904.5	-907.5	-831.5	-1140	-865.5
drug_151	-833	-895	-898	-822	-1036.5	-893
drug_152	-777.5	-774.5	-761.5	-692.5	-959.5	-812.5
drug_153	-823.5	-904.5	-907.5	-831.5	-1040	-865.5
drug_154	-683	-825	-853	-744	-991	-644
drug_155	-823.5	-904.5	-907.5	-831.5	-916	-865.5
drug_156	-383.5	626.5	700.5	-507.5	772	544.5
drug_157	-736.5	-882.5	-805.5	-806.5	-703.5	-793.5
drug_158	-736.5	-882.5	-805.5	-806.5	-900	-793.5
drug_159	-823.5	-904.5	-907.5	-831.5	-723.5	-865.5
drug_16	-383.5	626.5	700.5	-507.5	871	544.5
drug_160	-823.5	-904.5	-907.5	-831.5	-920	-865.5
drug_161	-823.5	-904.5	-907.5	-831.5	-726.5	-865.5
drug_162	-823.5	-904.5	-907.5	-831.5	-916	-865.5
drug_163	-833	-895	-898	-822	-712.5	-893
drug_164	-683	-825	-853	-744	661.5	-644
drug_165	-683	-825	-853	-744	-711.5	-644
drug_166	-823.5	-904.5	-907.5	-831.5	-924	-865.5
drug_167	-833	-895	-898	-822	-709.5	-893
drug_168	-823.5	-904.5	-907.5	-831.5	-1042.5	-865.5
drug_169	-823.5	-904.5	-907.5	-831.5	-799.5	-865.5
drug_17	682.5	933.5	454.5	727.5	387	790.5
drug_170	-683	-825	-853	-744	-668	-644
drug_171	-383.5	626.5	700.5	-507.5	-615.5	544.5
drug_172	-383.5	626.5	700.5	-507.5	595.5	544.5
drug_173	-383.5	626.5	700.5	-507.5	693.5	544.5
drug_174	-383.5	626.5	700.5	-507.5	-669	544.5
drug_175	802	833	909	817	985.5	786
drug_176	-557.5	-674.5	578.5	-609.5	678	692.5
drug_177	-522.5	-494.5	603	-415	547.5	-734
drug_178	-383.5	626.5	700.5	-507.5	900.5	544.5
drug_179	-383.5	626.5	700.5	-507.5	-525.5	544.5
drug_18	682.5	933.5	454.5	727.5	384	790.5
drug_180	-522.5	-494.5	603	-415	-612.5	-734
drug_181	-522.5	-494.5	603	-415	-678.5	-734
drug_182	-383.5	626.5	700.5	-507.5	595.5	544.5
drug_183	-557.5	-674.5	578.5	-609.5	604	692.5
drug_184	-383.5	626.5	700.5	-507.5	-691.5	544.5
drug_185	-522.5	-494.5	603	-415	-622	-734
drug_186	-383.5	626.5	700.5	-507.5	524	544.5
drug_187	-522.5	-494.5	603	-415	-486	-734
drug_188	-383.5	626.5	700.5	-507.5	853.5	544.5
drug_189	-383.5	626.5	700.5	-507.5	-808	544.5
drug_19	-383.5	626.5	700.5	-507.5	693.5	544.5
drug_190	-522.5	-494.5	603	-415	611.5	-734
drug_191	-902	-765	-720.5	-924.5	-704	-1013.5
drug_192	-522.5	-494.5	603	-415	-499	-734
drug_193	-522.5	-494.5	603	-415	273.5	-734
drug_194	-383.5	626.5	700.5	-507.5	595.5	544.5
drug_195	-557.5	-674.5	578.5	-609.5	686	692.5
drug_196	-383.5	626.5	700.5	-507.5	642.5	544.5
drug_197	-522.5	-494.5	603	-415	371	-734
drug_198	-557.5	-674.5	578.5	-609.5	604	692.5
drug_199	-383.5	626.5	700.5	-507.5	535	544.5
drug_2	-383.5	626.5	700.5	-507.5	-742	544.5
drug_20	682.5	933.5	454.5	727.5	431	790.5
drug_200	-383.5	626.5	700.5	-507.5	-713.5	544.5
drug_201	457.5	416.5	587	-278	-666	-702
drug_202	-580	-512	431	-619.5	-505.5	-856
drug_203	457.5	416.5	587	-278	-272	-702
drug_204	-580	-512	431	-619.5	-633.5	-856
drug_205	-383.5	626.5	700.5	-507.5	-615.5	544.5
drug_206	-567	-690	550	-627	-696.5	-754
drug_207	-383.5	626.5	700.5	-507.5	-757.5	544.5
drug_208	795	817	906	809	888	810
drug_209	-522.5	-494.5	603	-415	-612.5	-734
drug_21	-383.5	626.5	700.5	-507.5	642.5	544.5
drug_210	-567	-690	550	-627	-700	-754
drug_211	-522.5	-494.5	603	-415	-302.5	-734
drug_212	-383.5	626.5	700.5	-507.5	-881.5	544.5
drug_213	-383.5	626.5	700.5	-507.5	837	544.5
drug_214	-508	-413	-439	-300.5	-670.5	-847
drug_215	-468.5	-361.5	445.5	-266.5	-395	-842.5
drug_216	-567	-690	550	-627	-696.5	-754
drug_217	-508	-413	-439	-300.5	426	-847
drug_218	-468.5	-361.5	445.5	-266.5	456	-842.5
drug_219	-567	-690	550	-627	-700	-754
drug_22	-716.5	955.5	951.5	-835.5	948.5	883.5
drug_220	-567	-690	550	-627	-503.5	-754
drug_221	806.5	807.5	886	748.5	964.5	-849
drug_222	-508	-413	-439	-300.5	-477	-847
drug_223	-572	-369	364	-289	-518.5	-890
drug_224	457.5	416.5	587	-278	661.5	-702
drug_225	-522.5	-494.5	603	-415	365	-734
drug_226	-522.5	-494.5	603	-415	597.5	-734
drug_227	-383.5	626.5	700.5	-507.5	772	544.5
drug_228	-468.5	-361.5	445.5	-266.5	-393.5	-842.5
drug_229	-491	-388	-468	-287.5	-211.5	731
drug_23	802	833	909	817	983.5	786
drug_230	-580	-512	431	-619.5	-632	-856
drug_231	-522.5	-494.5	603	-415	629	-734
drug_232	-557.5	-674.5	578.5	-609.5	-649	692.5
drug_233	-383.5	626.5	700.5	-507.5	-795.5	544.5
drug_234	-777.5	-774.5	-761.5	-692.5	-1002	-812.5
drug_235	-777.5	-774.5	-761.5	-692.5	-902	-812.5
drug_236	-727	-683	-710	-429	-582.5	-875
drug_237	-522.5	-494.5	603	-415	-495.5	-734
drug_238	616	-702	-788	-590	-625	-779
drug_239	616	-702	-788	-590	-743	-779
drug_24	-714.5	-843.5	-842.5	-833.5	-801	871.5
drug_240	616	-702	-788	-590	-544.5	-779
drug_241	-683	-825	-853	-744	-864.5	-644
drug_242	-727	-683	-710	-429	-704.5	-875
drug_243	616	-702	-788	-590	-755	-779
drug_244	-683	-825	-853	-744	-880.5	-644
drug_245	-463.5	-356.5	571	303	-515.5	-314
drug_246	-683	-825	-853	-744	-810.5	-644
drug_247	-683	-825	-853	-744	-864.5	-644
drug_248	-777.5	-774.5	-761.5	-692.5	-586.5	-812.5
drug_249	811	827	898	827	978	781
drug_25	665	437	558.5	602	644	667.5
drug_250	-383.5	626.5	700.5	-507.5	642.5	544.5
drug_251	502	-388	540	-342	380	-579
drug_252	-683	-825	-853	-744	-875.5	-644
drug_253	-383.5	626.5	700.5	-507.5	772	544.5
drug_254	-777.5	-774.5	-761.5	-692.5	-579	-812.5
drug_255	-683	-825	-853	-744	-832	-644
drug_256	-727	-683	-710	-429	-898.5	-875
drug_257	-727	-683	-710	-429	-702	-875
drug_258	616	-702	-788	-590	-876	-779
drug_259	616	-702	-788	-590	-553	-779
drug_26	797.5	767.5	840.5	788.5	604.5	803.5
drug_260	601	-367	616	332	579.5	-541
drug_261	-761.5	-718.5	-689	-662	-519.5	-831
drug_262	640.5	706.5	780.5	566.5	614.5	718.5
drug_263	-761.5	-718.5	-689	-662	-908.5	-831
drug_264	-761.5	-718.5	-689	-662	-716	-831
drug_265	822.5	822.5	894.5	820	-900.5	808.5
drug_266	-761.5	-718.5	-689	-662	-901.5	-831
drug_267	692.5	-735.5	-719.5	701.5	692	706.5
drug_268	-1068.5	638	-369	-969	586	674
drug_269	640.5	706.5	780.5	566.5	696.5	718.5
drug_27	797.5	767.5	840.5	788.5	655	803.5
drug_270	-761.5	-718.5	-689	-662	-908.5	-831
drug_271	-815	-890	-894	-817	-1095.5	-878
drug_272	-761.5	-718.5	-689	-662	-716	-831
drug_273	-383.5	626.5	700.5	-507.5	-808	544.5
drug_274	-761.5	-718.5	-689	-662	-515	-831
drug_275	-761.5	-718.5	-689	-662	-716	-831
drug_276	811	827	901.5	827	-797	-800.5
drug_277	-761.5	-718.5	-689	-662	-515	-831
drug_278	-933.5	-481.5	-475.5	451.5	-992.5	-944.5
drug_279	820.5	787.5	883.5	810.5	-722.5	-837.5
drug_28	791.5	811.5	890.5	776.5	787	816.5
drug_280	692.5	-735.5	-719.5	701.5	-989	706.5
drug_281	692.5	-735.5	-719.5	701.5	-759.5	706.5
drug_282	820.5	787.5	883.5	810.5	1015	-837.5
drug_283	-799	-869	-775.5	-795.5	-606	-883.5
drug_284	692.5	-735.5	-719.5	701.5	694	706.5
drug_285	-690.5	938.5	448.5	-814.5	877	865.5
drug_286	1134	1128	653	1099	1074	1147
drug_287	1145	1137	580	1138.5	592.5	1132
drug_288	692.5	-735.5	-719.5	701.5	-956.5	706.5
drug_289	-1095.5	-973.5	-935	-992	-950	-1102
drug_29	-383.5	626.5	700.5	-507.5	-742	544.5
drug_290	-955.5	767.5	-565.5	-1016.5	740.5	704.5
drug_291	-955.5	767.5	-565.5	-1016.5	766	704.5
drug_292	-955.5	767.5	-565.5	-1016.5	752.5	704.5
drug_293	-955.5	767.5	-565.5	-1016.5	766	704.5
drug_294	-955.5	767.5	-565.5	-1016.5	730	704.5
drug_295	-955.5	767.5	-565.5	-1016.5	780.5	704.5
drug_296	-1018.5	676	-461	980	820	615
drug_297	-1018.5	676	-461	980	785.5	615
drug_298	-656	899	417	-780	899	830
drug_299	-1086	552.5	-453.5	-1061.5	586.5	963.5
drug_3	785.5	739.5	813	726.5	849	649
drug_30	747	762	834	782	890.5	737
drug_300	-1026	676	-463	988.5	636.5	649
drug_301	-955.5	767.5	-565.5	-1016.5	737	704.5
drug_302	-955.5	767.5	-565.5	-1016.5	827.5	704.5
drug_303	779.5	720.5	288.5	689.5	977.5	624.5
drug_304	-955.5	767.5	-565.5	-1016.5	752.5	704.5
drug_305	-955.5	767.5	-565.5	-1016.5	780.5	704.5
drug_306	-955.5	767.5	-565.5	-1016.5	777.5	704.5
drug_307	-955.5	767.5	-565.5	-1016.5	803	704.5
drug_308	-955.5	767.5	-565.5	-1016.5	752.5	704.5
drug_309	-955.5	767.5	-565.5	-1016.5	742	704.5
drug_31	640.5	706.5	780.5	566.5	788.5	718.5
drug_310	-955.5	767.5	-565.5	-1016.5	762.5	704.5
drug_311	-955.5	767.5	-565.5	-1016.5	752.5	704.5
drug_312	-955.5	767.5	-565.5	-1016.5	735.5	704.5
drug_313	-656	899	417	-780	986.5	830
drug_314	-955.5	767.5	-565.5	-1016.5	702.5	704.5
drug_315	-955.5	767.5	-565.5	-1016.5	717	704.5
drug_316	-955.5	767.5	-565.5	-1016.5	777.5	704.5
drug_317	-955.5	767.5	-565.5	-1016.5	730	704.5
drug_318	-955.5	767.5	-565.5	-1016.5	780.5	704.5
drug_319	-955.5	767.5	-565.5	-1016.5	794	704.5
drug_32	747	762	834	782	811	737
drug_320	756	550	791	335	521	-853
drug_321	-793.5	-457.5	626.5	-375.5	471	-850.5
drug_322	616	-702	-788	-590	-931.5	-779
drug_323	616	-702	-788	-590	-869.5	-779
drug_324	-750.5	721.5	808.5	748.5	702	-760.5
drug_325	-793.5	-457.5	626.5	-375.5	-596.5	-850.5
drug_326	-727	-683	-710	-429	-508	-875
drug_327	781.5	750.5	801.5	580	681.5	794.5
drug_328	720.5	716.5	814	300	708.5	-767
drug_329	720.5	716.5	814	300	620	-767
drug_33	665	437	558.5	602	-622	667.5
drug_330	781.5	750.5	801.5	580	596.5	794.5
drug_331	792.5	734.5	240	724.5	270	653
drug_332	756	550	791	335	-465	-853
drug_333	-750.5	721.5	808.5	748.5	-739	-760.5
drug_334	457.5	416.5	587	-278	-472	-702
drug_335	720.5	716.5	814	300	885	-767
drug_336	781.5	750.5	801.5	580	677	794.5
drug_337	828	836	911	834	806	822
drug_338	781.5	750.5	801.5	580	539	794.5
drug_339	781.5	750.5	801.5	580	681.5	794.5
drug_34	-383.5	626.5	700.5	-507.5	633	544.5
drug_340	781.5	750.5	801.5	580	-667.5	794.5
drug_341	827	835	912	807	908	829
drug_342	-585	-666	-521	-619.5	452	681
drug_343	811	827	898	827	902	781
drug_344	765.5	778.5	824.5	798.5	735	753.5
drug_345	756	550	791	335	522	-853
drug_346	824	837	915	833	912	821
drug_347	-777.5	-774.5	-761.5	-692.5	-767	-812.5
drug_348	705	732	853.5	735.5	856	633.5
drug_349	-736.5	-882.5	-805.5	-806.5	-895.5	-793.5
drug_35	797.5	767.5	840.5	788.5	915	803.5
drug_350	-571	-463	448	-403	281	-758
drug_351	-799	-869	-775.5	-795.5	-679.5	-883.5
drug_352	-736.5	-882.5	-805.5	-806.5	-694.5	-793.5
drug_353	-736.5	-882.5	-805.5	-806.5	-1019	-793.5
drug_354	-522.5	-494.5	603	-415	456.5	-734
drug_355	-557.5	-674.5	578.5	-609.5	506	692.5
drug_356	-580	-512	-465.5	-602.5	451	-747.5
drug_357	-736.5	-882.5	-805.5	-806.5	-1022	-793.5
drug_358	-811	-889	-813	-816	-1016.5	-802
drug_359	-813.5	-763.5	-707	-789	-787	-889
drug_36	791.5	811.5	890.5	776.5	601.5	816.5
drug_360	-789	-785	-723	-795.5	-807	-839
drug_361	-799	-869	-775.5	-795.5	-929	-883.5
drug_362	-383.5	626.5	700.5	-507.5	-808	544.5
drug_363	-736.5	-882.5	-805.5	-806.5	-1085	-793.5
drug_364	-736.5	-882.5	-805.5	-806.5	-895.5	-793.5
drug_365	-736.5	-882.5	-805.5	-806.5	-1092.5	-793.5
drug_366	-809.5	789	885	813	-758	-888
drug_367	-736.5	-882.5	-805.5	-806.5	-1026.5	-793.5
drug_368	-799	-869	-775.5	-795.5	-992.5	-883.5
drug_369	811	827	901.5	827	-798	-800.5
drug_37	732	798	871	764	777	770
drug_370	-799	-869	-775.5	-795.5	-805	-883.5
drug_371	-799	-869	-775.5	-795.5	-684.5	-883.5
drug_372	-799	-869	-775.5	-795.5	-608.5	-883.5
drug_373	-557.5	-674.5	578.5	-609.5	682.5	692.5
drug_374	-799	-869	-775.5	-795.5	-603.5	-883.5
drug_375	-736.5	-882.5	-805.5	-806.5	-895.5	-793.5
drug_376	-736.5	-882.5	-805.5	-806.5	-900	-793.5
drug_377	-883.5	-919.5	-764.5	-933.5	-762	1009.5
drug_378	-383.5	626.5	700.5	-507.5	-691.5	544.5
drug_379	705	732	853.5	735.5	663.5	633.5
drug_38	732	798	871	764	940.5	770
drug_380	-522.5	-494.5	603	-415	-694.5	-734
drug_381	-383.5	626.5	700.5	-507.5	633	544.5
drug_382	705	732	853.5	735.5	930.5	633.5
drug_383	732	798	871	764	948.5	770
drug_384	732	798	871	764	687	770
drug_385	1074.5	-618.5	-602.5	1078.5	-634.5	1079.5
drug_386	732	798	871	764	562.5	770
drug_387	732	798	871	764	866	770
drug_388	732	798	871	764	952.5	770
drug_389	732	798	871	764	862	770
drug_39	791.5	811.5	890.5	776.5	782	816.5
drug_390	705	732	853.5	735.5	744.5	633.5
drug_391	705	732	853.5	735.5	852	633.5
drug_392	-522.5	-494.5	603	-415	-683	-734
drug_393	705	732	853.5	735.5	612	633.5
drug_394	732	798	871	764	940.5	770
drug_395	-383.5	626.5	700.5	-507.5	837	544.5
drug_396	716.5	743.5	843.5	745.5	993.5	812.5
drug_397	732	798	871	764	679	770
drug_398	-522.5	-494.5	603	-415	-381.5	-734
drug_399	705	732	853.5	735.5	669	633.5
drug_4	-383.5	626.5	700.5	-507.5	772	544.5
drug_40	797.5	767.5	840.5	788.5	738.5	803.5
drug_400	732	798	871	764	940.5	770
drug_401	799.5	747.5	874	730.5	848	1067
drug_402	732	798	871	764	870	770
drug_403	705	732	853.5	735.5	846.5	633.5
drug_404	732	798	871	764	635.5	770
drug_405	705	732	853.5	735.5	572.5	633.5
drug_406	705	732	853.5	735.5	842.5	633.5
drug_407	-955.5	767.5	-565.5	-1016.5	777.5	704.5
drug_408	-955.5	767.5	-565.5	-1016.5	791.5	704.5
drug_409	-1050	577	-474	-965	586	584
drug_41	791.5	811.5	890.5	776.5	784	816.5
drug_410	-656	899	417	-780	838.5	830
drug_411	-1050	577	-474	-965	550.5	584
drug_412	-955.5	767.5	-565.5	-1016.5	791	704.5
drug_413	-955.5	767.5	-565.5	-1016.5	814	704.5
drug_414	-955.5	767.5	-565.5	-1016.5	777.5	704.5
drug_415	-795	620.5	319.5	-687.5	678.5	557.5
drug_416	-1050	577	-474	-965	579	584
drug_417	-1050	577	-474	-965	573	584
drug_418	-1050	577	-474	-965	595.5	584
drug_419	-955.5	767.5	-565.5	-1016.5	777.5	704.5
drug_42	747	762	834	782	578.5	737
drug_420	-795	620.5	319.5	-687.5	666	557.5
drug_421	-955.5	767.5	-565.5	-1016.5	755	704.5
drug_422	-1050	577	-474	-965	602.5	584
drug_423	-1050	577	-474	-965	550.5	584
drug_424	-1050	577	-474	-965	550.5	584
drug_425	-1050	577	-474	-965	586	584
drug_426	-1050	577	-474	-965	563.5	584
drug_427	-1050	577	-474	-965	595.5	584
drug_428	-955.5	767.5	-565.5	-1016.5	803	704.5
drug_429	-955.5	767.5	-565.5	-1016.5	752.5	704.5
drug_43	791.5	811.5	890.5	776.5	649.5	816.5
drug_430	-955.5	767.5	-565.5	-1016.5	755	704.5
drug_431	-1050	577	-474	-965	598	584
drug_432	-955.5	767.5	-565.5	-1016.5	780.5	704.5
drug_433	-1050	577	-474	-965	557.5	584
drug_434	-656	899	417	-780	899	830
drug_435	-1050	577	-474	-965	573.5	584
drug_436	-955.5	767.5	-565.5	-1016.5	780.5	704.5
drug_437	-683	-825	-853	-744	-934.5	-644
drug_438	-683	-825	-853	-744	-711.5	-644
drug_439	-683	-825	-853	-744	-1008	-644
drug_44	732	798	871	764	627.5	770
drug_440	-683	-825	-853	-744	-1024.5	-644
drug_441	-683	-825	-853	-744	-958.5	-644
drug_442	-383.5	626.5	700.5	-507.5	642.5	544.5
drug_443	-707.5	929.5	-845.5	-826.5	-854.5	870.5
drug_444	691	941	386	799	389.5	868
drug_445	682.5	933.5	454.5	727.5	387	790.5
drug_446	1144	1149	1142	1153	1151	1112
drug_447	-806	-875	-798	-814	-888	-824
drug_448	-683	-825	-853	-744	-668	-644
drug_449	811	827	898	827	-982	781
drug_45	-383.5	626.5	700.5	-507.5	510.5	544.5
drug_450	-683	-825	-853	-744	-958.5	-644
drug_451	-683	-825	-853	-744	-1057	-644
drug_452	-712.5	950.5	946.5	-836.5	868.5	880.5
drug_453	-683	-825	-853	-744	-875.5	-644
drug_454	-683	-825	-853	-744	-958.5	-644
drug_455	-753.5	-760.5	-750.5	706	-598.5	-706.5
drug_456	-683	-825	-853	-744	-864.5	-644
drug_457	-806	-875	-798	-814	-889	-824
drug_458	816	818	862	832	-793	-840
drug_459	-683	-825	-853	-744	-730	-644
drug_46	791.5	811.5	890.5	776.5	785	816.5
drug_460	-806	-875	-798	-814	-690.5	-824
drug_461	-683	-825	-853	-744	-832	-644
drug_462	811	827	898	827	1059.5	781
drug_463	-383.5	626.5	700.5	-507.5	-779.5	544.5
drug_464	-683	-825	-853	-744	-885	-644
drug_465	-683	-825	-853	-744	-832	-644
drug_466	732	798	871	764	948.5	770
drug_467	-835.5	-251.5	282	-724	-228	-978
drug_468	705	732	853.5	735.5	921	633.5
drug_469	829.5	838.5	913.5	814.5	812.5	830.5
drug_47	654	-443	429	-581	-590.5	730
drug_470	-706.5	-837.5	-846.5	-832.5	-798	862.5
drug_471	742	758	836.5	776.5	-576.5	732.5
drug_472	-383.5	626.5	700.5	-507.5	660.5	544.5
drug_473	-468.5	-361.5	445.5	-266.5	-393.5	-842.5
drug_474	829.5	838.5	913.5	814.5	617	830.5
drug_475	825.5	840.5	916.5	835.5	679.5	827.5
drug_476	802	833	909	817	906	786
drug_477	714.5	552.5	810.5	712	736.5	643.5
drug_478	714.5	552.5	810.5	712	913	643.5
drug_479	705	732	853.5	735.5	852	633.5
drug_48	640.5	706.5	780.5	566.5	794.5	718.5
drug_480	705	732	853.5	735.5	754	633.5
drug_481	-549.5	-454.5	438	-386.5	789.5	-710
drug_482	747	762	880	751	622.5	811
drug_483	705	732	853.5	735.5	748.5	633.5
drug_484	705	732	853.5	735.5	1012	633.5
drug_485	732	798	871	764	772	770
drug_486	716.5	743.5	843.5	745.5	895.5	812.5
drug_487	-383.5	626.5	700.5	-507.5	-861.5	544.5
drug_488	747	762	845	381	605.5	801
drug_489	457.5	416.5	587	-278	-473.5	-702
drug_49	805	821	903	823	795	-759
drug_490	720.5	716.5	814	300	941	-767
drug_491	742	758	836.5	776.5	886.5	732.5
drug_492	705	732	853.5	735.5	744.5	633.5
drug_493	720.5	716.5	814	300	570.5	-767
drug_494	-1134	-715	-638	1076	-635	1061
drug_495	732	798	871	764	870	770
drug_496	-383.5	626.5	700.5	-507.5	-669	544.5
drug_5	-459.5	-449.5	566	402.5	498	-361
drug_50	-567	-690	550	-627	-695	-754
drug_51	-383.5	626.5	700.5	-507.5	-689	544.5
drug_52	800	819	904	822	656.5	734
drug_53	950.5	454.5	451.5	-645.5	465.5	973.5
drug_54	640.5	706.5	780.5	566.5	694	718.5
drug_55	640.5	706.5	780.5	566.5	954.5	718.5
drug_56	640.5	706.5	780.5	566.5	797.5	718.5
drug_57	640.5	706.5	780.5	566.5	948.5	718.5
drug_58	-383.5	626.5	700.5	-507.5	758.5	544.5
drug_59	650.5	403.5	563	587	491	663
drug_6	-383.5	626.5	700.5	-507.5	853.5	544.5
drug_60	640.5	706.5	780.5	566.5	690.5	718.5
drug_61	-575	-507	437	-615.5	343	-763
drug_62	817	770	882	808	778	823
drug_63	640.5	706.5	780.5	566.5	690.5	718.5
drug_64	-459.5	-449.5	566	402.5	498	-361
drug_65	-383.5	626.5	700.5	-507.5	936	544.5
drug_66	640.5	706.5	780.5	566.5	690.5	718.5
drug_67	-643	-669	-410	-634	-690.5	-858
drug_68	-383.5	626.5	700.5	-507.5	772	544.5
drug_69	665	437	558.5	602	-429.5	667.5
drug_7	-711.5	946.5	945.5	-830.5	883	874.5
drug_70	-522.5	-494.5	603	-415	-696.5	-734
drug_71	665	437	558.5	602	669	667.5
drug_72	601	-367	616	332	-368.5	-541
drug_73	640.5	706.5	780.5	566.5	954.5	718.5
drug_74	640.5	706.5	780.5	566.5	687	718.5
drug_75	-567	-690	550	-627	608	-754
drug_76	665	437	558.5	602	583	667.5
drug_77	687	449	618	592.5	611	698
drug_78	665	437	558.5	602	-553.5	667.5
drug_79	1145	1147	589	1132	606	1148
drug_8	-383.5	626.5	700.5	-507.5	-472.5	544.5
drug_80	665	437	570	559	768	642
drug_81	601	-367	616	332	223	-541
drug_82	781.5	750.5	801.5	580	686	794.5
drug_83	781.5	750.5	801.5	580	957	794.5
drug_84	781.5	750.5	801.5	580	681.5	794.5
drug_85	742	758	838	752	760	727
drug_86	765.5	778.5	824.5	798.5	-847.5	753.5
drug_87	765.5	778.5	824.5	798.5	-733.5	753.5
drug_88	765.5	778.5	824.5	798.5	823	753.5
drug_89	774.5	741.5	793.5	785	-723.5	710.5
drug_9	-580	-512	-465.5	-602.5	276	-747.5
drug_90	765.5	778.5	824.5	798.5	832	753.5
drug_91	765.5	778.5	824.5	798.5	725	753.5
drug_92	781.5	750.5	801.5	580	675.5	794.5
drug_93	765.5	778.5	824.5	798.5	901.5	753.5
drug_94	765.5	778.5	824.5	798.5	-860	753.5
drug_95	-683	-825	-853	-744	-668	-644
drug_96	765.5	778.5	824.5	798.5	-856	753.5
drug_97	-383.5	626.5	700.5	-507.5	772	544.5
drug_98	765.5	778.5	824.5	798.5	-733.5	753.5
drug_99	-723	-748	-747	-674	-738	-555
