ad	density	cc	spath	eigencentr	betwcentr
Acebutolol	-672	891	863	-658	-740.5	539
Acetylsalicylic_acid	-672	-781	-799.5	-658	-735	726.5
Alprenolol	-672	891	863	-658	-773.5	539
Amiloride	-672	891	863	-658	-859.5	539
Amlodipine	-672	891	863	-658	-773.5	539
Atenolol	-672	891	863	-658	-773.5	539
Atorvastatin	-672	891	863	-658	-710.5	539
Benazepril	-672	891	863	-658	-773.5	539
Bendroflumethiazide	-672	891	863	-658	-678.5	539
Betaxolol	-672	891	863	-658	-773.5	539
Bezafibrate	-672	891	863	-658	-859.5	539
Bisoprolol	-672	891	863	-658	-720	539
Bumetanide	-672	891	863	-658	-773.5	539
Canrenoic_acid	-672	891	863	-658	-740.5	539
Captopril	-672	891	863	-658	-773.5	539
Carteolol	-672	891	863	-658	-808	539
Carvedilol	-672	891	863	-658	680	539
Cerivastatin	-672	891	863	-658	-808	539
Chlorhexidine	-672	891	863	-658	-710.5	539
Chlorthalidone	-672	891	863	-658	-773.5	539
Cilnidipine	-672	891	863	-658	-808	539
Cilostazol	567	891	863	-814.5	600.5	539
Clofibrate	-672	891	863	-658	-710.5	539
Clopidogrel	-672	891	863	-658	-808	539
Cyclopenthiazide	-672	891	863	-658	-678.5	539
Digoxin	-672	891	863	-658	-710.5	539
Dipyridamole	-672	891	863	-658	-678.5	539
Dobutamine	610.5	934.5	1029.5	-240.5	718	-768.5
Dopamine	-672	891	863	-658	-710.5	539
Enalapril	-672	891	863	-658	-773.5	539
Eprosartan	-672	891	863	-658	-710.5	539
Esmolol	-561.5	644	792.5	-99	499.5	-857
Etacrynic_acid	-672	891	863	-658	-792	539
Etilefrine	-672	891	863	-658	-808	539
Ezetimibe	-672	891	863	-658	701	539
Felodipine	-672	891	863	-658	-866.5	539
Fenofibrate	-672	891	863	-658	-773.5	539
Fenoldopam	-519	726.5	711.5	-814.5	592.5	643.5
Gemfibrozil	-672	891	863	-658	-710.5	539
Hydroflumethiazide	-672	891	863	-658	-710.5	539
Iloprost	-672	891	863	-658	-735	539
Indapamide	-672	891	863	-658	-710.5	539
Irbesartan	-672	891	863	-658	-773.5	539
Isradipine	-672	891	863	-658	-773.5	539
Labetalol	-672	891	863	-658	-815	539
Losartan	-672	891	863	-658	-825	539
Lovastatin	-672	-781	-799.5	-658	-773.5	-352
Menadione	-672	891	863	-658	-773.5	539
Mephentermine	-672	891	863	-658	-773.5	539
Metolazone	-672	891	863	-658	-773.5	539
Metoprolol	-838.5	950.5	-964	-825.5	-870	-774.5
Midodrine	-672	891	863	-658	-825	539
Milrinone	-672	891	863	-658	-825	539
Moexipril	-672	891	863	-658	680	539
Nadolol	-672	891	863	-658	-825	539
Niacin	-672	891	863	-658	743.5	539
Nicardipine	-672	891	863	-658	-773.5	539
Nicotinyl_alcohol	-672	891	863	-658	703.5	539
Nifedipine	-672	891	863	-658	-773.5	539
Nimodipine	-672	891	863	-658	-710.5	539
Nitrendipine	-672	891	863	-658	-740.5	539
Nitrofural	-672	891	863	-658	-745	539
Olmesartan	843	983	-799.5	-773.5	911	702
Ouabain	-519	644	792.5	-515.5	-663.5	772.5
Oxprenolol	-672	891	863	-658	-825	539
Perindopril	-672	891	863	-658	-802.5	539
Pindolol	-672	891	863	-658	-825	539
Piretanide	873	1011	936.5	-658	-773.5	810.5
Practolol	-672	891	863	-658	-710.5	539
Pravastatin	-672	891	863	-658	-773.5	539
Probucol	603.5	720.5	837	-101	537	728
Propranolol	-672	891	863	-658	-773.5	539
Quinapril	-672	891	863	-658	-825	539
Quinethazone	-672	891	863	-658	-808	539
Ramipril	-672	891	863	-658	-745	539
Rivaroxaban	-732	950.5	1014	-719	-894.5	-790
Rosuvastatin	-672	891	863	-658	-740.5	539
Simvastatin	-672	891	863	-658	-815	539
Sotalol	-672	891	863	-658	-678.5	539
Spironolactone	567	891	863	259	649.5	539
Synephrine	-672	891	863	-658	-773.5	539
Telmisartan	-672	891	863	-658	-710.5	539
Ticlopidine	-672	891	863	-658	-773.5	539
Tienilic_acid	-672	891	863	-658	-773.5	539
Timolol	-672	891	863	-658	-710.5	539
Torasemide	-672	891	863	-658	-710.5	539
Treprostinil	-672	891	863	-658	-740.5	539
Triamterene	-672	891	863	-658	-841	539
Valsartan	-715.5	891	863	-703.5	-754.5	-770.5
Warfarin	-672	891	863	-658	-745	539
drug_1	-291	408.5	435	587.5	-425	588
drug_10	-668	-658	-450	336.5	-592.5	-728
drug_100	560.5	-370	-351.5	621.5	500.5	694
drug_101	423	-370	375.5	-587	253	526.5
drug_102	-444	573	633	488	610.5	-581.5
drug_103	738.5	751.5	-769.5	814.5	-883	-808
drug_104	677	687	315.5	773.5	835.5	-842
drug_105	-444	573	633	488	-685.5	-581.5
drug_106	-291	408.5	481.5	-587	326	410.5
drug_107	638	472	379.5	-717.5	728.5	-802.5
drug_108	-291	408.5	481.5	-587	468	410.5
drug_109	638	472	379.5	-717.5	-699.5	-802.5
drug_11	473	340	445	348	526	-815.5
drug_110	-546.5	-293.5	-434.5	-632	257	546
drug_111	614	665	-569.5	681	516	-765
drug_112	614	665	-569.5	681	649.5	-765
drug_113	-546.5	-293.5	-434.5	-632	400.5	546
drug_114	669.5	418.5	-351.5	792	692	711
drug_115	-546.5	387.5	-746	-641	575.5	-700
drug_116	-546.5	387.5	-746	-641	717.5	-700
drug_117	488.5	290.5	-434.5	-649.5	690	675
drug_118	-546.5	-293.5	-434.5	648.5	520.5	700
drug_119	-546.5	387.5	-746	-641	575.5	-700
drug_12	-221.5	-244.5	405	327	-475	535
drug_120	614	665	-569.5	681	806.5	-765
drug_121	614	665	-569.5	681	649.5	-765
drug_122	488.5	290.5	-434.5	-649.5	548	675
drug_123	-546.5	-293.5	-434.5	-632	257	546
drug_124	614	665	-569.5	681	806.5	-765
drug_125	-546.5	387.5	-746	-641	575.5	-700
drug_126	652.5	281.5	-434.5	776	542	715
drug_127	-546.5	-293.5	-434.5	648.5	386	700
drug_128	-546.5	-293.5	-434.5	-632	-345.5	546
drug_129	614	665	-569.5	681	531	-765
drug_13	-1010.5	-760.5	-626.5	608.5	-725	-725.5
drug_130	614	665	-569.5	681	649.5	-765
drug_131	652.5	372.5	-746	766.5	681	707.5
drug_132	662.5	642.5	-569.5	783.5	570	-765
drug_133	-569	-448	-746	-625	497.5	-441
drug_134	662.5	642.5	-569.5	783.5	566	-765
drug_135	-444	573	633	488	-488	-581.5
drug_136	652.5	372.5	-746	766.5	547.5	707.5
drug_137	652.5	281.5	-434.5	776	866.5	715
drug_138	-546.5	387.5	-746	-641	717.5	-700
drug_139	614	665	-569.5	681	649.5	-765
drug_14	-1102.5	-994.5	1038.5	-1102.5	1087.5	1069.5
drug_140	652.5	372.5	-746	766.5	821.5	707.5
drug_141	614	665	-569.5	681	649.5	-765
drug_142	-714.5	-745.5	-718.5	288	-631	-411
drug_143	761.5	762.5	762	819	-709.5	-792
drug_144	533.5	-550	-569.5	-430.5	-383.5	-581.5
drug_145	533.5	-550	-569.5	-430.5	-393	-581.5
drug_146	581.5	-550	-569.5	-430.5	-383.5	608.5
drug_147	691	-647	-290.5	-705	-863.5	-842
drug_148	-714.5	-745.5	-718.5	639.5	-828.5	642
drug_149	533.5	-550	-569.5	-430.5	-488	-581.5
drug_15	776	-518	593.5	-669	630	-954
drug_150	761.5	762.5	762	819	-826.5	-792
drug_151	533.5	-550	-569.5	-430.5	-488	-581.5
drug_152	677	687	351.5	-705	-863.5	-842
drug_153	533.5	-550	-569.5	-430.5	-737	-581.5
drug_154	-714.5	-745.5	-718.5	316.5	-809.5	-411
drug_155	753.5	765.5	765.5	803.5	-907	-792
drug_156	581.5	-448	359.5	-659	317.5	625.5
drug_157	753.5	765.5	765.5	803.5	-909	-792
drug_158	-774.5	-774.5	-754.5	850.5	-718.5	717.5
drug_159	672.5	-448	-267	-659	-434	626.5
drug_16	-1102.5	-994.5	1038.5	-1102.5	-1062.5	1069.5
drug_160	-774.5	-774.5	759	800	752	721
drug_161	-569	458	554.5	-659	-314.5	512.5
drug_162	-774.5	-774.5	759	800	-916	721
drug_163	652.5	-550	-569.5	-430.5	-488	-581.5
drug_164	-714.5	-745.5	-718.5	403	-605.5	-411
drug_165	581.5	-550	-569.5	598.5	530.5	638
drug_166	-714.5	-745.5	-718.5	288	-809.5	-411
drug_167	-740.5	-684.5	-231	-519.5	-379	427.5
drug_168	753.5	765.5	765.5	803.5	-824.5	-792
drug_169	-714.5	-745.5	-718.5	563	-631	687
drug_17	710.5	721.5	740.5	807.5	713.5	728.5
drug_170	423	-370	375.5	-587	445	526.5
drug_171	614	665	-569.5	681	791.5	-765
drug_172	-685	-704	-718.5	627.5	-577.5	-678.5
drug_173	-685	-704	-395	556	-418	-296.5
drug_174	614	665	-569.5	681	649.5	-765
drug_175	-581.5	308.5	-379.5	-677.5	461.5	-489.5
drug_176	-733	-639	-690.5	616	262.5	-315
drug_177	-444	573	633	488	-542	-581.5
drug_178	-546.5	-293.5	-434.5	-632	-269.5	-308
drug_179	-764	-767	368.5	-685.5	-695	-831.5
drug_18	-1015.5	-977.5	-769.5	601	-970	-996
drug_180	-546.5	-293.5	-434.5	-632	333.5	-308
drug_181	488.5	290.5	-434.5	654.5	339	-376.5
drug_182	-444	573	633	488	-622.5	-581.5
drug_183	581.5	435.5	-351.5	754.5	382.5	518
drug_184	-740.5	-684.5	-757.5	567.5	523	668
drug_185	581.5	435.5	-351.5	754.5	512.5	518
drug_186	-634	-458	409.5	-724.5	533	-823.5
drug_187	581.5	435.5	-351.5	754.5	654.5	518
drug_188	-740.5	-684.5	-757.5	567.5	523	668
drug_189	-569	-448	-746	-625	483	-441
drug_19	1032.5	944.5	1045	-1088	1046.5	1033
drug_190	-581.5	308.5	-379.5	-677.5	318.5	-489.5
drug_191	-668	-658	-395	726	343.5	-370.5
drug_192	488.5	290.5	-434.5	654.5	339	-376.5
drug_193	-685	-704	-395	556	-498.5	-296.5
drug_194	-668	-658	-395	726	-383.5	-370.5
drug_195	581.5	435.5	-351.5	754.5	379	518
drug_196	-569	-448	-746	-625	-298.5	-441
drug_197	-685	-704	-718.5	627.5	583.5	-678.5
drug_198	581.5	435.5	-351.5	754.5	512.5	518
drug_199	-546.5	-293.5	-434.5	-632	335	-308
drug_2	-685	-704	-450	307	-645.5	-466.5
drug_20	-769.5	723.5	722.5	827.5	686.5	719.5
drug_200	748.5	746.5	-763.5	833.5	-641.5	-799
drug_201	714.5	719.5	560.5	795.5	718.5	-795.5
drug_202	614	665	-569.5	681	806.5	-765
drug_203	706.5	718.5	707.5	774.5	561	-795.5
drug_204	-740.5	705.5	699	760	-703	-716.5
drug_205	-750	-724	703.5	605.5	-638	-448
drug_206	581.5	435.5	-351.5	735.5	626.5	622.5
drug_207	638	472	399.5	743	498	-713
drug_208	614	665	-569.5	681	649.5	-765
drug_209	662.5	642.5	-569.5	783.5	703.5	-765
drug_21	1030	952	1062	-1095	1037	1049
drug_210	-291	408.5	481.5	-587	331	410.5
drug_211	-291	408.5	481.5	-587	331	410.5
drug_212	614	665	-569.5	681	649.5	-765
drug_213	-685	-704	-395	657.5	663.5	691.5
drug_214	-291	408.5	481.5	-587	331	410.5
drug_215	-740.5	-684.5	-307	699.5	463.5	-488
drug_216	-714.5	-745.5	-718.5	403	-803	-411
drug_217	614	665	-569.5	681	827.5	-765
drug_218	614	665	-569.5	681	649.5	-765
drug_219	-444	573	633	488	-685.5	-581.5
drug_22	1066	812	-686	383	1008	-1003.5
drug_220	696	703	705.5	657.5	534.5	449.5
drug_221	707.5	708.5	700.5	778.5	684.5	-669
drug_222	-714.5	-745.5	-718.5	403	-631	-411
drug_223	581.5	435.5	-351.5	735.5	626.5	622.5
drug_224	614	665	-569.5	681	649.5	-765
drug_225	614	665	-569.5	681	649.5	-765
drug_226	-777.5	-777.5	-777.5	-653	428	664.5
drug_227	-740.5	-684.5	567.5	618.5	489.5	576.5
drug_228	-740.5	705.5	699	760	-703	-716.5
drug_229	-714.5	-745.5	-718.5	403	-819.5	-411
drug_23	-685	-704	-450	307	-841	-466.5
drug_230	581.5	435.5	-351.5	735.5	626.5	622.5
drug_231	-685	-704	-718.5	627.5	-775	-678.5
drug_232	-764	-767	368.5	-685.5	-812	-831.5
drug_233	-668	-658	-395	726	341	-370.5
drug_234	-685	-704	-718.5	627.5	725.5	-678.5
drug_235	-685	-704	-395	556	-498.5	-296.5
drug_236	-668	-658	-450	336.5	-591.5	-728
drug_237	-444	573	633	488	610.5	-581.5
drug_238	-291	-370	565.5	318.5	-564.5	-721.5
drug_239	-444	573	633	488	-539.5	-581.5
drug_24	-733	683.5	713.5	798.5	672.5	688.5
drug_240	-291	-370	565.5	318.5	-568.5	-721.5
drug_241	-569	-448	-746	-625	291	-441
drug_242	-444	573	633	488	-383.5	-581.5
drug_243	-444	573	633	488	662	-581.5
drug_244	-757.5	-718.5	726.5	801.5	900.5	733.5
drug_245	-764	-767	368.5	-685.5	-691	-831.5
drug_246	677	687	383	770	832	-852.5
drug_247	473	340	445	348	668	-815.5
drug_248	-685	-704	-718.5	627.5	-692	-678.5
drug_249	-444	573	633	488	-605	-581.5
drug_25	-1015.5	-977.5	-568	832	-553	-541
drug_250	614	665	-569.5	681	664.5	-765
drug_251	614	665	-569.5	681	649.5	-765
drug_252	-714.5	-745.5	-718.5	403	-526.5	-411
drug_253	644	693	546.5	-705	-789	-842
drug_254	-764	-767	368.5	-685.5	-695	-831.5
drug_255	729	732	729.5	836.5	-760	750.5
drug_256	-444	573	633	488	-425	-581.5
drug_257	-685	-704	-718.5	627.5	-697	-678.5
drug_258	-634	-458	409.5	-724.5	533	-823.5
drug_259	-444	573	633	488	418.5	-581.5
drug_26	-1080.5	-958.5	567	1053	816	718
drug_260	-947	-748	812.5	-1018.5	-1081	-1116.5
drug_261	-1105	-1038	654	-1010	-1154.5	-1115
drug_262	-1111.5	-1086.5	652	-1033.5	-1074.5	-1099.5
drug_263	-791.5	-869.5	954.5	-778.5	-861	-849.5
drug_264	-1032.5	-1023.5	-769.5	603	-1025	955
drug_265	-695	-533	-699	-675.5	-537	853.5
drug_266	-791.5	-869.5	954.5	-778.5	-924	-849.5
drug_267	733	-564	-586.5	-660	-712	972
drug_268	972	-591	532	-1027.5	-994	-1088.5
drug_269	1048.5	962.5	1049	-1115	1095.5	1072
drug_27	-1088	-1004	711	1037	1016.5	1022
drug_270	972	603	674	-1023	-1091.5	-1124
drug_271	792.5	570.5	766.5	-650.5	830	-1083.5
drug_272	1030	952	1062	-1095	1037	1049
drug_273	-1015.5	-977.5	-714.5	990.5	704	-638.5
drug_274	-791.5	-869.5	954.5	-778.5	-861	-849.5
drug_275	-1078	-978	-992.5	937.5	-1031.5	-992
drug_276	933.5	895.5	-889	945.5	973	-1033
drug_277	-1032.5	-1023.5	-1038	658	-979.5	956
drug_278	-1062	-1065	-1038	667.5	-1028	702.5
drug_279	776	-518	593.5	-669	-665.5	-954
drug_28	-1097.5	-1043.5	878.5	1026.5	-1046	986.5
drug_280	933.5	895.5	-889	945.5	973	-1033
drug_281	-1143	-998	-1031.5	-675.5	-674	710.5
drug_282	-1032.5	-1023.5	-769.5	555	-1027.5	760
drug_283	764.5	-518	-586.5	-669	632.5	971
drug_284	853	-869.5	-889	976	978	881
drug_285	1001	-767.5	-1079	-646	-1002.5	-994
drug_286	-964.5	-966.5	868	-1053	-1104.5	-1110
drug_287	-791.5	-869.5	954.5	-778.5	-855.5	-849.5
drug_288	871	-533	-1005	-680	956	1024
drug_289	-1097.5	-1043.5	-1094	-994	587.5	-724
drug_29	-1032.5	-1023.5	-714.5	684.5	-707	851.5
drug_290	730.5	711.5	710.5	843.5	717.5	543.5
drug_291	757	760	763.5	809.5	-876	725.5
drug_292	673.5	-271.5	-211.5	-679.5	-483.5	-820.5
drug_293	763.5	738.5	735.5	796.5	-680	722.5
drug_294	548	-244.5	-267	-312	-267.5	-433
drug_295	773.5	775.5	771.5	859.5	729.5	760.5
drug_296	551.5	-370	-413.5	-293.5	-568.5	-721.5
drug_297	758.5	743.5	745.5	797.5	-575.5	718.5
drug_298	723	726	725	838	-718	690
drug_299	456.5	-370	-413.5	-293.5	-762	-721.5
drug_3	-663	-441	-307	344	221.5	-457.5
drug_30	-1088	-1004	880.5	910.5	-718	-585.5
drug_300	533.5	-550	-569.5	-430.5	-605	-581.5
drug_301	445	-244.5	-267	-312	-393	-433
drug_302	770.5	770.5	769.5	854.5	-860	771.5
drug_303	774.5	772.5	768.5	860.5	-901	769.5
drug_304	551.5	-370	-413.5	-293.5	-568.5	-721.5
drug_305	548	-244.5	-267	-312	328.5	-433
drug_306	755.5	740.5	746.5	790.5	-879	726.5
drug_307	413.5	-244.5	301	-312	-469	-433
drug_308	723	726	725	838	-800	690
drug_309	715.5	709.5	718.5	805.5	849.5	746.5
drug_31	827	-689.5	-671	1007.5	892	980
drug_310	481	-244.5	-267	-312	-388.5	-433
drug_311	769	774	774	856	-898.5	763
drug_312	769	774	774	856	736.5	763
drug_313	771.5	771.5	770.5	857.5	926.5	770.5
drug_314	413.5	-244.5	301	-312	-469	-433
drug_315	772.5	776.5	775.5	858.5	737.5	775.5
drug_316	733.5	707.5	709.5	846.5	902.5	669.5
drug_317	423	-370	433.5	-293.5	-766	-721.5
drug_318	726.5	716.5	711.5	842.5	552	420.5
drug_319	775.5	777.5	772.5	861.5	873.5	774.5
drug_32	-1097.5	-1043.5	878.5	1026.5	-1074	986.5
drug_320	940	-749	-730.5	-875.5	896	1076
drug_321	814.5	-929	-948.5	-719	-769	875.5
drug_322	1065	620	-579.5	-1014.5	880.5	-1005.5
drug_323	1112	1106	1093.5	-1052.5	1136.5	1143.5
drug_324	1049	796	-730.5	997	1086	1093
drug_325	1056.5	1064.5	764	-1001	1082.5	-1061
drug_326	1042	1020	-948.5	988.5	1111.5	1063.5
drug_327	1061	845	699.5	-1001	1040.5	-1061
drug_328	961	813	-730.5	940.5	1034.5	1004.5
drug_329	940	686	-730.5	-901	911.5	1037
drug_33	1014	943	1030	904	-966.5	-959
drug_330	913	-929	-948.5	916.5	1024.5	942.5
drug_331	961	813	-730.5	959.5	920.5	900
drug_332	1102.5	1103.5	1100.5	-1047	1110.5	1129.5
drug_333	1096	1113	1123.5	-1050.5	1131.5	1112.5
drug_334	1111	1115	1117.5	-1054	1141.5	1122.5
drug_335	802.5	-749	756.5	-875.5	658.5	908.5
drug_336	-732	950.5	1014	-719	826.5	-790
drug_337	1097.5	1107.5	1113	-1047	1129.5	1119
drug_338	1102.5	1103.5	1095.5	-1047	1114.5	1098.5
drug_339	1099.5	1111.5	1115	-1050.5	1127.5	1117
drug_34	1023	936	852	1054	926.5	-655
drug_340	814.5	-929	-948.5	-719	-769	875.5
drug_341	645	786	862.5	-875.5	739	792.5
drug_342	1092.5	1091.5	-1076.5	821	-952.5	1018.5
drug_343	961	813	-730.5	940.5	1034.5	1004.5
drug_344	993.5	1042.5	-948.5	886	1043.5	-973.5
drug_345	887	765	-730.5	948	976.5	1041.5
drug_346	1125	1117	1096.5	-1054	1149.5	1148.5
drug_347	1097.5	1107.5	1113	-1047	1116.5	1119
drug_348	1099.5	1111.5	1115	-1050.5	1114.5	1117
drug_349	-444	-550	-569.5	-430.5	-542	-581.5
drug_35	-1062	-1065	-1038	904	-1039.5	962.5
drug_350	-764	-767	368.5	-685.5	-812	-831.5
drug_351	-444	-550	-569.5	-430.5	-488	-581.5
drug_352	-291	-370	489.5	294.5	-564.5	-721.5
drug_353	-714.5	-745.5	-718.5	353	-612	502
drug_354	-714.5	-745.5	-718.5	403	-612	-411
drug_355	-444	573	633	488	-555.5	-581.5
drug_356	-764	-767	368.5	-685.5	-816	-831.5
drug_357	-714.5	-745.5	-718.5	403	-517.5	-411
drug_358	-714.5	-745.5	-718.5	353	-612	502
drug_359	-444	573	633	488	-488	-581.5
drug_36	-1032.5	-1023.5	-714.5	990.5	-668.5	-564.5
drug_360	-444	573	633	488	560.5	-581.5
drug_361	-444	-550	-569.5	-430.5	-425	-581.5
drug_362	-444	573	633	488	560.5	-581.5
drug_363	-444	-550	-569.5	-430.5	-393	-581.5
drug_364	-444	-550	-569.5	-430.5	-383.5	-581.5
drug_365	-444	573	633	488	560.5	-581.5
drug_366	-714.5	-745.5	-718.5	353	-739	502
drug_367	-685	-704	-450	307	-648	-466.5
drug_368	-444	-550	-569.5	-430.5	-605	-581.5
drug_369	-444	573	633	488	-488	-581.5
drug_37	-1097.5	-1043.5	1025	870	-1046	744
drug_370	-291	-370	565.5	318.5	-766	-721.5
drug_371	-444	573	633	488	470	-581.5
drug_372	-764	-767	368.5	-685.5	-816	-831.5
drug_373	-714.5	-745.5	-718.5	403	-526.5	-411
drug_374	-714.5	-745.5	-718.5	403	-622	-411
drug_375	-685	-704	-395	556	-296	-296.5
drug_376	-221.5	-244.5	405	327	321	535
drug_377	-750	-724	-773.5	-676	-334	-290
drug_378	-714.5	-745.5	-718.5	403	-612	-411
drug_379	-444	573	633	488	-539.5	-581.5
drug_38	-1080.5	-958.5	728	927	-623	-543.5
drug_380	507.5	387.5	-351.5	754.5	494.5	450.5
drug_381	761.5	762.5	760.5	851.5	-781.5	-732.5
drug_382	767.5	768.5	738.5	853.5	-712.5	-858
drug_383	750.5	756.5	757.5	844.5	-875	732.5
drug_384	764.5	758.5	749.5	847.5	-861	-732.5
drug_385	560.5	308.5	-351.5	-612.5	-400.5	602.5
drug_386	413.5	-244.5	-299	654.5	-331.5	590.5
drug_387	-291	408.5	481.5	-587	516	410.5
drug_388	560.5	308.5	-241	763.5	630.5	-320
drug_389	614	665	-569.5	681	791.5	-765
drug_39	-791.5	-869.5	954.5	-778.5	-894	-849.5
drug_390	662.5	642.5	-569.5	783.5	889.5	-765
drug_391	581.5	435.5	-569.5	556	538	-765
drug_392	766.5	767.5	747.5	852.5	-705.5	-825
drug_393	-444	-550	-569.5	-430.5	-539.5	-581.5
drug_394	-444	-550	-569.5	-430.5	-622.5	-581.5
drug_395	-444	573	633	488	560.5	-581.5
drug_396	533.5	-550	-569.5	711.5	-685.5	-581.5
drug_397	-291	408.5	435	587.5	226	588
drug_398	581.5	435.5	-351.5	754.5	509.5	518
drug_399	581.5	435.5	-569.5	556	680	-765
drug_4	473	340	445	348	-570.5	-815.5
drug_40	-1062	-1065	-1038	667.5	-998.5	702.5
drug_400	669.5	418.5	-569.5	731.5	815.5	-765
drug_401	-757.5	-718.5	-761.5	-721	174.5	-281
drug_402	560.5	308.5	-351.5	-612.5	660.5	655
drug_403	684	330	-226.5	730.5	508.5	-837
drug_404	445	-244.5	-299	590.5	-215.5	-393.5
drug_405	473	-370	-569.5	584.5	562.5	-765
drug_406	662.5	642.5	-569.5	783.5	566	-765
drug_407	-221.5	271	473.5	291.5	-770	-730.5
drug_408	405.5	199.5	-379.5	339.5	316.5	670.5
drug_409	456.5	253.5	-324.5	320.5	-769	-730.5
drug_41	-1032.5	-1023.5	-714.5	990.5	-685.5	-564.5
drug_410	652.5	281.5	-324.5	355.5	595.5	-822
drug_411	413.5	231.5	-685.5	-332	538.5	-737
drug_412	-243	-193	-311.5	292.5	168.5	-380
drug_413	551.5	223.5	-685.5	380.5	594.5	-737
drug_414	-347.5	-213.5	-379.5	-327.5	-158.5	533
drug_415	473	340	445	348	526	-815.5
drug_416	413.5	231.5	-685.5	-332	215	-737
drug_417	413.5	231.5	-685.5	-332	213	-737
drug_418	-347.5	-213.5	388.5	293.5	-499.5	-692
drug_419	581.5	435.5	-423.5	561.5	536.5	-690
drug_42	-1032.5	-1023.5	-714.5	990.5	-712	-564.5
drug_420	456.5	253.5	325	357	496.5	-686
drug_421	473	340	445	348	395.5	-815.5
drug_422	634	332	-413.5	559.5	671.5	-815.5
drug_423	456.5	253.5	325	357	687.5	-686
drug_424	-599.5	-428.5	491	-670.5	-792	-848.5
drug_425	614	665	-569.5	681	649.5	-765
drug_426	684	330	-218	793.5	618.5	663.5
drug_427	-546.5	-293.5	-685.5	-325.5	-211	-493.5
drug_428	-546.5	-293.5	-685.5	-325.5	-408.5	-493.5
drug_429	-546.5	387.5	-746	-641	572.5	-700
drug_43	-1032.5	-1023.5	-714.5	684.5	-707	851.5
drug_430	614	665	-569.5	681	649.5	-765
drug_431	-221.5	-244.5	441	325	-469	-433
drug_432	413.5	231.5	-685.5	-332	488.5	-737
drug_433	551.5	223.5	-685.5	380.5	459.5	-737
drug_434	662.5	642.5	-569.5	783.5	699.5	-765
drug_435	-569	-448	-746	-625	539.5	653.5
drug_436	-221.5	-244.5	441	325	-388.5	-433
drug_437	533.5	-550	-569.5	711.5	-685.5	-581.5
drug_438	-444	573	633	488	-737	-581.5
drug_439	533.5	-550	-569.5	711.5	-672.5	-581.5
drug_44	1015.5	933.5	1023	990.5	-664.5	-655
drug_440	-444	573	633	488	-605	-581.5
drug_441	533.5	-550	-569.5	711.5	798.5	-581.5
drug_442	-291	408.5	481.5	-587	-357	410.5
drug_443	533.5	-550	-569.5	711.5	-737	-581.5
drug_444	-256.5	383.5	445.5	-701.5	306	-772.5
drug_445	-256.5	383.5	445.5	-701.5	306	-772.5
drug_446	346	-360.5	-380	899	441	-772.5
drug_447	-444	573	633	488	-488	-581.5
drug_448	533.5	-550	-569.5	711.5	757	-581.5
drug_449	-444	573	633	488	-685.5	-581.5
drug_45	-1088	-1004	880.5	910.5	-760	-585.5
drug_450	507.5	387.5	-351.5	743	565.5	659.5
drug_451	-444	573	633	488	511.5	-581.5
drug_452	988.5	1065.5	-990.5	-995.5	1000	1000.5
drug_453	738.5	751.5	-769.5	814.5	746	-808
drug_454	-444	573	633	488	610.5	-581.5
drug_455	533.5	-550	-569.5	711.5	-784	-581.5
drug_456	-444	573	633	488	-656.5	-581.5
drug_457	-444	573	633	488	-622.5	-581.5
drug_458	738.5	751.5	-769.5	814.5	746	-808
drug_459	738.5	751.5	-769.5	814.5	746	-808
drug_46	853	-869.5	-889	976	923	881
drug_460	-444	573	633	488	-425	-581.5
drug_461	-444	573	633	488	-425	-581.5
drug_462	507.5	387.5	-351.5	743	437	659.5
drug_463	738.5	751.5	-769.5	814.5	-883	-808
drug_464	533.5	-550	-569.5	711.5	606.5	-581.5
drug_465	744	745	-763.5	824	892.5	765
drug_466	933.5	895.5	-889	945.5	991.5	-1033
drug_467	957.5	702.5	721	-1014	823	-981
drug_468	996.5	917.5	704.5	-1060.5	-1032.5	-1120.5
drug_469	-791.5	-869.5	954.5	-778.5	-894	-849.5
drug_47	-1097.5	-1043.5	1025	870	-1072.5	744
drug_470	933.5	895.5	-889	945.5	1034.5	-1033
drug_471	853	-869.5	-889	976	921.5	881
drug_472	933.5	895.5	-889	945.5	957	-1033
drug_473	933.5	895.5	-889	945.5	959	-1033
drug_474	853	-869.5	-889	976	930	881
drug_475	-964.5	-966.5	868	-1053	-1116.5	-1110
drug_476	853	-869.5	-889	976	969.5	881
drug_477	957.5	702.5	721	-1014	821.5	-981
drug_478	972	-613	-586.5	1029	909.5	-981
drug_479	933.5	895.5	-889	945.5	991.5	-1033
drug_48	681.5	467.5	231.5	777.5	682.5	-802.5
drug_480	982	873	-889	1048	1066.5	-1033
drug_481	933.5	895.5	-889	945.5	1012.5	-1033
drug_482	-916.5	-767.5	876	-1007	-684.5	833
drug_483	-791.5	-869.5	954.5	-778.5	-804.5	-849.5
drug_484	-791.5	-869.5	954.5	-778.5	-861	-849.5
drug_485	982	873	-889	1048	1027	-1033
drug_486	1017	927	-610	-1060.5	1078.5	-1120.5
drug_487	996.5	917.5	704.5	-1060.5	-1056	-1120.5
drug_488	933.5	895.5	-889	945.5	1020.5	-1033
drug_489	933.5	895.5	-889	945.5	1012.5	-1033
drug_49	423	-370	375.5	-587	253	526.5
drug_490	933.5	895.5	-889	945.5	1012.5	-1033
drug_491	-964.5	-966.5	868	-1053	-1108	-1110
drug_492	853	-869.5	-889	976	969.5	881
drug_493	-638.5	-689.5	803	-935	654.5	731
drug_494	953.5	-613	-586.5	-1014	848.5	-981
drug_495	-791.5	-869.5	954.5	-778.5	-945.5	-849.5
drug_496	1085	1000	1089	1113	1096.5	-1125
drug_5	581.5	435.5	-351.5	754.5	516	518
drug_50	638	472	379.5	-717.5	728.5	-802.5
drug_51	-685	-704	-395	363	354	629
drug_52	-444	573	633	488	418.5	-581.5
drug_53	533.5	-550	-569.5	711.5	473	-581.5
drug_54	-714.5	-745.5	-718.5	403	-517.5	-411
drug_55	533.5	-550	-569.5	711.5	598	-581.5
drug_56	-714.5	-745.5	-718.5	403	-739	-411
drug_57	-714.5	-745.5	-718.5	639.5	-809.5	642
drug_58	-774.5	-774.5	-776	826	943.5	773
drug_59	-685	-704	-395	363	-296	629
drug_6	456.5	253.5	272	363	-415	-686
drug_60	-546.5	319	390.5	-663	-305.5	-314
drug_61	-774.5	-774.5	-776	826	944.5	773
drug_62	-771.5	736.5	-765.5	822.5	739.5	768.5
drug_63	-714.5	-745.5	-718.5	403	-507.5	-411
drug_64	-714.5	-745.5	-718.5	639.5	687.5	642
drug_65	644	693	546.5	-705	-869.5	-842
drug_66	-714.5	-745.5	-718.5	563	-612	687
drug_67	744	745	-763.5	824	891.5	765
drug_68	-714.5	-745.5	-718.5	353	-819.5	502
drug_69	652.5	-647	409.5	-705	-869.5	-842
drug_7	-685	-704	-450	307	-645.5	-466.5
drug_70	-714.5	-745.5	-718.5	403	-622	-411
drug_71	-714.5	-745.5	-718.5	639.5	-828.5	642
drug_72	481	-213.5	239.5	-519.5	-191.5	394.5
drug_73	-770.5	-690.5	214.5	-729	-840	-798
drug_74	669.5	-458	327.5	-728	-661.5	-826
drug_75	-764	-767	368.5	-685.5	-888.5	-831.5
drug_76	507.5	387.5	-351.5	743	707.5	659.5
drug_77	-714.5	-745.5	-718.5	403	-605.5	-411
drug_78	-764	-767	368.5	-685.5	-812	-831.5
drug_79	581.5	-550	-569.5	598.5	-685.5	638
drug_8	456.5	253.5	272	363	-337.5	-686
drug_80	-714.5	-745.5	-718.5	639.5	734.5	642
drug_81	-714.5	-745.5	-718.5	403	-622	-411
drug_82	-444	573	633	488	-605	-581.5
drug_83	738.5	751.5	-769.5	814.5	-886	-808
drug_84	738.5	751.5	-769.5	814.5	-685.5	-808
drug_85	533.5	-550	-569.5	711.5	-488	-581.5
drug_86	507.5	387.5	-351.5	743	565.5	659.5
drug_87	423	-370	375.5	-587	253	526.5
drug_88	507.5	387.5	-351.5	743	710.5	659.5
drug_89	533.5	-550	-569.5	711.5	748.5	-581.5
drug_9	-740.5	-684.5	-231	-519.5	-459.5	-283.5
drug_90	-444	-550	-569.5	-430.5	-488	-581.5
drug_91	-444	-550	-569.5	-430.5	-622.5	-581.5
drug_92	-291	408.5	481.5	-587	324	410.5
drug_93	533.5	-550	-569.5	711.5	757	-581.5
drug_94	560.5	-370	-351.5	621.5	710	694
drug_95	-569	458	554.5	-659	-431.5	512.5
drug_96	-291	408.5	481.5	-587	-374	410.5
drug_97	-444	573	633	488	-685.5	-581.5
drug_98	-291	408.5	481.5	-587	477.5	410.5
drug_99	560.5	-370	-351.5	621.5	503.5	694
