ad	density	cc	spath	eigencentr	betwcentr
Acebutolol	743	854	-562.5	776	624.5	-594.5
Acetylsalicylic_acid	506.5	780.5	748	579.5	725.5	-594.5
Alprenolol	506.5	780.5	748	579.5	725.5	-594.5
Amiloride	506.5	780.5	748	579.5	-737.5	-594.5
Amlodipine	-719.5	-866.5	748	-737.5	527.5	-837.5
Atenolol	506.5	780.5	748	579.5	725.5	-594.5
Atorvastatin	506.5	780.5	748	579.5	685.5	-594.5
Benazepril	-715.5	780.5	748	579.5	670.5	-846.5
Bendroflumethiazide	506.5	780.5	748	579.5	877.5	-594.5
Betaxolol	933.5	-876	-808	-806	-815.5	-926
Bezafibrate	506.5	780.5	748	579.5	1061	-594.5
Bisoprolol	796.5	909.5	833	777.5	849.5	841.5
Bumetanide	-472.5	-623.5	-562.5	-489.5	-635	-594.5
Canrenoic_acid	506.5	780.5	748	579.5	884	-594.5
Captopril	506.5	780.5	748	579.5	960.5	-594.5
Carteolol	506.5	780.5	748	579.5	772	-594.5
Carvedilol	-472.5	-623.5	-562.5	-489.5	853.5	731.5
Cerivastatin	506.5	780.5	748	579.5	-1017.5	-594.5
Chlorhexidine	506.5	780.5	748	579.5	685.5	-594.5
Chlorthalidone	793	-872.5	748	-740.5	-958	-840.5
Cilnidipine	506.5	780.5	748	579.5	-593	-594.5
Cilostazol	506.5	780.5	748	579.5	772	-594.5
Clofibrate	506.5	780.5	748	579.5	938	-594.5
Clopidogrel	506.5	780.5	748	579.5	-724.5	-594.5
Cyclopenthiazide	506.5	780.5	748	579.5	772	-594.5
Digoxin	506.5	780.5	748	579.5	-812.5	-594.5
Dipyridamole	506.5	780.5	748	579.5	-897	-594.5
Dobutamine	506.5	780.5	748	579.5	1007	-594.5
Dopamine	506.5	780.5	748	579.5	658	-594.5
Enalapril	506.5	780.5	748	579.5	-752.5	-594.5
Eprosartan	-472.5	-623.5	638.5	-489.5	-593	699
Esmolol	506.5	780.5	748	579.5	1061	-594.5
Etacrynic_acid	506.5	780.5	748	579.5	-812.5	-594.5
Etilefrine	506.5	780.5	748	579.5	685.5	-594.5
Ezetimibe	506.5	780.5	748	579.5	772	-594.5
Felodipine	506.5	780.5	748	579.5	-752.5	-594.5
Fenofibrate	506.5	780.5	748	579.5	658	-594.5
Fenoldopam	506.5	780.5	748	579.5	-812.5	-594.5
Gemfibrozil	506.5	780.5	748	579.5	567.5	-594.5
Hydroflumethiazide	781.5	873.5	872.5	764	1100.5	846
Iloprost	506.5	780.5	748	579.5	-928	-594.5
Indapamide	506.5	780.5	748	579.5	725.5	-594.5
Irbesartan	506.5	780.5	748	579.5	905.5	-594.5
Isradipine	506.5	780.5	748	579.5	670.5	-594.5
Labetalol	506.5	780.5	748	579.5	-679	-594.5
Losartan	506.5	780.5	748	579.5	725.5	-594.5
Lovastatin	506.5	780.5	748	579.5	-752.5	-594.5
Menadione	838.5	-882.5	-815.5	-743.5	-1151.5	-924.5
Mephentermine	506.5	780.5	748	579.5	772	-594.5
Metolazone	506.5	780.5	748	579.5	877.5	-594.5
Metoprolol	506.5	780.5	748	579.5	909.5	-594.5
Midodrine	506.5	780.5	748	579.5	649	-594.5
Milrinone	796.5	909.5	833	777.5	1000.5	841.5
Moexipril	506.5	780.5	748	579.5	960.5	-594.5
Nadolol	506.5	780.5	748	579.5	920.5	-594.5
Niacin	-838	-844	-562.5	658	822.5	589
Nicardipine	793	-876	-808	-806	-992	-926
Nicotinyl_alcohol	506.5	780.5	748	579.5	-593	-594.5
Nifedipine	506.5	780.5	748	579.5	1014.5	-594.5
Nimodipine	506.5	780.5	748	579.5	725.5	-594.5
Nitrendipine	-472.5	-623.5	-562.5	-489.5	-593	-594.5
Nitrofural	506.5	780.5	748	579.5	-737.5	-594.5
Olmesartan	506.5	780.5	748	579.5	-593	-594.5
Ouabain	506.5	780.5	748	579.5	960.5	-594.5
Oxprenolol	506.5	780.5	748	579.5	685.5	-594.5
Perindopril	770	857	-562.5	807.5	644.5	786
Pindolol	843.5	-871.5	748	-744.5	1035	-841.5
Piretanide	506.5	780.5	748	579.5	788.5	-594.5
Practolol	506.5	780.5	748	579.5	725.5	-594.5
Pravastatin	506.5	780.5	748	579.5	670.5	-594.5
Probucol	506.5	780.5	748	579.5	960.5	-594.5
Propranolol	506.5	780.5	748	579.5	-724.5	-594.5
Quinapril	647	650	591.5	723	-752.5	629
Quinethazone	506.5	780.5	748	579.5	-1017.5	-594.5
Ramipril	506.5	780.5	748	579.5	1061	-594.5
Rivaroxaban	506.5	780.5	748	579.5	869.5	-594.5
Rosuvastatin	783	888	836.5	815	962.5	851
Simvastatin	736	701	-562.5	-489.5	1026.5	669
Sotalol	-716.5	780.5	748	-732.5	658	-842.5
Spironolactone	506.5	780.5	748	579.5	725.5	-594.5
Synephrine	791	908	873.5	-768.5	844.5	845
Telmisartan	506.5	780.5	748	579.5	725.5	-594.5
Ticlopidine	506.5	780.5	748	579.5	685.5	-594.5
Tienilic_acid	506.5	780.5	748	579.5	-972	-594.5
Timolol	506.5	780.5	748	579.5	772	-594.5
Torasemide	506.5	780.5	748	579.5	-812.5	-594.5
Treprostinil	506.5	780.5	748	579.5	877.5	-594.5
Triamterene	506.5	780.5	748	579.5	877.5	-594.5
Valsartan	-722.5	-870.5	516	-739.5	-810.5	-838.5
Warfarin	506.5	780.5	748	579.5	909.5	-594.5
drug_1	793	493	748	-741.5	-1076.5	-843.5
drug_10	-472.5	-623.5	-562.5	-489.5	-972	783.5
drug_100	763	-623.5	-562.5	-489.5	861.5	849
drug_101	704.5	-623.5	-562.5	675.5	-752.5	-594.5
drug_102	704.5	-623.5	-562.5	675.5	-564	-594.5
drug_103	771.5	693.5	-562.5	-489.5	801.5	843.5
drug_104	-472.5	-623.5	-562.5	-489.5	-593	689.5
drug_105	704.5	-623.5	-562.5	675.5	-593	-594.5
drug_106	704.5	-623.5	-562.5	675.5	496.5	-594.5
drug_107	704.5	-623.5	-562.5	675.5	491.5	-594.5
drug_108	704.5	-623.5	-562.5	675.5	-593	-594.5
drug_109	-472.5	-623.5	-562.5	-489.5	-403.5	689.5
drug_11	506.5	780.5	748	579.5	670.5	-594.5
drug_110	647	650	591.5	723	-812.5	629
drug_111	647	650	591.5	723	-768.5	629
drug_112	647	650	591.5	723	-593	629
drug_113	810	881	840.5	837.5	805.5	877
drug_114	647	650	591.5	723	-679	629
drug_115	-472.5	-623.5	-562.5	-489.5	383	770
drug_116	-472.5	-623.5	-562.5	-489.5	-593	770
drug_117	647	650	591.5	723	-593	629
drug_118	-472.5	-623.5	-562.5	-489.5	618	770
drug_119	-830	875	-562.5	831	806.5	860
drug_12	767	866	824.5	345	821.5	-850.5
drug_120	647	650	591.5	723	-768.5	629
drug_121	647	650	591.5	723	-593	629
drug_122	506.5	780.5	748	579.5	685.5	-594.5
drug_123	647	650	591.5	723	-768.5	629
drug_124	647	650	591.5	723	-752.5	629
drug_125	647	650	591.5	723	-812.5	629
drug_126	647	650	591.5	723	850.5	629
drug_127	-472.5	-623.5	634.5	-489.5	778	-594.5
drug_128	-757.5	399	-562.5	-768.5	546.5	811
drug_129	-472.5	-623.5	-562.5	-489.5	622	770
drug_13	506.5	780.5	748	579.5	725.5	-850.5
drug_130	-472.5	-623.5	-562.5	-489.5	542	770
drug_131	647	650	591.5	723	-593	629
drug_132	-472.5	-623.5	634.5	-489.5	-752.5	-594.5
drug_133	-472.5	-623.5	-562.5	-489.5	-768.5	770
drug_134	506.5	780.5	748	579.5	725.5	-594.5
drug_135	647	650	591.5	723	810.5	629
drug_136	583	-623.5	-562.5	-489.5	574.5	810
drug_137	-472.5	-623.5	-562.5	-489.5	-437.5	770
drug_138	647	650	591.5	723	-752.5	629
drug_139	-472.5	-623.5	-562.5	-489.5	668.5	770
drug_14	506.5	780.5	748	579.5	-928	-594.5
drug_140	-472.5	-623.5	-562.5	-489.5	-737.5	770
drug_141	647	650	591.5	723	686	629
drug_142	-757.5	600.5	-562.5	799.5	419	522.5
drug_143	647	650	591.5	723	534	629
drug_144	778	856	-562.5	-768.5	793.5	761
drug_145	-757.5	449.5	-562.5	772	306	753
drug_146	-757.5	449.5	-562.5	772	541	753
drug_147	-757.5	600.5	-562.5	799.5	645	522.5
drug_148	-757.5	600.5	-562.5	799.5	594	522.5
drug_149	-757.5	600.5	-562.5	799.5	-360	522.5
drug_15	506.5	780.5	748	579.5	956	-850.5
drug_150	-757.5	600.5	-562.5	799.5	410	522.5
drug_151	-757.5	449.5	-562.5	772	490	753
drug_152	-472.5	-623.5	-562.5	-489.5	-897	799.5
drug_153	-757.5	600.5	-562.5	799.5	-391	522.5
drug_154	647	650	591.5	723	810.5	629
drug_155	-757.5	600.5	-562.5	799.5	416.5	522.5
drug_156	506.5	780.5	748	579.5	685.5	-594.5
drug_157	-757.5	701	652	784.5	608	494.5
drug_158	-757.5	701	652	784.5	603	494.5
drug_159	-757.5	600.5	-562.5	799.5	645	522.5
drug_16	506.5	780.5	748	579.5	567.5	-594.5
drug_160	-757.5	600.5	-562.5	799.5	414	522.5
drug_161	-757.5	600.5	-562.5	799.5	649	522.5
drug_162	-757.5	600.5	-562.5	799.5	-406.5	522.5
drug_163	-757.5	449.5	-562.5	772	490	753
drug_164	647	650	591.5	723	575.5	629
drug_165	647	650	591.5	723	-593	629
drug_166	-757.5	600.5	-562.5	799.5	416.5	522.5
drug_167	-757.5	449.5	-562.5	772	-406.5	753
drug_168	-757.5	600.5	-562.5	799.5	410	522.5
drug_169	-757.5	600.5	-562.5	799.5	410	522.5
drug_17	506.5	780.5	748	579.5	959.5	-850.5
drug_170	647	650	591.5	723	-752.5	629
drug_171	506.5	780.5	748	579.5	685.5	-594.5
drug_172	506.5	780.5	748	579.5	909.5	-594.5
drug_173	506.5	780.5	748	579.5	960.5	-594.5
drug_174	506.5	780.5	748	579.5	-972	-594.5
drug_175	-757.5	650	-562.5	-768.5	584.5	697
drug_176	-472.5	-623.5	-562.5	-489.5	615	731.5
drug_177	-472.5	-623.5	-562.5	-489.5	736	-594.5
drug_178	506.5	780.5	748	579.5	960.5	-594.5
drug_179	506.5	780.5	748	579.5	788.5	-594.5
drug_18	506.5	780.5	748	579.5	658	-850.5
drug_180	-472.5	-623.5	-562.5	-489.5	-812.5	-594.5
drug_181	-472.5	-623.5	-562.5	-489.5	-752.5	-594.5
drug_182	506.5	780.5	748	579.5	725.5	-594.5
drug_183	-472.5	-623.5	-562.5	-489.5	615	731.5
drug_184	506.5	780.5	748	579.5	725.5	-594.5
drug_185	-472.5	-623.5	-562.5	-489.5	-752.5	-594.5
drug_186	506.5	780.5	748	579.5	725.5	-594.5
drug_187	-472.5	-623.5	-562.5	-489.5	-593	-594.5
drug_188	506.5	780.5	748	579.5	772	-594.5
drug_189	506.5	780.5	748	579.5	772	-594.5
drug_19	506.5	780.5	748	579.5	-812.5	-594.5
drug_190	-472.5	-623.5	-562.5	-489.5	744	-594.5
drug_191	583.5	-376.5	375	-246.5	-309.5	1037.5
drug_192	-472.5	-623.5	-562.5	-489.5	-593	-594.5
drug_193	-472.5	-623.5	-562.5	-489.5	-768.5	-594.5
drug_194	506.5	780.5	748	579.5	-812.5	-594.5
drug_195	-472.5	-623.5	-562.5	-489.5	-768.5	731.5
drug_196	506.5	780.5	748	579.5	670.5	-594.5
drug_197	-472.5	-623.5	-562.5	-489.5	752	-594.5
drug_198	-472.5	-623.5	-562.5	-489.5	909.5	731.5
drug_199	506.5	780.5	748	579.5	1014.5	-594.5
drug_2	506.5	780.5	748	579.5	772	-594.5
drug_20	506.5	780.5	748	579.5	877.5	-850.5
drug_200	506.5	780.5	748	579.5	920.5	-594.5
drug_201	-472.5	-623.5	634.5	-489.5	-752.5	-594.5
drug_202	814	902	854.5	841	818	874
drug_203	-472.5	-623.5	634.5	-489.5	885.5	-594.5
drug_204	814	902	854.5	841	818	874
drug_205	506.5	780.5	748	579.5	1007	-594.5
drug_206	823	921	868.5	846	1143.5	881
drug_207	506.5	780.5	748	579.5	-928	-594.5
drug_208	-757.5	464	-562.5	-768.5	629.5	322
drug_209	-472.5	-623.5	-562.5	-489.5	463	-594.5
drug_21	506.5	780.5	748	579.5	658	-594.5
drug_210	823	921	868.5	846	852	881
drug_211	-472.5	-623.5	-562.5	-489.5	-679	-594.5
drug_212	506.5	780.5	748	579.5	670.5	-594.5
drug_213	506.5	780.5	748	579.5	960.5	-594.5
drug_214	803	896	857.5	835	992	887
drug_215	-472.5	-623.5	-562.5	-489.5	-613.5	758.5
drug_216	823	921	868.5	846	1002.5	881
drug_217	803	896	857.5	835	682	887
drug_218	-472.5	-623.5	-562.5	-489.5	-768.5	758.5
drug_219	823	921	868.5	846	1087	881
drug_22	838.5	-874.5	748	-818.5	-1079.5	-855.5
drug_220	823	921	868.5	846	854.5	881
drug_221	-830	886	837.5	837.5	808.5	885
drug_222	803	896	857.5	835	841.5	887
drug_223	787.5	871.5	849.5	833	803.5	859
drug_224	-472.5	-623.5	634.5	-489.5	829	-594.5
drug_225	-472.5	-623.5	-562.5	-489.5	-737.5	-594.5
drug_226	-472.5	-623.5	-562.5	-489.5	615	-594.5
drug_227	506.5	780.5	748	579.5	1007	-594.5
drug_228	-472.5	-623.5	-562.5	-489.5	-364	758.5
drug_229	-472.5	-623.5	-562.5	-489.5	-737.5	780
drug_23	-757.5	650	-562.5	-768.5	820.5	697
drug_230	814	902	854.5	841	819.5	874
drug_231	-472.5	-623.5	-562.5	-489.5	-593	-594.5
drug_232	-472.5	-623.5	-562.5	-489.5	615	731.5
drug_233	506.5	780.5	748	579.5	960.5	-594.5
drug_234	-472.5	-623.5	-562.5	-489.5	-752.5	799.5
drug_235	-472.5	-623.5	-562.5	-489.5	-812.5	799.5
drug_236	-472.5	-623.5	-562.5	-489.5	-583.5	836
drug_237	-472.5	-623.5	-562.5	-489.5	-593	-594.5
drug_238	-472.5	-623.5	-562.5	-489.5	-737.5	770
drug_239	-472.5	-623.5	-562.5	-489.5	618	770
drug_24	835	-869.5	748	-809.5	449	-928.5
drug_240	-472.5	-623.5	-562.5	-489.5	-679	770
drug_241	647	650	591.5	723	744.5	629
drug_242	-472.5	-623.5	-562.5	-489.5	-752.5	836
drug_243	-472.5	-623.5	-562.5	-489.5	-737.5	770
drug_244	647	650	591.5	723	-593	629
drug_245	-472.5	-623.5	-562.5	-489.5	-737.5	-594.5
drug_246	647	650	591.5	723	769	629
drug_247	647	650	591.5	723	-623	629
drug_248	-472.5	-623.5	-562.5	-489.5	-1017.5	799.5
drug_249	-757.5	534.5	-562.5	-768.5	-360	535
drug_25	803	896	862	819	1063.5	891.5
drug_250	506.5	780.5	748	579.5	909.5	-594.5
drug_251	-472.5	-623.5	-562.5	-489.5	-593	-594.5
drug_252	647	650	591.5	723	-593	629
drug_253	506.5	780.5	748	579.5	-752.5	-594.5
drug_254	-472.5	-623.5	-562.5	-489.5	-1017.5	799.5
drug_255	647	650	591.5	723	759.5	629
drug_256	-472.5	-623.5	-562.5	-489.5	-752.5	836
drug_257	-472.5	-623.5	-562.5	-489.5	-737.5	836
drug_258	-472.5	-623.5	-562.5	-489.5	-858	770
drug_259	-472.5	-623.5	-562.5	-489.5	679	770
drug_26	810	881	844	824.5	1123.5	901.5
drug_260	-472.5	-623.5	-562.5	-489.5	-364	788
drug_261	-757.5	364	-562.5	-768.5	-323.5	745
drug_262	-472.5	-623.5	667	-489.5	-593	676.5
drug_263	-757.5	364	-562.5	-768.5	-323.5	745
drug_264	-757.5	364	-562.5	-768.5	301	745
drug_265	-830	399	-562.5	-833.5	494.5	820.5
drug_266	-757.5	364	-562.5	-768.5	-323.5	745
drug_267	-757.5	480	642	-768.5	631.5	703.5
drug_268	-1078.5	-660.5	-817.5	-1095.5	-620.5	-652.5
drug_269	-472.5	-623.5	667	-489.5	-858	676.5
drug_27	810	881	844	824.5	831.5	901.5
drug_270	-757.5	364	-562.5	-768.5	-534	745
drug_271	-757.5	396	-562.5	-768.5	640.5	812
drug_272	-757.5	364	-562.5	-768.5	533	745
drug_273	506.5	780.5	748	579.5	1014.5	-594.5
drug_274	-757.5	364	-562.5	-768.5	302.5	745
drug_275	-757.5	364	-562.5	-768.5	582.5	745
drug_276	-830	600.5	-562.5	-833.5	421.5	724.5
drug_277	-757.5	364	-562.5	-768.5	295.5	745
drug_278	583	480	642	-516.5	684.5	703.5
drug_279	-830	345.5	-562.5	-833.5	-291	514.5
drug_28	-472.5	-623.5	-562.5	-489.5	732.5	816.5
drug_280	-757.5	480	642	-768.5	-483	703.5
drug_281	-757.5	480	642	-768.5	397.5	703.5
drug_282	-830	345.5	-562.5	-833.5	567	514.5
drug_283	-757.5	511.5	-562.5	-768.5	529.5	509.5
drug_284	-757.5	480	642	-768.5	399.5	703.5
drug_285	-793.5	-945.5	-817.5	861.5	-824	-931.5
drug_286	-1078.5	-660.5	-817.5	-1095.5	-637.5	-652.5
drug_287	-1148.5	-521.5	-814	-1158	-525	-591
drug_288	-757.5	480	642	-768.5	-590.5	703.5
drug_289	-1091.5	-666.5	-811.5	-1101.5	-622	1014
drug_29	506.5	780.5	748	579.5	-752.5	-594.5
drug_290	933.5	-913	-850	1005	-864.5	-892
drug_291	933.5	-913	-850	1005	-881.5	-892
drug_292	933.5	-913	-850	1005	-849	-892
drug_293	933.5	-913	-850	1005	-881.5	-892
drug_294	933.5	-913	-850	1005	-1054	-892
drug_295	933.5	-913	-850	1005	-864.5	-892
drug_296	1066	-628	-850	652.5	-713	-1121
drug_297	1066	-628	-850	652.5	-696	-1121
drug_298	793	-913	-850	861.5	-841	-892
drug_299	1070.5	-628	-850	1109	-680.5	-1121
drug_3	1053.5	-868.5	824.5	-736.5	633.5	1082
drug_30	829.5	913.5	847.5	851	857.5	896
drug_300	1072	-628	-850	1110.5	-668.5	-1121
drug_301	933.5	-913	-850	1005	-864.5	-892
drug_302	933.5	-913	-850	1005	-864.5	-892
drug_303	1061.5	-628	-850	640	-696	-1121
drug_304	933.5	-913	-850	1005	-841	-892
drug_305	933.5	-913	-850	1005	-709	-892
drug_306	933.5	-913	-850	1005	-1009	-892
drug_307	933.5	-913	-850	1005	-864.5	-892
drug_308	933.5	-913	-850	1005	-864.5	-892
drug_309	933.5	-913	-850	1005	-830	-892
drug_31	-472.5	-623.5	667	-489.5	-1017.5	676.5
drug_310	933.5	-913	-850	1005	-830	-892
drug_311	933.5	-913	-850	1005	-841	-892
drug_312	933.5	-913	-850	1005	-841	-892
drug_313	793	-913	-850	861.5	-1084	-892
drug_314	933.5	-913	-850	1005	-864.5	-892
drug_315	933.5	-913	-850	1005	-1010	-892
drug_316	933.5	-913	-850	1005	-881.5	-892
drug_317	933.5	-913	-850	1005	-849	-892
drug_318	933.5	-913	-850	1005	-1084	-892
drug_319	933.5	-913	-850	1005	-742.5	-892
drug_32	829.5	913.5	847.5	851	859	896
drug_320	-472.5	-623.5	-562.5	-489.5	-752.5	738
drug_321	-472.5	-623.5	-562.5	-489.5	-613.5	824.5
drug_322	-472.5	-623.5	-562.5	-489.5	667.5	770
drug_323	-472.5	-623.5	-562.5	-489.5	-1068.5	770
drug_324	-472.5	-623.5	-562.5	-489.5	-328.5	-594.5
drug_325	-472.5	-623.5	-562.5	-489.5	-548	824.5
drug_326	-472.5	-623.5	-562.5	-489.5	-812.5	836
drug_327	-472.5	-623.5	-562.5	-489.5	-808.5	689.5
drug_328	-472.5	-623.5	-562.5	-489.5	-858	-594.5
drug_329	-472.5	-623.5	-562.5	-489.5	-593	-594.5
drug_33	803	896	862	819	825.5	891.5
drug_330	-472.5	-623.5	-562.5	-489.5	-752.5	689.5
drug_331	1099	-943.5	824.5	-808.5	-818.5	1095
drug_332	-472.5	-623.5	-562.5	-489.5	-928	738
drug_333	-472.5	-623.5	-562.5	-489.5	-593	-594.5
drug_334	-472.5	-623.5	634.5	-489.5	590.5	-594.5
drug_335	-472.5	-623.5	-562.5	-489.5	-812.5	-594.5
drug_336	-472.5	-623.5	-562.5	-489.5	-679	689.5
drug_337	-757.5	353	-562.5	-768.5	-360	320
drug_338	-472.5	-623.5	-562.5	-489.5	-593	689.5
drug_339	-472.5	-623.5	-562.5	-489.5	-593	689.5
drug_34	506.5	780.5	748	579.5	-737.5	-594.5
drug_340	-472.5	-623.5	-562.5	-489.5	-593	689.5
drug_341	-757.5	342.5	-562.5	-768.5	438.5	318
drug_342	776.5	862.5	831.5	813	846.5	839
drug_343	-757.5	534.5	-562.5	-768.5	640.5	535
drug_344	704.5	-623.5	-562.5	675.5	726.5	-594.5
drug_345	-472.5	-623.5	-562.5	-489.5	-593	738
drug_346	-757.5	390	-562.5	-768.5	553.5	319
drug_347	-472.5	-623.5	-562.5	-489.5	-548	799.5
drug_348	-472.5	-623.5	-562.5	-489.5	-593	-594.5
drug_349	-757.5	701	652	784.5	603	494.5
drug_35	810	881	844	824.5	833.5	901.5
drug_350	781.5	873.5	674.5	819	794.5	862
drug_351	-757.5	511.5	-562.5	-768.5	608.5	509.5
drug_352	-757.5	701	652	784.5	603	494.5
drug_353	-757.5	701	652	784.5	892	494.5
drug_354	-472.5	-623.5	-562.5	-489.5	-593	-594.5
drug_355	-472.5	-623.5	-562.5	-489.5	-752.5	731.5
drug_356	-472.5	-623.5	-562.5	-489.5	692.5	783.5
drug_357	-757.5	701	652	784.5	838	494.5
drug_358	-757.5	534.5	-562.5	-768.5	739.5	756
drug_359	-830	871.5	658.5	830	625.5	861
drug_36	-472.5	-623.5	-562.5	-489.5	-752.5	816.5
drug_360	-830	890.5	829.5	832	993.5	858
drug_361	-757.5	511.5	-562.5	-768.5	373.5	509.5
drug_362	506.5	780.5	748	579.5	842	-594.5
drug_363	-757.5	701	652	784.5	608	494.5
drug_364	-757.5	701	652	784.5	610.5	494.5
drug_365	-757.5	701	652	784.5	608	494.5
drug_366	-830	449.5	-562.5	-833.5	460.5	321
drug_367	-757.5	701	652	784.5	792	494.5
drug_368	-757.5	511.5	-562.5	-768.5	-406.5	509.5
drug_369	-830	600.5	-562.5	-833.5	420.5	724.5
drug_37	595	-623.5	-562.5	498	-897	715
drug_370	-757.5	511.5	-562.5	-768.5	-406.5	509.5
drug_371	-757.5	511.5	-562.5	-768.5	-391	509.5
drug_372	-757.5	511.5	-562.5	-768.5	525.5	509.5
drug_373	-472.5	-623.5	-562.5	-489.5	-897	731.5
drug_374	-757.5	511.5	-562.5	-768.5	-406.5	509.5
drug_375	-757.5	701	652	784.5	603	494.5
drug_376	-757.5	701	652	784.5	599.5	494.5
drug_377	-802.5	-947.5	516	-812.5	-1045	998.5
drug_378	506.5	780.5	748	579.5	725.5	-594.5
drug_379	-472.5	-623.5	-562.5	-489.5	-752.5	-594.5
drug_38	595	-623.5	-562.5	498	-768.5	715
drug_380	-472.5	-623.5	-562.5	-489.5	684	-594.5
drug_381	506.5	780.5	748	579.5	788.5	-594.5
drug_382	-472.5	-623.5	-562.5	-489.5	-520	-594.5
drug_383	595	-623.5	-562.5	498	-737.5	715
drug_384	595	-623.5	-562.5	498	929.5	715
drug_385	-1002.5	511.5	328	-1012.5	737.5	822.5
drug_386	595	-623.5	-562.5	498	923.5	715
drug_387	595	-623.5	-562.5	498	634.5	715
drug_388	595	-623.5	-562.5	498	824.5	715
drug_389	595	-623.5	-562.5	498	-812.5	715
drug_39	-472.5	-623.5	-562.5	-489.5	-593	816.5
drug_390	-472.5	-623.5	-562.5	-489.5	-459.5	-594.5
drug_391	-472.5	-623.5	-562.5	-489.5	-752.5	-594.5
drug_392	-472.5	-623.5	-562.5	-489.5	-737.5	-594.5
drug_393	-472.5	-623.5	-562.5	-489.5	-803.5	-594.5
drug_394	595	-623.5	-562.5	498	-812.5	715
drug_395	506.5	780.5	748	579.5	772	-594.5
drug_396	-472.5	-623.5	-562.5	-489.5	-858	832.5
drug_397	595	-623.5	-562.5	498	-593	715
drug_398	-472.5	-623.5	-562.5	-489.5	-548	-594.5
drug_399	-472.5	-623.5	-562.5	-489.5	-593	-594.5
drug_4	506.5	780.5	748	579.5	1007	-594.5
drug_40	810	881	844	824.5	674.5	901.5
drug_400	595	-623.5	-562.5	498	-803.5	715
drug_401	-1090.5	-664.5	-806.5	-591.5	-722	-1165.5
drug_402	595	-623.5	-562.5	498	-858	715
drug_403	-472.5	-623.5	-562.5	-489.5	-752.5	-594.5
drug_404	595	-623.5	-562.5	498	634.5	715
drug_405	-472.5	-623.5	-562.5	-489.5	589.5	-594.5
drug_406	-472.5	-623.5	-562.5	-489.5	-1017.5	-594.5
drug_407	933.5	-913	-850	1005	-702	-892
drug_408	933.5	-913	-850	1005	-1106	-892
drug_409	-760	-913	-850	-775	-1129.5	-892
drug_41	-472.5	-623.5	-562.5	-489.5	-593	816.5
drug_410	793	-913	-850	861.5	-1084	-892
drug_411	-760	-913	-850	-775	-864.5	-892
drug_412	933.5	-913	-850	1005	-864.5	-892
drug_413	933.5	-913	-850	1005	-1129.5	-892
drug_414	933.5	-913	-850	1005	-864.5	-892
drug_415	-760	-913	-850	-775	-881.5	-892
drug_416	-760	-913	-850	-775	-834.5	-892
drug_417	-760	-913	-850	-775	-1049.5	-892
drug_418	-760	-913	-850	-775	-1084	-892
drug_419	933.5	-913	-850	1005	-1060.5	-892
drug_42	829.5	913.5	847.5	851	859	896
drug_420	-760	-913	-850	-775	-841	-892
drug_421	933.5	-913	-850	1005	-1049.5	-892
drug_422	-760	-913	-850	-775	-864.5	-892
drug_423	-760	-913	-850	-775	-849	-892
drug_424	-760	-913	-850	-775	-1084	-892
drug_425	-760	-913	-850	-775	-864.5	-892
drug_426	-760	-913	-850	-775	-864.5	-892
drug_427	-760	-913	-850	-775	-1068.5	-892
drug_428	933.5	-913	-850	1005	-864.5	-892
drug_429	933.5	-913	-850	1005	-841	-892
drug_43	-472.5	-623.5	-562.5	-489.5	-593	816.5
drug_430	933.5	-913	-850	1005	-849	-892
drug_431	-760	-913	-850	-775	-826.5	-892
drug_432	933.5	-913	-850	1005	-881.5	-892
drug_433	-760	-913	-850	-775	-1026	-892
drug_434	793	-913	-850	861.5	-881.5	-892
drug_435	-760	-913	-850	-775	-841	-892
drug_436	933.5	-913	-850	1005	-1049.5	-892
drug_437	647	650	591.5	723	-593	629
drug_438	647	650	591.5	723	-752.5	629
drug_439	647	650	591.5	723	-858	629
drug_44	595	-623.5	-562.5	498	818.5	715
drug_440	647	650	591.5	723	769	629
drug_441	647	650	591.5	723	718	629
drug_442	506.5	780.5	748	579.5	877.5	-594.5
drug_443	-796.5	-877.5	-810.5	861.5	-817.5	-933.5
drug_444	793	-879	-814	861.5	-1040	-935
drug_445	506.5	780.5	748	579.5	960.5	-850.5
drug_446	-1009.5	247	342.5	-1017.5	161	789
drug_447	829.5	913.5	851.5	855	836.5	871
drug_448	647	650	591.5	723	769	629
drug_449	-757.5	534.5	-562.5	-768.5	352.5	535
drug_45	506.5	780.5	748	579.5	725.5	-594.5
drug_450	647	650	591.5	723	769	629
drug_451	647	650	591.5	723	417.5	629
drug_452	832.5	-873.5	748	-821.5	-812.5	-929.5
drug_453	647	650	591.5	723	-897	629
drug_454	647	650	591.5	723	794.5	629
drug_455	785.5	884.5	828	828.5	799	864.5
drug_456	647	650	591.5	723	-752.5	629
drug_457	829.5	913.5	851.5	855	987.5	871
drug_458	834	904	834.5	857	958.5	869
drug_459	647	650	591.5	723	-593	629
drug_46	-472.5	-623.5	-562.5	-489.5	-593	816.5
drug_460	829.5	913.5	851.5	855	1126.5	871
drug_461	647	650	591.5	723	-752.5	629
drug_462	-757.5	534.5	-562.5	-768.5	-380	535
drug_463	506.5	780.5	748	579.5	-803.5	-594.5
drug_464	647	650	591.5	723	-808.5	629
drug_465	647	650	591.5	723	-593	629
drug_466	595	-623.5	-562.5	498	-668.5	715
drug_467	-729.5	-880.5	-809.5	-735.5	-821.5	-856.5
drug_468	-472.5	-623.5	-562.5	-489.5	-403.5	-594.5
drug_469	-757.5	376.5	-562.5	-768.5	368.5	562.5
drug_47	793	876	841.5	814	1104.5	899
drug_470	838.5	-950.5	-819.5	-810.5	-1109	-923.5
drug_471	818	906	877	810	861.5	856.5
drug_472	506.5	780.5	748	579.5	-1017.5	-594.5
drug_473	-472.5	-623.5	-562.5	-489.5	-737.5	758.5
drug_474	-757.5	376.5	-562.5	-768.5	-566	562.5
drug_475	-757.5	511.5	-562.5	-768.5	792.5	822.5
drug_476	-757.5	650	-562.5	-768.5	738.5	697
drug_477	761.5	-623.5	-562.5	-489.5	-972	-594.5
drug_478	761.5	-623.5	-562.5	-489.5	796	-594.5
drug_479	-472.5	-623.5	-562.5	-489.5	-752.5	-594.5
drug_48	-472.5	-623.5	667	-489.5	-593	676.5
drug_480	-472.5	-623.5	-562.5	-489.5	-545.5	-594.5
drug_481	773.5	858.5	-562.5	330	807.5	831
drug_482	-472.5	-623.5	-562.5	-489.5	636.5	726
drug_483	-472.5	-623.5	-562.5	-489.5	-752.5	-594.5
drug_484	-472.5	-623.5	-562.5	-489.5	-1017.5	-594.5
drug_485	595	-623.5	-562.5	498	918	715
drug_486	-472.5	-623.5	-562.5	-489.5	598	832.5
drug_487	506.5	780.5	748	579.5	909.5	-594.5
drug_488	-472.5	-623.5	-562.5	-489.5	-737.5	781
drug_489	-472.5	-623.5	634.5	-489.5	746	-594.5
drug_49	833	917	839.5	853	842.5	876
drug_490	-472.5	-623.5	-562.5	-489.5	-459.5	-594.5
drug_491	818	906	877	810	1149.5	856.5
drug_492	-472.5	-623.5	-562.5	-489.5	583.5	-594.5
drug_493	-472.5	-623.5	-562.5	-489.5	-593	-594.5
drug_494	1163.5	559.5	874.5	-1013.5	662.5	1129.5
drug_495	595	-623.5	-562.5	498	640.5	715
drug_496	506.5	780.5	748	579.5	-858	-594.5
drug_5	767	866	824.5	-489.5	976	828
drug_50	823	921	868.5	846	696.5	881
drug_51	506.5	780.5	748	579.5	725.5	-594.5
drug_52	-830	906	875.5	-833.5	845.5	850
drug_53	-799.5	-948.5	-812.5	-811.5	-888.5	936
drug_54	-472.5	-623.5	667	-489.5	-579	676.5
drug_55	-472.5	-623.5	667	-489.5	-737.5	676.5
drug_56	-472.5	-623.5	667	-489.5	-972	676.5
drug_57	-472.5	-623.5	667	-489.5	473	676.5
drug_58	506.5	780.5	748	579.5	924	-594.5
drug_59	789	887	879.5	-768.5	1027.5	855
drug_6	506.5	780.5	748	579.5	670.5	-594.5
drug_60	-472.5	-623.5	667	-489.5	-679	676.5
drug_61	794.5	890.5	878.5	807.5	838.5	840
drug_62	-830	860	835.5	-833.5	623.5	898
drug_63	-472.5	-623.5	667	-489.5	-737.5	676.5
drug_64	767	866	824.5	-489.5	821.5	828
drug_65	506.5	780.5	748	579.5	960.5	-594.5
drug_66	-472.5	-623.5	667	-489.5	-593	676.5
drug_67	798	878	838.5	839	631	867
drug_68	506.5	780.5	748	579.5	725.5	-594.5
drug_69	803	896	862	819	828.5	891.5
drug_7	793	-867.5	748	-742.5	529.5	-857.5
drug_70	-472.5	-623.5	-562.5	-489.5	-548	-594.5
drug_71	803	896	862	819	668.5	891.5
drug_72	-472.5	-623.5	-562.5	-489.5	-328.5	788
drug_73	-472.5	-623.5	667	-489.5	-812.5	676.5
drug_74	-472.5	-623.5	667	-489.5	713	676.5
drug_75	823	921	868.5	846	856.5	881
drug_76	803	896	862	819	828.5	891.5
drug_77	776.5	862.5	830.5	408	797.5	863
drug_78	803	896	862	819	1014.5	891.5
drug_79	-1082.5	-596.5	425.5	-1086.5	-618	1072.5
drug_8	506.5	780.5	748	579.5	649	-594.5
drug_80	760	692	821.5	-489.5	986.5	847
drug_81	-472.5	-623.5	-562.5	-489.5	-679	788
drug_82	-472.5	-623.5	-562.5	-489.5	-812.5	689.5
drug_83	-472.5	-623.5	-562.5	-489.5	-593	689.5
drug_84	-472.5	-623.5	-562.5	-489.5	-623	689.5
drug_85	764	855	-562.5	-489.5	1051.5	848
drug_86	704.5	-623.5	-562.5	675.5	-679	-594.5
drug_87	704.5	-623.5	-562.5	675.5	-858	-594.5
drug_88	704.5	-623.5	-562.5	675.5	-858	-594.5
drug_89	771.5	693.5	-562.5	-489.5	1089.5	843.5
drug_9	-472.5	-623.5	-562.5	-489.5	-812.5	783.5
drug_90	704.5	-623.5	-562.5	675.5	496.5	-594.5
drug_91	704.5	-623.5	-562.5	675.5	-593	-594.5
drug_92	-472.5	-623.5	-562.5	-489.5	-679	689.5
drug_93	704.5	-623.5	-562.5	675.5	723	-594.5
drug_94	704.5	-623.5	-562.5	675.5	-768.5	-594.5
drug_95	647	650	591.5	723	575.5	629
drug_96	704.5	-623.5	-562.5	675.5	-858	-594.5
drug_97	506.5	780.5	748	579.5	909.5	-594.5
drug_98	704.5	-623.5	-562.5	675.5	648.5	-594.5
drug_99	773.5	858.5	645.5	-489.5	-928	779
