ad	density	cc	spath	eigencentr	betwcentr
Acebutolol	-399	1097.5	838	-153	1081	1013.5
Acetylsalicylic_acid	-399	1053.5	838	-188.5	1047.5	955.5
Alprenolol	-399	1097.5	838	-188.5	1137	1013.5
Amiloride	-399	1053.5	838	-225.5	1056.5	1057
Amlodipine	338.5	1053.5	838	161.5	1024	955.5
Atenolol	-399	1097.5	838	-188.5	1081	1013.5
Atorvastatin	-399	1097.5	838	-188.5	1081	1013.5
Benazepril	-399	1053.5	838	-188.5	1015.5	1057
Bendroflumethiazide	-399	1053.5	838	161.5	1072	955.5
Betaxolol	-399	1097.5	838	-153	1153.5	1013.5
Bezafibrate	-539	1097.5	838	-356	1063	1013.5
Bisoprolol	-399	-822.5	704.5	235	931.5	-857.5
Bumetanide	-399	1097.5	838	-188.5	1122	1013.5
Canrenoic_acid	-399	1097.5	838	-225.5	1053	1013.5
Captopril	-399	1097.5	838	-188.5	1057.5	1013.5
Carteolol	874.5	1139.5	798.5	640	1132	1118
Carvedilol	-399	1053.5	838	-188.5	1047.5	955.5
Cerivastatin	338.5	1097.5	838	-225.5	1122	1013.5
Chlorhexidine	-399	-822.5	734.5	-188.5	-874	-857.5
Chlorthalidone	-399	1097.5	838	-188.5	1105.5	1013.5
Cilnidipine	-455.5	1053.5	838	-243	1047.5	955.5
Cilostazol	-399	1097.5	838	-225.5	1112.5	1013.5
Clofibrate	-399	1053.5	838	-188.5	1061	1057
Clopidogrel	-399	1097.5	838	-225.5	1081	1013.5
Cyclopenthiazide	-399	1097.5	838	-153	1105.5	1013.5
Digoxin	-563.5	1097.5	838	-359	1081	1013.5
Dipyridamole	-399	1097.5	838	-188.5	1081	1013.5
Dobutamine	-399	1097.5	838	-188.5	1081	1013.5
Dopamine	-399	1097.5	838	-153	1122	1013.5
Enalapril	-399	1097.5	838	-188.5	1105.5	1013.5
Eprosartan	-399	1097.5	838	-153	1057.5	1013.5
Esmolol	-399	1097.5	838	-188.5	1122	1013.5
Etacrynic_acid	-399	1036.5	838	-225.5	922.5	1064
Etilefrine	-399	1097.5	838	-188.5	1081	1013.5
Ezetimibe	-399	1023	838	-188.5	-908.5	1062.5
Felodipine	-399	1053.5	838	-188.5	992	1057
Fenofibrate	-399	1053.5	838	-225.5	1040	1057
Fenoldopam	-399	1097.5	838	-153	1105.5	1013.5
Gemfibrozil	-399	1097.5	838	-188.5	1081	1013.5
Hydroflumethiazide	-399	1097.5	838	-188.5	1081	1013.5
Iloprost	-399	1097.5	838	-188.5	1122	1013.5
Indapamide	-399	1097.5	838	-188.5	1122	1013.5
Irbesartan	-399	-760	705.5	-161.5	-681.5	-884.5
Isradipine	-399	1053.5	838	-188.5	1047.5	955.5
Labetalol	-539	1053.5	838	-95	1015.5	1057
Losartan	-399	1053.5	838	-225.5	1043.5	1057
Lovastatin	-399	1097.5	838	-188.5	1081	1013.5
Menadione	-399	-780.5	703.5	-225.5	-842	-820.5
Mephentermine	-399	1097.5	838	-225.5	1105.5	1013.5
Metolazone	874.5	1095.5	877.5	701	1099.5	1058
Metoprolol	-399	1097.5	838	-188.5	1057.5	1013.5
Midodrine	-399	1053.5	838	-188.5	1015.5	1057
Milrinone	-399	1097.5	838	-153	1081	1013.5
Moexipril	-399	1097.5	838	-153	1057.5	1013.5
Nadolol	-399	1097.5	838	-188.5	1105.5	1013.5
Niacin	-399	1097.5	838	-237.5	1081	1013.5
Nicardipine	-399	1097.5	838	-237.5	1122	1013.5
Nicotinyl_alcohol	-399	1053.5	838	-188.5	1047.5	955.5
Nifedipine	-399	1097.5	838	-225.5	1094.5	1013.5
Nimodipine	872	1138	878.5	236	1162.5	1113
Nitrendipine	-399	1097.5	838	-188.5	1057.5	1013.5
Nitrofural	-399	1097.5	838	-225.5	1122	1013.5
Olmesartan	-399	1097.5	838	-225.5	1105.5	1013.5
Ouabain	-399	1023	838	-188.5	950	976
Oxprenolol	-399	1097.5	838	-188.5	1081	1013.5
Perindopril	-399	-822.5	797	-188.5	-844.5	1057
Pindolol	-399	1097.5	838	-188.5	1112.5	1013.5
Piretanide	-539	1036.5	838	-339.5	947	1064
Practolol	-399	1097.5	838	-188.5	1122	1013.5
Pravastatin	-399	1097.5	838	-188.5	1122	1013.5
Probucol	-399	1097.5	838	-188.5	1094.5	1013.5
Propranolol	-399	1097.5	838	-153	1122	1013.5
Quinapril	-399	1053.5	838	-237.5	1080	955.5
Quinethazone	-399	-822.5	733.5	-188.5	-874	-857.5
Ramipril	338.5	1097.5	838	-126	1137	1013.5
Rivaroxaban	-399	1097.5	838	-188.5	1153.5	1013.5
Rosuvastatin	441	1029	764.5	205	1013	1082
Simvastatin	-399	1097.5	838	-188.5	1057.5	1013.5
Sotalol	-399	1097.5	838	-188.5	1122	1013.5
Spironolactone	-399	-780.5	794.5	-225.5	-842	1114
Synephrine	-399	1097.5	838	-161.5	1081	1013.5
Telmisartan	-296	-622.5	797	57	-731	1112
Ticlopidine	-399	1097.5	838	-188.5	1081	1013.5
Tienilic_acid	-399	1097.5	838	-153	1081	1013.5
Timolol	-399	1036.5	838	-188.5	985	1049.5
Torasemide	338.5	1097.5	838	101.5	1112.5	1013.5
Treprostinil	-399	1097.5	838	-188.5	1105.5	1013.5
Triamterene	338.5	1053.5	838	-278	1072	955.5
Valsartan	-399	1053.5	838	-225.5	1072	955.5
Warfarin	-399	1053.5	838	-188.5	1047.5	955.5
drug_1	677.5	-757	-700.5	908.5	-879	-875
drug_10	-697	-903	-743.5	888	-1056.5	-985.5
drug_100	677.5	452	509	902	-679	-700
drug_101	677.5	675.5	509	619.5	-685	-700
drug_102	677.5	-446	-557	888	-503	-492
drug_103	677.5	675.5	509	619.5	671.5	-744
drug_104	677.5	675.5	509	619.5	671.5	-634
drug_105	677.5	634.5	509	536	571.5	674
drug_106	677.5	592.5	509	759	613.5	-634
drug_107	677.5	592.5	509	759	453.5	463
drug_108	677.5	546	509	648	524.5	-744
drug_109	677.5	634.5	509	536	716.5	674
drug_11	677.5	546	509	822.5	735	-728
drug_110	677.5	-722	-627.5	857.5	-564	-495
drug_111	677.5	-521	509	908.5	-561	-565
drug_112	677.5	-416.5	509	744	-490	-489
drug_113	677.5	-612.5	-619	929.5	-557	-594.5
drug_114	677.5	-722	-627.5	924	-569	-495
drug_115	677.5	-521	509	601	-562	-565
drug_116	677.5	-446	509	669	-498	508
drug_117	677.5	-618.5	-615.5	669	-555.5	508
drug_118	677.5	-521	509	669	-560	-565
drug_119	677.5	-738	-621.5	938.5	-666.5	-536
drug_12	677.5	592.5	509	577.5	-510	633.5
drug_120	677.5	-474.5	-610.5	744	-485	-484
drug_121	677.5	-618.5	-615.5	842	-554	-500
drug_122	677.5	-722	-627.5	678	-567.5	-495
drug_123	677.5	452	509	782	-492	-516
drug_124	677.5	-446	509	669	560.5	508
drug_125	677.5	-583.5	-617.5	842	-553	-488
drug_126	677.5	-738	-621.5	842	-665	-536
drug_127	677.5	-742.5	-634	669	-677.5	-533.5
drug_128	677.5	-722	-627.5	857.5	-566	-495
drug_129	677.5	-612.5	-619	648	-558	-594.5
drug_13	677.5	546	509	648	-824	-827
drug_130	677.5	-544.5	509	590	-583	594
drug_131	677.5	-507.5	-613	842	614.5	-531.5
drug_132	677.5	-722	-627.5	669	-564	508
drug_133	677.5	592.5	-613	471	-488	736
drug_134	677.5	-742.5	-634	601	-677.5	552
drug_135	677.5	452	509	590	-500	594
drug_136	677.5	-446	509	918.5	665	-504.5
drug_137	677.5	-618.5	-615.5	782	-555.5	-500
drug_138	677.5	-722	-627.5	543.5	-564	663.5
drug_139	677.5	-738	-621.5	744	-666.5	-536
drug_14	677.5	546	509	822.5	-828.5	-827
drug_140	677.5	-722	-627.5	512.5	-567.5	694.5
drug_141	677.5	-544.5	509	550	-582	645
drug_142	-878	-879.5	-877	-884	-689.5	551
drug_143	-872	-871.5	-871	-878	595	585.5
drug_144	-859.5	-848	-859.5	-866.5	545.5	559
drug_145	-868.5	-868	-868.5	-871.5	522.5	576
drug_146	-872	-871.5	-871	-878	-554	553
drug_147	-876	-875.5	-874	-881	-571	555.5
drug_148	-861.5	-861	-864.5	-870.5	497.5	561
drug_149	-841.5	-816	-839.5	-863.5	512.5	559
drug_15	677.5	546	509	648	-537	571
drug_150	-860.5	-840	-858.5	-865.5	573	571
drug_151	-874.5	-878	-872.5	-882.5	-559	553
drug_152	-825.5	-817	-842.5	-830.5	-882	-874.5
drug_153	-878	-879.5	-877	-884	-689.5	564.5
drug_154	-879.5	-881	-878.5	-885.5	-781	602
drug_155	-873.5	-873	-869.5	-879.5	-545	553
drug_156	-866.5	-759.5	-866.5	-983.5	-229	-255.5
drug_157	-876	-875.5	-874	-881	-570	559
drug_158	-870.5	-877	-879.5	-876.5	-721	576
drug_159	-843.5	-818	-843.5	-861.5	545.5	564.5
drug_16	677.5	546	509	822.5	-828.5	-827
drug_160	-869.5	-874	-875.5	-875.5	-697	549
drug_161	-863	-849.5	-861.5	-867.5	567	564.5
drug_162	-865.5	-866	-865.5	-873.5	508.5	550
drug_163	-822.5	-808	-840.5	-823.5	-881	-873.5
drug_164	-857.5	-847	-860.5	-868.5	694	731.5
drug_165	-726	797.5	-798.5	-624.5	870.5	-806.5
drug_166	-867.5	-869	-867.5	-872.5	658.5	562
drug_167	-647	703.5	764.5	-739.5	727	731.5
drug_168	-863	-849.5	-862.5	-869.5	782.5	612.5
drug_169	-858.5	-865	-863.5	-864.5	694	579.5
drug_17	677.5	-501.5	509	726.5	-703	-649.5
drug_170	-842.5	-846	-857.5	-847.5	655	675.5
drug_171	677.5	546	509	-832.5	295	694.5
drug_172	677.5	546	509	-865	714.5	571
drug_173	677.5	497	509	875.5	700	350.5
drug_174	677.5	592.5	509	-832.5	613.5	463
drug_175	677.5	634.5	509	-865	481.5	531
drug_176	677.5	546	509	-832.5	590	406.5
drug_177	677.5	716.5	509	-825	853.5	687
drug_178	677.5	497	509	726.5	319	487.5
drug_179	677.5	634.5	509	-865	786.5	531
drug_18	677.5	546	509	-659	-709	-711.5
drug_180	677.5	675.5	509	-832.5	601.5	708.5
drug_181	677.5	675.5	509	-832.5	816.5	613.5
drug_182	677.5	546	509	-758	364.5	571
drug_183	677.5	497	509	-790	636.5	487.5
drug_184	677.5	546	-609.5	822.5	581.5	406.5
drug_185	677.5	546	509	822.5	726.5	406.5
drug_186	677.5	634.5	509	696	641.5	531
drug_187	677.5	634.5	509	-865	786.5	531
drug_188	677.5	592.5	509	-865	466.5	736
drug_189	677.5	592.5	509	-810	471.5	736
drug_19	677.5	634.5	509	696	-913.5	-894.5
drug_190	677.5	634.5	509	-865	641.5	531
drug_191	-533.5	284.5	-504.5	1076	365	-218
drug_192	677.5	634.5	509	-832.5	831.5	531
drug_193	677.5	546	509	-790	524.5	571
drug_194	677.5	634.5	509	-865	831.5	531
drug_195	677.5	546	509	-838	581.5	406.5
drug_196	677.5	634.5	509	-825	571.5	674
drug_197	677.5	592.5	509	-790	690	633.5
drug_198	677.5	675.5	509	-533.5	469.5	708.5
drug_199	-595	-408	-387.5	1042.5	206	-255
drug_2	-702	-839	-688.5	875.5	-976.5	-967.5
drug_20	677.5	-501.5	509	782	-827	-827
drug_200	677.5	634.5	509	-825	509.5	531
drug_201	-831.5	-834	-833.5	-841.5	413	814.5
drug_202	-831.5	-834	-833.5	-841.5	436	701.5
drug_203	-815.5	-843	-821.5	-833.5	384.5	594
drug_204	677.5	-701	-762.5	-630.5	-794	-860.5
drug_205	-820	-940.5	-817	-704.5	-463	594
drug_206	-681	-846.5	-766.5	-618	-921	-904
drug_207	-805	-806.5	-768	-811	-317	473
drug_208	-831.5	-948	-833.5	-725	474	819.5
drug_209	-815.5	-843	-821.5	-833.5	355	746.5
drug_21	677.5	-501.5	509	726.5	-826	-827
drug_210	-839	-822.5	-826	-826	-301	360.5
drug_211	677.5	546	-608.5	-537.5	-560	694.5
drug_212	-831.5	-834	-833.5	857.5	-306	338.5
drug_213	-831.5	-834	-833.5	-841.5	-311.5	748.5
drug_214	677.5	-748	-764.5	-705.5	-849	-804.5
drug_215	-815.5	-843	-821.5	-833.5	-352.5	450.5
drug_216	-820	-940.5	-817	-704.5	-463	645
drug_217	-820	-716	-817	-930	408	817.5
drug_218	-831.5	-948	-833.5	-725	-426.5	645
drug_219	-820	-940.5	-817	-704.5	-465	586.5
drug_22	876	952	795.5	-594.5	-320	1074.5
drug_220	-831.5	-948	-833.5	857.5	-421	-421
drug_221	-831.5	-948	-833.5	-725	-472	701.5
drug_222	-839	-822.5	-826	-826	-301	552
drug_223	-815.5	-843	-821.5	-833.5	-352.5	666.5
drug_224	-805	-920.5	-768	-694.5	-431	828.5
drug_225	-815.5	-957	-821.5	-717	-471	682
drug_226	-831.5	-834	-833.5	-841.5	-311.5	504.5
drug_227	-839	-822.5	-826	-826	-303	385
drug_228	-839	-936.5	-826	-709.5	-416	500.5
drug_229	-831.5	-948	-833.5	-725	-421	701.5
drug_23	677.5	-511.5	509	896	-712	-728
drug_230	-831.5	-834	-833.5	-841.5	-311.5	666.5
drug_231	-729.5	-831	-745.5	744	-887	-887
drug_232	-736.5	-818	-698.5	914.5	-936	-979
drug_233	-779.5	-877	-735.5	801	-938	-924
drug_234	-779.5	-877	-735.5	-686	-939	-924
drug_235	-779.5	-877	-735.5	744	-940	-924
drug_236	-736.5	-818	-698.5	857.5	-935	-979
drug_237	-753.5	-803	-720.5	857.5	-897	-950
drug_238	677.5	497	509	726.5	-694	-752.5
drug_239	-702	-773.5	-727.5	801	-873.5	-893
drug_24	677.5	592.5	509	759	-739.5	-728
drug_240	677.5	-557	509	888	-802	-796
drug_241	677.5	407	509	669	-431	508
drug_242	-702	-773.5	-727.5	857.5	-873.5	-893
drug_243	677.5	452	509	590	-387	594
drug_244	877	-818	-698.5	1065	-937	-979
drug_245	677.5	-800.5	509	924	-914	-921.5
drug_246	-683.5	-682	-717.5	801	-767	-790.5
drug_247	677.5	-672.5	-744.5	857.5	-526	-983
drug_248	-697	-613	-731.5	744	-502.5	-1002.5
drug_249	-739.5	-881	-748.5	908.5	-995	-986
drug_25	677.5	-638.5	509	678	-683.5	-682
drug_250	-694.5	497	-750.5	726.5	636.5	-754
drug_251	677.5	-754	-719.5	801	-878	-871
drug_252	-763	-879.5	-723.5	842	-980	-951
drug_253	-722.5	546	-676.5	-900.5	-643	-621.5
drug_254	-763	-879.5	-760.5	744	-983	-982
drug_255	-729.5	-717	-733	-785	-866.5	-872
drug_256	-729.5	-831	-733	842	-981.5	-987.5
drug_257	-702	-773.5	-727.5	801	-872	-893
drug_258	677.5	452	509	782	-458	-691.5
drug_259	677.5	-745	-604.5	888	-837	-850
drug_26	677.5	-511.5	509	744	-585	-734
drug_260	-745.5	-685.5	-804.5	696	641.5	-990.5
drug_261	-769	-663	-777	-782	-725.5	-687
drug_262	677.5	703	-691.5	-751.5	695.5	656
drug_263	-769	-663	-777	-782	758.5	-687
drug_264	-670.5	-748	-764.5	764.5	-849	-804.5
drug_265	-769	675.5	-777	-782	816.5	-687
drug_266	-738.5	-561	-770.5	875.5	561.5	-802.5
drug_267	-745.5	-796	-804.5	696	-878.5	-828.5
drug_268	-769	-773.5	-777	759	-834.5	-797
drug_269	677.5	703	-632	564	535.5	656
drug_27	677.5	-638.5	509	519	-677	-682
drug_270	-769	-663	-777	-782	-725.5	-687
drug_271	-769	-773.5	-777	-673	-834.5	-797
drug_272	-745.5	-685.5	-804.5	-768	-761.5	-718.5
drug_273	-745.5	-685.5	-804.5	-768	-766.5	-718.5
drug_274	-769	-663	-777	-782	-721	-687
drug_275	-769	675.5	-777	619.5	671.5	-959
drug_276	677.5	675.5	-667	503.5	-609.5	708.5
drug_277	-769	-663	-777	-782	-723	-687
drug_278	677.5	-646.5	-667	696	-718.5	-686
drug_279	-769	-773.5	-777	-673	-830	-797
drug_28	677.5	-638.5	509	550	-683.5	-682
drug_280	677.5	703	-632	564	891.5	656
drug_281	677.5	634.5	-557	696	641.5	-831
drug_282	677.5	-646.5	-667	759	758.5	-686
drug_283	-745.5	-685.5	-804.5	-768	-766.5	-718.5
drug_284	677.5	675.5	-667	619.5	-716.5	-686
drug_285	970.5	703	509	570.5	937	832.5
drug_286	677.5	634.5	-747	-781.5	641.5	-711.5
drug_287	-745.5	675.5	-804.5	-922.5	671.5	613.5
drug_288	677.5	716.5	509	-707.5	898.5	687
drug_289	677.5	675.5	-747	-997.5	671.5	613.5
drug_29	677.5	-638.5	509	648	-687	-682
drug_290	677.5	-528	-640	782	-558	430
drug_291	677.5	-562	-655.5	875.5	-632	-549.5
drug_292	677.5	497	-655.5	-885	-518	487.5
drug_293	677.5	-562	-655.5	-797.5	681.5	-549.5
drug_294	677.5	592.5	-655.5	-885	803.5	463
drug_295	677.5	546	-655.5	-885	-525	-462
drug_296	677.5	452	509	782	604.5	430
drug_297	677.5	-485	-681.5	-842	-537.5	-553
drug_298	677.5	-672.5	-655.5	782	-736.5	-659.5
drug_299	677.5	-472.5	-655.5	-885	-518	594
drug_3	-702	-839	-688.5	888	-990	-967.5
drug_30	677.5	-511.5	509	590	-610.5	-734
drug_300	677.5	-562	-655.5	-797.5	-620.5	571
drug_301	677.5	-618.5	509	933	-705	-526
drug_302	677.5	-562	-655.5	801	-627.5	-549.5
drug_303	677.5	-472.5	-655.5	-885	-525	-462
drug_304	677.5	-528	-640	842	-559	-398
drug_305	677.5	-562	-655.5	-797.5	-620.5	571
drug_306	677.5	-574.5	-681.5	888	-639	-640.5
drug_307	677.5	-472.5	-655.5	-885	-564.5	-462
drug_308	677.5	-562	-655.5	-797.5	-627.5	-549.5
drug_309	677.5	-562	-655.5	-797.5	714.5	571
drug_31	677.5	675.5	509	503.5	601.5	-734
drug_310	677.5	452	-667	782	-555	-488.5
drug_311	677.5	-508	509	-840	-595	487.5
drug_312	677.5	452	509	-927.5	-495.5	430
drug_313	677.5	-508	509	-840	636.5	487.5
drug_314	677.5	-562	-655.5	-797.5	-620.5	571
drug_315	677.5	-472.5	-655.5	-885	-518	-462
drug_316	677.5	546	-667	648	-606	-576
drug_317	677.5	546	-681.5	-842	-582	571
drug_318	677.5	-562	-655.5	-797.5	636.5	-549.5
drug_319	677.5	546	-607.5	-788.5	714.5	-622.5
drug_32	677.5	-638.5	509	590	-655	-682
drug_320	-788	-584.5	-792	-917	-694.5	-656.5
drug_321	-745.5	-596	-804.5	888	-707.5	-631
drug_322	-689.5	-556	-755.5	-941	-681	-620
drug_323	-788	-584.5	-792	-917	-690.5	-656.5
drug_324	-788	-584.5	-792	-917	-644	-656.5
drug_325	-678	546	-721.5	-954.5	-568.5	571
drug_326	-788	-584.5	-792	-917	-651	-656.5
drug_327	-788	-584.5	-792	-917	-690.5	-656.5
drug_328	-788	592.5	-792	-917	758.5	-656.5
drug_329	677.5	546	-637	-728	-487.5	694.5
drug_33	677.5	-610	509	479.5	-702	-905.5
drug_330	-689.5	-556	-755.5	-941	-635.5	-620
drug_331	477	-446	-557	869.5	-551	-492
drug_332	-788	-584.5	-792	-917	-651	-656.5
drug_333	-745.5	-596	-804.5	-855.5	-705.5	-631
drug_334	-788	-584.5	-792	-917	-644	-656.5
drug_335	677.5	592.5	-637	-728	545	633.5
drug_336	-788	-584.5	-792	-917	-648	-656.5
drug_337	-745.5	-596	-804.5	918.5	-661	-631
drug_338	-788	-584.5	-792	-917	-651	-656.5
drug_339	-745.5	-596	-804.5	924	-710.5	-631
drug_34	677.5	-638.5	509	391.5	-657.5	814.5
drug_340	-788	-584.5	-792	-917	-690.5	-656.5
drug_341	-745.5	634.5	-804.5	-855.5	786.5	-631
drug_342	-668.5	-365.5	301.5	1023	393.5	-525
drug_343	677.5	497	-637	875.5	-489	-521.5
drug_344	677.5	592.5	509	-809	545	633.5
drug_345	-788	-584.5	-792	-917	-697.5	-656.5
drug_346	-689.5	-556	-755.5	-941	751.5	-620
drug_347	677.5	497	-637	875.5	555	-521.5
drug_348	-689.5	-556	-755.5	-941	-677.5	-620
drug_349	677.5	-273.5	509	-962.5	-329.5	317
drug_35	677.5	-511.5	509	550	-591.5	-734
drug_350	677.5	366.5	509	-1029.5	346	450
drug_351	677.5	299	509	-907.5	-337.5	338.5
drug_352	677.5	276.5	509	896	272	306
drug_353	677.5	259	509	-1024	-286.5	360.5
drug_354	677.5	452	509	-962.5	574.5	594
drug_355	677.5	276.5	509	-1029.5	311	269.5
drug_356	-619	-193.5	-366	1115	-526.5	-518.5
drug_357	677.5	330.5	509	908.5	201.5	300.5
drug_358	677.5	330.5	509	908.5	506.5	300.5
drug_359	677.5	243	509	-883	221	317
drug_36	677.5	592.5	509	471	-610.5	736
drug_360	677.5	330.5	509	-814	425	552
drug_361	677.5	243	509	-1029.5	-289	444
drug_362	677.5	243	509	-897	-454.5	444
drug_363	677.5	232.5	509	-1029.5	360	296.5
drug_364	677.5	232.5	509	-816	208.5	385
drug_365	677.5	330.5	509	-824	470.5	392
drug_366	677.5	276.5	509	-1020	-399.5	-278
drug_367	677.5	276.5	509	954.5	353	255.5
drug_368	677.5	299	509	857.5	304	338.5
drug_369	677.5	243	509	-1024	411	317
drug_37	677.5	-638.5	509	471	-670	736
drug_370	677.5	330.5	509	-891	280	552
drug_371	677.5	259	509	-1024	-285	290.5
drug_372	677.5	276.5	509	-1001.5	-421	-451.5
drug_373	-723.5	-442	509	-1001	-539.5	-590
drug_374	677.5	276.5	509	938.5	455	269.5
drug_375	677.5	330.5	509	801	515.5	-475
drug_376	677.5	299	509	924	340	-410
drug_377	-695.5	-455	-605.5	1115	-537	-484
drug_378	677.5	330.5	509	-824	280	552
drug_379	677.5	546	509	-695	510.5	571
drug_38	677.5	-736	-557	669	-829	-785
drug_380	677.5	703	509	-695	701.5	656
drug_381	677.5	675.5	509	619.5	671.5	613.5
drug_382	677.5	634.5	509	-695	571.5	674
drug_383	677.5	675.5	509	-750	511.5	613.5
drug_384	677.5	716.5	509	-695	898.5	687
drug_385	677.5	592.5	509	759	613.5	-590
drug_386	677.5	703	-557	-641.5	846.5	656
drug_387	677.5	733.5	509	-695	720.5	722.5
drug_388	677.5	703	509	-750	695.5	656
drug_389	677.5	497	509	875.5	561.5	350.5
drug_39	677.5	-736	-557	550	-816.5	-785
drug_390	677.5	703	509	-750	846.5	656
drug_391	677.5	675.5	509	-750	861.5	613.5
drug_392	677.5	716.5	509	-695	708.5	687
drug_393	677.5	675.5	509	-750	671.5	613.5
drug_394	677.5	634.5	509	696	509.5	531
drug_395	677.5	592.5	509	759	613.5	-590
drug_396	677.5	703	509	-575.5	701.5	656
drug_397	677.5	497	509	726.5	491.5	-546.5
drug_398	677.5	703	-557	-641.5	625	743
drug_399	677.5	733.5	509	-750	560.5	722.5
drug_4	-702	-839	-688.5	902	-992.5	-967.5
drug_40	677.5	-511.5	509	669	-597	-734
drug_400	677.5	716.5	-557	-641.5	708.5	687
drug_401	677.5	733.5	509	-566.5	720.5	722.5
drug_402	677.5	675.5	509	-695	685	613.5
drug_403	677.5	703	-606.5	-769	846.5	656
drug_404	677.5	634.5	-557	696	641.5	531
drug_405	477	-356.5	-557	927	-400.5	-404.5
drug_406	677.5	703	509	-750	846.5	656
drug_407	-803	748.5	764.5	-709	-771	789
drug_408	-797	-720.5	764.5	-649	-798	-775
drug_409	-797	797.5	764.5	-807	849	708
drug_41	677.5	-638.5	509	476.5	-683.5	713.5
drug_410	-797	748.5	764.5	-649	-797	789
drug_411	-732.5	-695	764.5	707.5	-765	-737.5
drug_412	-759	703.5	764.5	-743.5	727	731.5
drug_413	-759	797.5	764.5	-631.5	837.5	-772.5
drug_414	-759	703.5	764.5	-743.5	-692.5	895.5
drug_415	-759	-727.5	764.5	662.5	-804	-762.5
drug_416	-732.5	-695	764.5	713	-761	-725
drug_417	-708	658.5	764.5	616.5	664	675.5
drug_418	-726	-707.5	764.5	556.5	-774	-756.5
drug_419	-759	-727.5	764.5	-634.5	-801.5	-762.5
drug_42	677.5	-511.5	509	669	-597	-734
drug_420	-625	748.5	764.5	501	772	789
drug_421	-775	-750.5	764.5	693	-851	-791.5
drug_422	-753.5	748.5	764.5	501	788.5	789
drug_423	-803	-712.5	764.5	-709	-770	-758
drug_424	-777	-714.5	764.5	719.5	-775.5	-754
drug_425	-732.5	-695	764.5	662.5	-760	-725
drug_426	-777	-714.5	764.5	698.5	-775.5	-754
drug_427	-759	-727.5	764.5	-634.5	-804	-762.5
drug_428	-753.5	797.5	764.5	597	862	-729
drug_429	-753.5	748.5	764.5	650	809	-729
drug_43	677.5	-511.5	509	397.5	-610.5	746.5
drug_430	-734.5	703.5	764.5	676.5	815.5	612.5
drug_431	-753.5	-689	764.5	616.5	-754.5	-729
drug_432	-797	-720.5	764.5	-698	-796	-767
drug_433	-570	844	764.5	533.5	894	764.5
drug_434	-567.5	886	764.5	-621.5	889	832.5
drug_435	-586.5	844	764.5	352	-810	935
drug_436	-628.5	886	764.5	470.5	882	832.5
drug_437	-689.5	675.5	-755.5	-853.5	-733.5	-707.5
drug_438	-689.5	675.5	-755.5	-853.5	-733.5	708.5
drug_439	-708	634.5	-684.5	-811.5	-668.5	-758.5
drug_44	677.5	-638.5	509	550	-679.5	-682
drug_440	-716	-630	-709	-884	-702	-732
drug_441	-716	-630	-709	-884	-706.5	-732
drug_442	677.5	675.5	509	-705	816.5	613.5
drug_443	-689.5	634.5	-755.5	-1030	641.5	-531
drug_444	-716	634.5	-709	-1038.5	641.5	-577.5
drug_445	677.5	675.5	509	-803.5	601.5	708.5
drug_446	-689.5	592.5	-755.5	-1008	-592.5	633.5
drug_447	-708	-588	-684.5	-811.5	-670	-758.5
drug_448	-716	-540.5	-709	-971.5	-643	-644.5
drug_449	-716	546	-709	-971.5	-650.5	694.5
drug_45	677.5	-647.5	509	669	-576.5	-852.5
drug_450	-681	-622	-740.5	-863.5	-717	-701.5
drug_451	-716	-630	-709	-884	-702	-732
drug_452	-670.5	883	-764.5	-992	838.5	-517
drug_453	-678	675.5	-722.5	-750.5	-674	-751.5
drug_454	-681	675.5	-740.5	-863.5	-718.5	-701.5
drug_455	-716	634.5	-709	-884	-702	-732
drug_456	-716	634.5	-709	-884	786.5	-732
drug_457	-716	-630	-709	-884	-709.5	-732
drug_458	-716	634.5	-709	-884	-706.5	-732
drug_459	-716	634.5	-709	-884	-706.5	-732
drug_46	677.5	-638.5	509	938.5	-679.5	-682
drug_460	-681	-622	-740.5	-863.5	-718.5	-701.5
drug_461	-708	675.5	-684.5	-811.5	-668.5	818.5
drug_462	-684.5	703	-742.5	-746.5	-681	-755.5
drug_463	677.5	592.5	509	-716	-456	633.5
drug_464	-716	634.5	-709	-884	-702	-732
drug_465	-689.5	-645.5	-755.5	-853.5	-733.5	736
drug_466	-852	-969.5	-852	-736.5	487	-456.5
drug_467	-800	-916.5	-730	-690.5	-457	574.5
drug_468	-808.5	-1017.5	-811.5	-609	581.5	539
drug_469	-808.5	-928	-811.5	-700	-494	-413
drug_47	677.5	-638.5	509	801	-687	-682
drug_470	879	-919	879.5	880.5	750.5	847.5
drug_471	-800	-982	-730	684.5	-523.5	-477
drug_472	-852	-855.5	-852	-853	520	437.5
drug_473	-845.5	-977	-845.5	-743	471	-429
drug_474	-845.5	-977	-845.5	-743	463	-429
drug_475	-852	-969.5	-852	-736.5	447.5	-456.5
drug_476	-852	-1035	-852	-669	-511.5	-524
drug_477	-794.5	-918	-738.5	-693	-459	-408
drug_478	-845.5	-977	-845.5	-743	512	-429
drug_479	-852	-969.5	-852	-736.5	-444	-456.5
drug_48	677.5	592.5	509	759	613.5	-537
drug_480	-811.5	-924	-783.5	-697	501.5	-432
drug_481	-824	-933.5	-814	-712.5	-472	-468.5
drug_482	-811.5	-810	-783.5	-813.5	558	-316.5
drug_483	-806.5	-926	-785.5	-702	-454	-415
drug_484	-852	-969.5	-852	-736.5	459	459
drug_485	-852	-969.5	-852	-736.5	466.5	-456.5
drug_486	-824	-1023	-814	-621.5	-575	-559.5
drug_487	-852	-855.5	-852	-853	543.5	-341
drug_488	-811.5	-924	-783.5	-697	506.5	-432
drug_489	-852	-969.5	-852	-736.5	462	-456.5
drug_49	677.5	634.5	509	696	831.5	531
drug_490	-808.5	-814	-811.5	-816.5	577.5	-297.5
drug_491	-864.5	-981	-841.5	-746	476	-479
drug_492	-852	-969.5	-852	-736.5	501.5	-456.5
drug_493	-675.5	-768	719.5	-636	-865	-766
drug_494	-566	-681	-447.5	-439.5	-765.5	-688.5
drug_495	-781.5	-947.5	-771.5	-527	-966.5	-953.5
drug_496	-775	-864.5	-769.5	-612	-877	-842
drug_5	-726	-887	-717.5	648	-982.5	-952
drug_50	677.5	452	509	782	446.5	-438.5
drug_51	677.5	546	509	648	-418.5	571
drug_52	677.5	497	509	726.5	681.5	487.5
drug_53	-485.5	422	-432	736.5	-391.5	442.5
drug_54	873	-487	-432	828	-500.5	-537
drug_55	677.5	546	509	648	510.5	571
drug_56	677.5	546	509	648	510.5	571
drug_57	677.5	675.5	509	619.5	671.5	613.5
drug_58	677.5	592.5	509	759	758.5	463
drug_59	677.5	634.5	509	-585.5	716.5	674
drug_6	-702	-839	-688.5	902	-992.5	-967.5
drug_60	677.5	-487	509	902	535	-537
drug_61	677.5	497	509	726.5	-426	487.5
drug_62	677.5	546	509	648	-505.5	571
drug_63	677.5	703	509	-585.5	891.5	656
drug_64	677.5	546	509	-585.5	-413	694.5
drug_65	677.5	703	509	-585.5	463	743
drug_66	677.5	592.5	509	-585.5	690	633.5
drug_67	677.5	452	509	782	446.5	-438.5
drug_68	677.5	675.5	509	-585.5	465	708.5
drug_69	677.5	592.5	509	577.5	545	633.5
drug_7	677.5	-740.5	-670.5	888	-861	-789
drug_70	677.5	497	509	726.5	491.5	487.5
drug_71	677.5	675.5	509	619.5	816.5	613.5
drug_72	-485.5	-287	-458.5	927	295	-268
drug_73	677.5	716.5	509	-662.5	708.5	687
drug_74	677.5	-407	509	888	-426	-438.5
drug_75	677.5	546	509	648	714.5	571
drug_76	677.5	497	509	726.5	-499	-537
drug_77	677.5	592.5	509	-585.5	-418.5	736
drug_78	677.5	-487	509	782	-505.5	-537
drug_79	878	856	-557	-708.5	810.5	1010.5
drug_8	-726	-887	-717.5	933	-981.5	-952
drug_80	677.5	546	509	822.5	590	406.5
drug_81	677.5	592.5	509	-585.5	471.5	736
drug_82	677.5	546	509	822.5	-679	-700
drug_83	677.5	675.5	509	619.5	816.5	-744
drug_84	677.5	634.5	509	536	716.5	674
drug_85	677.5	407	509	519	-411.5	682
drug_86	677.5	634.5	509	395.5	-497.5	812.5
drug_87	677.5	452	509	782	-570	-590
drug_88	677.5	592.5	509	577.5	-679	-700
drug_89	677.5	675.5	509	619.5	-520.5	-744
drug_9	-702	-839	-688.5	842	-992.5	-967.5
drug_90	677.5	634.5	-557	696	641.5	531
drug_91	677.5	592.5	509	577.5	735	633.5
drug_92	677.5	546	-557	822.5	726.5	-492
drug_93	677.5	634.5	509	696	641.5	-590
drug_94	677.5	634.5	509	536	761.5	-700
drug_95	677.5	592.5	509	759	613.5	-590
drug_96	677.5	546	509	648	-570	-590
drug_97	677.5	592.5	-557	577.5	545	633.5
drug_98	677.5	675.5	509	619.5	671.5	613.5
drug_99	677.5	675.5	509	619.5	-679	-700
