ad	density	cc	spath	eigencentr	betwcentr
Acebutolol	196	731	861	618	813.5	259
Acetylsalicylic_acid	196	731	861	618	904	259
Alprenolol	196	731	861	618	836.5	259
Amiloride	196	731	861	618	765	259
Amlodipine	299	812	934	693	720	308
Atenolol	196	731	861	618	848	259
Atorvastatin	196	731	861	618	780.5	259
Benazepril	196	731	861	618	831	259
Bendroflumethiazide	196	731	861	618	831	259
Betaxolol	196	731	861	618	798	259
Bezafibrate	457.5	1004.5	1090.5	820.5	1068	502.5
Bisoprolol	642.5	674.5	-446.5	658.5	760.5	756.5
Bumetanide	196	731	861	618	819	259
Canrenoic_acid	196	731	861	618	780.5	259
Captopril	196	731	861	618	838	259
Carteolol	659.5	-937.5	-942.5	689.5	842.5	692.5
Carvedilol	196	731	861	618	831	259
Cerivastatin	245.5	628.5	705.5	559.5	622	392.5
Chlorhexidine	662.5	774.5	-359.5	687.5	831.5	774.5
Chlorthalidone	196	731	861	618	852	259
Cilnidipine	-493.5	643.5	654.5	677.5	725.5	-529.5
Cilostazol	196	731	861	618	871	259
Clofibrate	196	731	861	618	852	259
Clopidogrel	196	731	861	618	881	259
Cyclopenthiazide	196	731	861	618	813.5	259
Digoxin	497.5	1031.5	1103.5	813.5	1084	537.5
Dipyridamole	196	731	861	618	852	259
Dobutamine	196	731	861	618	762	259
Dopamine	196	731	861	618	852	259
Enalapril	196	731	861	618	838	259
Eprosartan	196	731	861	618	881	259
Esmolol	196	731	861	618	852	259
Etacrynic_acid	196	731	861	618	813.5	259
Etilefrine	196	731	861	618	838	259
Ezetimibe	196	731	861	618	798	259
Felodipine	196	731	861	618	881	259
Fenofibrate	196	731	861	618	819	259
Fenoldopam	196	731	861	618	875	259
Gemfibrozil	196	731	861	618	852	259
Hydroflumethiazide	196	731	861	618	819	259
Iloprost	196	731	861	618	813.5	259
Indapamide	196	731	861	618	819	259
Irbesartan	642.5	674.5	-366.5	686.5	695.5	-230.5
Isradipine	196	731	861	618	813.5	259
Labetalol	-182	589.5	767.5	554.5	665	387.5
Losartan	196	731	861	618	852	259
Lovastatin	196	731	861	618	813.5	259
Menadione	-224	599.5	816.5	-423.5	736	696.5
Mephentermine	196	731	861	618	871	259
Metolazone	-142.5	630	396	577.5	717	693.5
Metoprolol	196	731	861	618	854.5	259
Midodrine	196	731	861	618	852	259
Milrinone	196	731	861	618	831	259
Moexipril	196	731	861	618	875	259
Nadolol	196	731	861	618	765	259
Niacin	196	731	861	618	894	259
Nicardipine	196	731	861	618	813.5	259
Nicotinyl_alcohol	196	731	861	618	802	259
Nifedipine	196	731	861	618	852	259
Nimodipine	658	690	-943.5	688.5	-925	-232.5
Nitrendipine	196	731	861	618	881	259
Nitrofural	196	731	861	618	821	259
Olmesartan	196	731	861	618	881	259
Ouabain	196	731	861	618	813.5	259
Oxprenolol	196	731	861	618	813.5	259
Perindopril	196	731	861	618	852	259
Pindolol	196	731	861	618	819	259
Piretanide	457.5	1004.5	1071	786	1090	522
Practolol	196	731	861	618	875	259
Pravastatin	196	731	861	618	765	259
Probucol	196	731	861	618	831	259
Propranolol	196	731	861	618	780.5	259
Quinapril	196	731	861	618	798	259
Quinethazone	-224	731	861	618	854.5	259
Ramipril	-441.5	635	691.5	665.5	913	-369.5
Rivaroxaban	196	731	861	618	848	259
Rosuvastatin	-256.5	630	-476.5	-454.5	787	726.5
Simvastatin	196	731	861	618	813.5	259
Sotalol	196	731	861	618	781	259
Spironolactone	660.5	773.5	-362.5	-311.5	841.5	695.5
Synephrine	196	731	861	618	781	259
Telmisartan	707.5	587.5	661	474	629	507
Ticlopidine	196	731	861	618	819	259
Tienilic_acid	196	731	861	618	780.5	259
Timolol	196	731	861	618	875	259
Torasemide	248.5	576.5	648.5	514.5	638	-186
Treprostinil	196	731	861	618	875	259
Triamterene	-461	635	692.5	673.5	673	-370.5
Valsartan	196	731	861	618	838	259
Warfarin	196	731	861	618	813.5	259
drug_1	-811	-797	-437.5	507	-714	-908.5
drug_10	-811	-828	-461.5	-617.5	-734.5	-877.5
drug_100	-421.5	-545.5	-671	-530.5	-543	573.5
drug_101	-421.5	-545.5	-671	-530.5	-543	573.5
drug_102	-516	-730	-747	-686	-798	-521
drug_103	-769.5	-842.5	-927	-895	-684	685.5
drug_104	-769.5	-842.5	-927	-895	-738.5	685.5
drug_105	-795	-906	-933.5	-902.5	-904.5	635
drug_106	-769.5	-842.5	-927	-895	-443.5	685.5
drug_107	544	-490	-547.5	-592.5	-534.5	702
drug_108	-769.5	-842.5	-927	-895	-738.5	685.5
drug_109	-769.5	-842.5	-927	-895	-601.5	685.5
drug_11	-811	-879	-494.5	-624.5	-1006	-848.5
drug_110	689	551	-883.5	778	476.5	882
drug_111	700.5	-669	749	-744.5	-784	766
drug_112	786	672	747	-806.5	685.5	870
drug_113	-811	-828	-915	-871	-982.5	876.5
drug_114	689	551	-883.5	778	629	882
drug_115	700.5	-669	749	-744.5	-921.5	766
drug_116	679.5	-669	-897	-795	690.5	862.5
drug_117	833.5	702.5	-851	831	903	890
drug_118	700.5	-669	749	-744.5	884.5	766
drug_119	709	566	700	579	809.5	850
drug_12	-827.5	-923.5	-502.5	-821.5	-813.5	-864.5
drug_120	880.5	745.5	-814	843	723.5	895
drug_121	833.5	702.5	-851	831	729.5	890
drug_122	689	551	-883.5	778	629	882
drug_123	827.5	749.5	-857.5	825	928.5	888
drug_124	679.5	-669	-897	-795	689.5	862.5
drug_125	788.5	614.5	698	637	780.5	886
drug_126	709	566	700	579	-770.5	850
drug_127	534	-545.5	-671	473.5	712.5	738.5
drug_128	689	551	-883.5	778	625	882
drug_129	-811	-828	-915	-871	-668.5	876.5
drug_13	-788.5	-815.5	-481	-490	-1015.5	-838.5
drug_130	523.5	-730	-747	-686	-656.5	672.5
drug_131	-839	-809	-936	-889	-945.5	893.5
drug_132	689	551	-883.5	778	626.5	882
drug_133	-839	-809	-936	-889	-739	893.5
drug_134	534	-545.5	-671	473.5	-702.5	738.5
drug_135	679.5	-669	-897	-795	688	862.5
drug_136	679.5	-669	-897	-795	688	862.5
drug_137	833.5	702.5	-851	831	731	890
drug_138	689	551	-883.5	778	625	882
drug_139	709	566	700	579	808	850
drug_14	-788.5	-815.5	-481	-490	-969.5	-838.5
drug_140	689	551	-883.5	778	629	882
drug_141	523.5	-730	-747	-686	-844.5	672.5
drug_142	612	838	289	558.5	841.5	-602.5
drug_143	632	866	-527.5	401.5	870	626.5
drug_144	553	708	-585.5	-169	805	606
drug_145	633.5	934.5	-545	405	899	947
drug_146	632	866	-527.5	401.5	845.5	626.5
drug_147	635	949	-539.5	637.5	983	638.5
drug_148	575.5	864.5	-580.5	-372	846.5	640
drug_149	539.5	759.5	-601	-313	864	572
drug_15	-811	-879	-494.5	-624.5	-947	-848.5
drug_150	625	836	-559	289	887	656
drug_151	498.5	532.5	-236	288	621	559
drug_152	385.5	486.5	-247	338	562	-576
drug_153	612	838	289	558.5	866	-602.5
drug_154	625	836	182.5	575	1008	571
drug_155	609.5	739.5	-555.5	247	710	582
drug_156	-559	459	-532	-621	912	604
drug_157	635	949	-539.5	637.5	956	638.5
drug_158	626.5	950.5	-546	636	970	993
drug_159	628	906	-578	318	919	987
drug_16	-788.5	-815.5	-481	-490	-830.5	-838.5
drug_160	544.5	765.5	-564	-232	685	900
drug_161	628	906	-562	624	955	777
drug_162	629.5	898.5	-542	-399	954	581
drug_163	569.5	677.5	-529	258	604.5	-595
drug_164	-504	474.5	-215	273	707	-575
drug_165	-503	477.5	-251	276	590	573
drug_166	610.5	823.5	-565	251	817	795
drug_167	363.5	451.5	-235	-147	499	609
drug_168	553	708	242.5	408	828	622
drug_169	367	490	-308	220	598	665
drug_17	-811	-879	-494.5	-624.5	-783	-848.5
drug_170	369.5	678.5	-369	229	628	961
drug_171	-833	-901	-472	-624.5	-1019.5	-891
drug_172	-857	-879	475	-766.5	-772.5	-927.5
drug_173	-930.5	-929.5	-826	-926.5	-851.5	-898.5
drug_174	-833	-901	-472	-624.5	-878	-891
drug_175	-857	-879	475	-766.5	-900	-927.5
drug_176	-833	-901	-472	-624.5	-875.5	-891
drug_177	-846.5	-916.5	682	-867.5	-1060	-904.5
drug_178	-930.5	-929.5	-826	-926.5	-1073	-898.5
drug_179	-857	-879	475	-766.5	-818.5	-927.5
drug_18	-788.5	-815.5	-481	-490	-830.5	-838.5
drug_180	-833	-901	-472	-624.5	-798.5	-891
drug_181	-833	-901	-472	-624.5	-794	-891
drug_182	-846.5	-916.5	682	-867.5	-1124	-904.5
drug_183	-827.5	-923.5	-502.5	-821.5	-895	-864.5
drug_184	-932.5	-926.5	-684.5	-928.5	-1122.5	-851.5
drug_185	-927.5	-931.5	-856	-913.5	-922	-825.5
drug_186	-930.5	-929.5	-826	-926.5	-931.5	-898.5
drug_187	-857	-879	475	-766.5	-776.5	-927.5
drug_188	-857	-879	475	-766.5	-986.5	-927.5
drug_189	-868.5	-833.5	505	-784.5	-1063.5	-876.5
drug_19	-788.5	-815.5	-481	-490	-973.5	-838.5
drug_190	-857	-879	475	-766.5	-904	-927.5
drug_191	-1047	-1117	420	-1068	-1148	-1106
drug_192	-833	-901	-472	-624.5	-960.5	-891
drug_193	-827.5	-923.5	-502.5	-821.5	-1034	-864.5
drug_194	-857	-879	475	-766.5	-900	-927.5
drug_195	-836.5	-857.5	-426.5	-751.5	-697.5	-843.5
drug_196	-846.5	-916.5	682	-867.5	-916.5	-904.5
drug_197	-827.5	-923.5	-502.5	-821.5	-895	-864.5
drug_198	-928.5	-932.5	-836.5	-933.5	-776	-873.5
drug_199	-1011.5	-1028.5	-237	-818	-1048.5	-1014
drug_2	-779.5	-598.5	-423	504	-712	-882.5
drug_20	-788.5	-815.5	-481	-490	-908.5	-838.5
drug_200	-846.5	-916.5	682	-867.5	-920	-904.5
drug_201	813	732	767	-879.5	-893.5	-744.5
drug_202	813	732	767	-879.5	-757.5	-744.5
drug_203	700.5	634.5	732	-843.5	-732	-659.5
drug_204	-811	-879	-916.5	-914.5	-985.5	601
drug_205	-857	-879	-919	-920	-916.5	668.5
drug_206	684	626	721	-785.5	-619	-777.5
drug_207	783	717	791.5	-831	717.5	744.5
drug_208	813	732	767	-879.5	-757.5	-744.5
drug_209	700.5	634.5	732	-843.5	-729.5	-659.5
drug_21	-788.5	-815.5	-481	-490	-700.5	-838.5
drug_210	-885	-861	-912	-931	-926.5	779.5
drug_211	652	-621.5	746	-748.5	769.5	698
drug_212	813	732	767	-879.5	867	-744.5
drug_213	813	732	767	-879.5	-965	-744.5
drug_214	-588.5	-621.5	-618.5	-776.5	-908.5	-672.5
drug_215	-869	-812	470	-1044	-956.5	-861
drug_216	-857	-879	-919	-920	-775	668.5
drug_217	-857	-879	-919	-920	-775	668.5
drug_218	813	732	767	-879.5	-757.5	-744.5
drug_219	-857	-879	-919	-920	-855.5	668.5
drug_22	661.5	772.5	928.5	690.5	733	-226.5
drug_220	813	732	767	-879.5	-752	-744.5
drug_221	813	732	767	-879.5	-752	-744.5
drug_222	-885	-861	-912	-931	-929.5	779.5
drug_223	700.5	634.5	732	-843.5	-953	-659.5
drug_224	783	717	791.5	-831	718.5	744.5
drug_225	700.5	634.5	732	-843.5	-729.5	-659.5
drug_226	-905	-767	505	-1080	-982	979
drug_227	-885	-861	-912	-931	-869	779.5
drug_228	-885	-861	-912	-931	-786.5	779.5
drug_229	813	732	767	-879.5	-757.5	-744.5
drug_23	-811	-879	-494.5	-624.5	-867	-848.5
drug_230	813	732	767	-879.5	-965	-744.5
drug_231	927	802	843	827.5	912.5	832
drug_232	-875.5	-797	687	759.5	-754.5	-895.5
drug_233	925	783	828	823	733.5	-870.5
drug_234	925	783	828	823	734.5	-870.5
drug_235	925	783	828	823	907.5	-870.5
drug_236	-875.5	-797	687	759.5	-1025	-895.5
drug_237	928	-786	793	833	742.5	-913.5
drug_238	-868.5	-833.5	840	-752.5	-839	-831.5
drug_239	930	-823	825	835	-942.5	-886.5
drug_24	-811	-879	-494.5	-624.5	-1006	-848.5
drug_240	-839	-809	723	690.5	668.5	-829.5
drug_241	-769.5	-842.5	-518.5	546	-797	-790.5
drug_242	930	-823	825	835	753.5	-886.5
drug_243	907	-833.5	839	807	-1007.5	-842.5
drug_244	-1084	-1006.5	-693	-807	-1073.5	-1104
drug_245	845	597	720	673	-624.5	694
drug_246	-868.5	-833.5	743	762	-845	-855.5
drug_247	-788.5	-815.5	-489	646	-677	-853.5
drug_248	827.5	749.5	774	753	657.5	-776.5
drug_249	757	645	773	-829.5	838.5	-788.5
drug_25	625.5	-669	-897	-795	583.5	751.5
drug_250	-885	-861	842	-824.5	-955.5	-856.5
drug_251	-885	-861	795	-885.5	-716.5	-767.5
drug_252	822.5	684.5	742	752	641.5	-830.5
drug_253	938	-789.5	845	-900.5	-821	-828.5
drug_254	862	752	844	-864.5	741.5	-834.5
drug_255	-868.5	-833.5	744.5	-805	-996	-868
drug_256	-868.5	-833.5	744.5	-805	-1062	-868
drug_257	930	-823	825	835	755	-886.5
drug_258	-857	-879	861	-780.5	-984.5	807
drug_259	813	732	862	-808.5	-795.5	-698.5
drug_26	-811	-879	-942	-909	-439	826.5
drug_260	568	-490	-592.5	489	-532	-713.5
drug_261	728.5	575.5	-863	789.5	-648	788.5
drug_262	756	-566.5	-828.5	-887.5	-594.5	771
drug_263	728.5	575.5	-863	789.5	-597.5	788.5
drug_264	-789	-822	-416	-977	-995.5	-874
drug_265	728.5	575.5	-863	789.5	512	788.5
drug_266	788.5	614.5	-817.5	806	-300.5	783
drug_267	568	-490	-592.5	489	-537	-713.5
drug_268	728.5	575.5	-863	789.5	688	788.5
drug_269	660.5	541.5	-883.5	740.5	707	842.5
drug_27	625.5	-669	-897	-795	-636.5	751.5
drug_270	728.5	575.5	-863	789.5	686.5	788.5
drug_271	728.5	575.5	-863	789.5	684	788.5
drug_272	568	-490	-592.5	489	-701	-713.5
drug_273	568	-490	-592.5	489	-705.5	-713.5
drug_274	728.5	575.5	-863	789.5	516	788.5
drug_275	728.5	575.5	-863	789.5	512	788.5
drug_276	509	-545.5	-671	-447	-702.5	661.5
drug_277	728.5	575.5	-863	789.5	517.5	788.5
drug_278	509	-545.5	-671	-447	-561	661.5
drug_279	728.5	575.5	-863	789.5	747	788.5
drug_28	625.5	-669	-897	-795	-638.5	751.5
drug_280	660.5	541.5	-883.5	740.5	535	842.5
drug_281	-516	-730	-747	-686	-621.5	-521
drug_282	509	-545.5	-671	-447	-638.5	661.5
drug_283	568	-490	-592.5	489	-826	-713.5
drug_284	509	-545.5	-671	-447	-640	661.5
drug_285	-516	-730	-747	-686	-798	627
drug_286	684	626	-873	-828	-675	705.5
drug_287	568	-490	-592.5	489	-760	-713.5
drug_288	625.5	-669	-897	-795	755.5	751.5
drug_289	684	626	-873	-828	-675	705.5
drug_29	625.5	-669	-897	-795	-624.5	751.5
drug_290	596.5	-458	-632.5	547.5	-429.5	-693
drug_291	584	-415.5	-562	534	-479	-730.5
drug_292	584	-415.5	-562	534	-386	-730.5
drug_293	584	-415.5	-562	534	-479	-730.5
drug_294	584	-415.5	-562	534	-555.5	-730.5
drug_295	584	-415.5	-562	534	-303.5	-730.5
drug_296	557	-589.5	-647.5	-530.5	-580	-638.5
drug_297	499.5	-458	-625	-425	-404	-664.5
drug_298	584	-415.5	-562	534	-614.5	-730.5
drug_299	584	-415.5	-562	534	-620.5	-730.5
drug_3	-779.5	-598.5	-423	504	-663.5	-882.5
drug_30	-811	-879	-942	-909	580.5	826.5
drug_300	584	-415.5	-562	534	-680.5	-730.5
drug_301	544	-490	-612	510.5	-537	-676
drug_302	584	-415.5	-562	534	-473	-730.5
drug_303	584	-415.5	-562	534	-609	-730.5
drug_304	596.5	-458	-632.5	547.5	-512	-693
drug_305	584	-415.5	-562	534	-473	-730.5
drug_306	499.5	-458	-625	-425	-530	-664.5
drug_307	584	-415.5	-562	534	399	-730.5
drug_308	584	-415.5	-562	534	-614.5	-730.5
drug_309	584	-415.5	-562	534	-561.5	-730.5
drug_31	-811	-879	-942	-909	-603	826.5
drug_310	509	-545.5	-671	-447	-557.5	661.5
drug_311	544	-490	-612	510.5	-680.5	-676
drug_312	544	-490	-612	510.5	-619.5	-676
drug_313	544	-490	-612	510.5	543	-676
drug_314	584	-415.5	-562	534	-609	-730.5
drug_315	584	-415.5	-562	534	399	-730.5
drug_316	509	-545.5	-671	-447	-768.5	661.5
drug_317	499.5	-458	-625	-425	-531.5	-664.5
drug_318	584	-415.5	-562	534	-614.5	-730.5
drug_319	-458.5	-589.5	-641.5	-605.5	-747.5	-608.5
drug_32	625.5	-669	-897	-795	579	751.5
drug_320	775.5	665.5	780.5	652.5	622	799.5
drug_321	568	-490	-592.5	489	-760	-713.5
drug_322	761	697	812	-836.5	855	728
drug_323	775.5	665.5	780.5	652.5	789.5	799.5
drug_324	775.5	665.5	780.5	652.5	617.5	799.5
drug_325	813	732	802	-886.5	839.5	841
drug_326	775.5	665.5	780.5	652.5	-774.5	799.5
drug_327	775.5	665.5	780.5	652.5	614	799.5
drug_328	775.5	665.5	780.5	652.5	-728.5	799.5
drug_329	719	649	-821	558.5	-666	845.5
drug_33	-795	-906	-933.5	-902.5	-970.5	635
drug_330	761	697	812	-836.5	-951	728
drug_331	-716.5	-930.5	-544.5	-886.5	-926	764.5
drug_332	775.5	665.5	780.5	652.5	786	799.5
drug_333	568	-490	-592.5	489	-701	-713.5
drug_334	775.5	665.5	780.5	652.5	612	799.5
drug_335	719	649	-821	558.5	816	845.5
drug_336	775.5	665.5	780.5	652.5	617.5	799.5
drug_337	568	-490	-592.5	489	-618.5	-713.5
drug_338	775.5	665.5	780.5	652.5	-669.5	799.5
drug_339	568	-490	-592.5	489	-618.5	-713.5
drug_34	625.5	-669	-897	-795	583.5	751.5
drug_340	775.5	665.5	780.5	652.5	612	799.5
drug_341	568	-490	-592.5	489	-801	-713.5
drug_342	-983.5	-982.5	602	-792	-631.5	1159
drug_343	719	649	-821	558.5	817.5	845.5
drug_344	783	717	823	-863.5	677.5	869
drug_345	775.5	665.5	780.5	652.5	-794.5	799.5
drug_346	761	697	812	-836.5	-885	728
drug_347	719	649	-821	558.5	642.5	845.5
drug_348	761	697	812	-836.5	-743.5	728
drug_349	-911.5	-852.5	805.5	810.5	881	-918.5
drug_35	-811	-879	-942	-909	-599	826.5
drug_350	-911.5	-852.5	805.5	810.5	-719	-918.5
drug_351	-811	-629.5	-414.5	621	-906.5	-901.5
drug_352	-903	-920	756	-815.5	-890	-900.5
drug_353	899	-786	788	756	-850.5	-911.5
drug_354	-911.5	-852.5	805.5	810.5	878.5	-918.5
drug_355	-911.5	-852.5	805.5	810.5	-755.5	-918.5
drug_356	-1091.5	-1023.5	558.5	-950.5	-1098.5	-1080.5
drug_357	-857	-879	475	-766.5	-772.5	-927.5
drug_358	-923.5	-911.5	836	-848.5	-910	-934.5
drug_359	-911.5	-852.5	818	764	-888.5	-918.5
drug_36	-811	-879	-942	-909	406.5	826.5
drug_360	882	780	841	750	580	873
drug_361	-911.5	-852.5	805.5	810.5	-1096	-918.5
drug_362	-783	-782	-444.5	471	-1017.5	-858.5
drug_363	-911.5	-852.5	805.5	810.5	-886	-918.5
drug_364	-911.5	-852.5	818	764	-963.5	-918.5
drug_365	-923.5	-911.5	836	-848.5	-910	-934.5
drug_366	-875.5	-797	671	634	-905.5	-872.5
drug_367	-923.5	-911.5	836	-848.5	-1115.5	-934.5
drug_368	-857	-879	475	-766.5	-815.5	-927.5
drug_369	899	-786	788	756	-990.5	-911.5
drug_37	625.5	-669	-897	-795	453	751.5
drug_370	-923.5	-911.5	836	-848.5	-828.5	-934.5
drug_371	899	-786	788	756	825.5	-911.5
drug_372	-891	-823	820.5	-750	-868	-879
drug_373	921.5	739.5	790	796	-567.5	-796.5
drug_374	-911.5	-852.5	818	764	-1027.5	-918.5
drug_375	-881.5	-908.5	761	-813.5	-874	-857.5
drug_376	-963.5	-927.5	816	-818.5	-1077.5	-943.5
drug_377	-767	-599	590	-762	-627.5	816
drug_378	-923.5	-911.5	836	-848.5	-912	-934.5
drug_379	516	-458	-632.5	-425	-502.5	-598.5
drug_38	-516	-730	-747	-686	-785.5	-521
drug_380	544	-458	-632.5	449.5	-502.5	-598.5
drug_381	-421.5	-545.5	-671	-530.5	-549.5	624.5
drug_382	544	-458	-632.5	449.5	-375	-598.5
drug_383	557	-589.5	-647.5	-530.5	-406.5	-638.5
drug_384	544	-458	-632.5	449.5	-648.5	-598.5
drug_385	-421.5	-545.5	-671	-530.5	-684.5	573.5
drug_386	-516	-730	-747	-686	-575.5	-521
drug_387	544	-458	-632.5	449.5	-648.5	-598.5
drug_388	557	-589.5	-647.5	-530.5	-575.5	-638.5
drug_389	544	-458	-632.5	449.5	480.5	-598.5
drug_39	-516	-730	-747	-686	-703	-521
drug_390	557	-589.5	-647.5	-530.5	-448	-638.5
drug_391	557	-589.5	-647.5	-530.5	585	-638.5
drug_392	544	-458	-632.5	449.5	-648.5	-598.5
drug_393	557	-589.5	-647.5	-530.5	-575.5	-638.5
drug_394	544	-458	-632.5	449.5	-507	-598.5
drug_395	-421.5	-545.5	-671	-530.5	-730.5	624.5
drug_396	-421.5	-545.5	-671	-530.5	-695.5	573.5
drug_397	-769.5	-842.5	-927	-895	-477.5	685.5
drug_398	-516	-730	-747	-686	-798	-521
drug_399	557	-589.5	-647.5	-530.5	-570.5	-638.5
drug_4	-779.5	-598.5	-423	504	-790	-882.5
drug_40	-811	-879	-942	-909	584	826.5
drug_400	-516	-730	-747	-686	-656.5	-521
drug_401	-588.5	-621.5	693.5	-811	-483	546.5
drug_402	544	-458	-632.5	449.5	-585	-598.5
drug_403	515	-545.5	-640.5	-631.5	741.5	433
drug_404	-516	-730	-747	-686	-703	-521
drug_405	-716.5	-930.5	-544.5	-886.5	-891	764.5
drug_406	557	-589.5	-647.5	-530.5	-658	-638.5
drug_407	-641.5	854	165	573.5	-684	-700.5
drug_408	-637.5	769	315	448	819	-697.5
drug_409	-620.5	703	-130.5	452.5	-648.5	-693.5
drug_41	625.5	-669	-897	-795	751	751.5
drug_410	-637.5	769	315	448	818	-697.5
drug_411	-631.5	786	160.5	456	-665	829
drug_412	-551.5	455.5	-147	328	-581	-683
drug_413	-582	-522	-142	-376	-631	-687
drug_414	-551.5	455.5	-147	328	-585	-683
drug_415	-551.5	455.5	-147	328	-583	-683
drug_416	-616	764	-137.5	483.5	-641	851.5
drug_417	-579.5	-550.5	-152.5	-342.5	-600.5	-688
drug_418	-609	699.5	231.5	-595	647	907
drug_419	-551.5	455.5	-147	328	-583	-683
drug_42	-811	-879	-942	-909	-435	826.5
drug_420	406.5	714.5	494.5	-386	837	920
drug_421	-616	551.5	167.5	-362.5	-691	-689
drug_422	-659	916	283	578	823	949.5
drug_423	-641.5	854	165	573.5	-683	-700.5
drug_424	-583.5	578	-135.5	468.5	-625.5	-691.5
drug_425	-616	764	-137.5	483.5	-664	851.5
drug_426	-583.5	578	-135.5	468.5	-625.5	-691.5
drug_427	-551.5	455.5	-147	328	-555	-683
drug_428	-659	916	283	578	821.5	949.5
drug_429	-659	916	283	578	820	949.5
drug_43	-811	-879	-942	-909	582	826.5
drug_430	-659	830.5	162.5	546	-696	1003
drug_431	-659	916	283	578	821.5	949.5
drug_432	-620.5	703	-130.5	452.5	-643.5	-693.5
drug_433	-318.5	712.5	502.5	-364	844	988
drug_434	-643.5	935.5	535.5	-641	946	969
drug_435	-309.5	476.5	-253	-365	557	676
drug_436	493.5	807.5	477.5	440	648	1116
drug_437	761	697	812	-836.5	855	728
drug_438	761	697	812	-836.5	-935.5	728
drug_439	-905.5	-896.5	-908.5	-923.5	-989.5	874.5
drug_44	625.5	-669	-897	-795	579	751.5
drug_440	856.5	742.5	847.5	-857	-994.5	866.5
drug_441	856.5	742.5	847.5	-857	-725.5	866.5
drug_442	695	-791	-831	-811	-782.5	760.5
drug_443	741	-652	-804.5	-836.5	-616	742.5
drug_444	868.5	789.5	856.5	-857	-1011.5	836.5
drug_445	-624	-669	751.5	-744.5	-923.5	699.5
drug_446	761	697	812	-836.5	683	728
drug_447	-905.5	-896.5	-908.5	-923.5	-988	874.5
drug_448	-952.5	-840.5	585.5	-1057.5	-1036.5	1133.5
drug_449	868.5	789.5	856.5	-857	747.5	836.5
drug_45	-788.5	-815.5	-937.5	-904.5	553.5	773
drug_450	719	649	735.5	-782.5	-900.5	-794.5
drug_451	868.5	789.5	856.5	-857	-807	836.5
drug_452	740	750	805	771	649	-459
drug_453	-857	-879	-906.5	-916.5	-1011.5	703
drug_454	676	-611.5	722	-782.5	-958	-794.5
drug_455	868.5	789.5	856.5	-857	-942	836.5
drug_456	868.5	789.5	856.5	-857	-800.5	836.5
drug_457	868.5	789.5	856.5	-857	919.5	836.5
drug_458	868.5	789.5	856.5	-857	-800.5	836.5
drug_459	868.5	789.5	856.5	-857	-800.5	836.5
drug_46	625.5	-669	-897	-795	751	751.5
drug_460	719	649	735.5	-782.5	-816.5	-794.5
drug_461	-905.5	-896.5	-908.5	-923.5	-719	878
drug_462	-857	-879	-921.5	-917.5	708.5	831
drug_463	-624	-669	751.5	-744.5	-923.5	699.5
drug_464	856.5	742.5	847.5	-857	-800.5	866.5
drug_465	741	-652	-804.5	-836.5	-885	742.5
drug_466	1101.5	1027.5	842.5	1145.5	815	-604.5
drug_467	-504.5	553	927	581	480.5	566
drug_468	950	872	817	958	628	-454
drug_469	401.5	405.5	721.5	410.5	-278.5	-470.5
drug_47	625.5	-669	-897	-795	583.5	751.5
drug_470	523.5	448.5	406	468	398	724
drug_471	-504.5	553	927	581	479	566
drug_472	1101.5	1027.5	842.5	1145.5	798.5	-604.5
drug_473	1051.5	983.5	1019	1118.5	870	567
drug_474	1051.5	983.5	1019	1118.5	890	567
drug_475	1101.5	1027.5	842.5	1145.5	814	-604.5
drug_476	1101.5	1027.5	842.5	1145.5	817.5	-604.5
drug_477	978	981	1053	1086	933	514
drug_478	1051.5	983.5	1019	1118.5	881.5	567
drug_479	1101.5	1027.5	842.5	1145.5	808	-604.5
drug_48	-938	-958	-961	-959	380	647.5
drug_480	1058.5	990.5	969	1132	795	561
drug_481	1083	1047	989.5	1138.5	893.5	-556.5
drug_482	1058.5	990.5	969	1132	802.5	561
drug_483	1000	944	1035	1088	878.5	580
drug_484	1101.5	1027.5	842.5	1145.5	802	-604.5
drug_485	1101.5	1027.5	842.5	1145.5	811.5	-604.5
drug_486	1083	1047	989.5	1138.5	894.5	-556.5
drug_487	1101.5	1027.5	842.5	1145.5	802	-604.5
drug_488	1058.5	990.5	969	1132	803.5	561
drug_489	1101.5	1027.5	842.5	1145.5	814	-604.5
drug_49	-953	-943	-961	-943.5	-362.5	590
drug_490	950	872	817	958	652	-454
drug_491	1130.5	1009.5	703	1151	889	478
drug_492	1101.5	1027.5	842.5	1145.5	817.5	-604.5
drug_493	1058.5	990.5	758	1136	789.5	490
drug_494	457.5	550.5	1049.5	414.5	577	495.5
drug_495	1007	912	649	1130	616.5	-613
drug_496	1068	958	678	1137	606	579
drug_5	-811	-797	-437.5	661.5	-712.5	-908.5
drug_50	-953	-943	-961	-943.5	475	590
drug_51	-953	-943	-961	-943.5	307.5	590
drug_52	557	-589.5	-647.5	-530.5	-448	-638.5
drug_53	-1138.5	-1158.5	-758.5	-1159.5	-588.5	914.5
drug_54	-1145.5	-1166.5	-765.5	-1166.5	225.5	907.5
drug_55	-938	-958	-961	-959	556	647.5
drug_56	-953	-943	-961	-943.5	479.5	590
drug_57	-953	-943	-961	-943.5	298	590
drug_58	-953	-943	-961	-943.5	307.5	590
drug_59	-953	-943	-961	-943.5	-519.5	590
drug_6	-779.5	-598.5	-423	504	-712	-882.5
drug_60	-938	-958	-961	-959	-272.5	647.5
drug_61	-953	-943	-961	-943.5	-513.5	590
drug_62	-938	-958	-961	-959	382	647.5
drug_63	-953	-943	-961	-943.5	-504	590
drug_64	-953	-943	-961	-943.5	298	590
drug_65	-953	-943	-961	-943.5	475	590
drug_66	-953	-943	-961	-943.5	-454.5	590
drug_67	-953	-943	-961	-943.5	-585.5	590
drug_68	-953	-943	-961	-943.5	-372	590
drug_69	-938	-958	-961	-959	552	647.5
drug_7	-811	-629.5	-410	585	-920.5	-861.5
drug_70	-953	-943	-961	-943.5	-508	590
drug_71	-953	-943	-961	-943.5	-559.5	590
drug_72	-659	-790	-445	-731	-810	-840
drug_73	557	-589.5	-647.5	-530.5	-575.5	-638.5
drug_74	-953	-943	-961	-943.5	470	590
drug_75	-938	-958	-961	-959	378	647.5
drug_76	-938	-958	-961	-959	-561.5	647.5
drug_77	-953	-943	-961	-943.5	313.5	590
drug_78	-938	-958	-961	-959	376	647.5
drug_79	433.5	-534.5	620.5	-488.5	-483.5	-715.5
drug_8	-811	-797	-437.5	661.5	-924	-908.5
drug_80	-953	-943	-961	-953.5	-380	733
drug_81	-953	-943	-961	-943.5	311	590
drug_82	-421.5	-545.5	-671	-530.5	-554	573.5
drug_83	-769.5	-842.5	-927	-895	-684	685.5
drug_84	-769.5	-842.5	-927	-895	-515.5	685.5
drug_85	-769.5	-842.5	-927	-895	-684	685.5
drug_86	-795	-906	-933.5	-902.5	-763	635
drug_87	-421.5	-545.5	-671	-530.5	-691	573.5
drug_88	-421.5	-545.5	-671	-530.5	-757	573.5
drug_89	-769.5	-842.5	-927	-895	-809	685.5
drug_9	-779.5	-598.5	-423	504	-933.5	-882.5
drug_90	-516	-730	-747	-686	-864	-521
drug_91	-421.5	-545.5	-671	-530.5	-632	573.5
drug_92	-516	-730	-747	-686	-703	-521
drug_93	-421.5	-545.5	-671	-530.5	-554	573.5
drug_94	-421.5	-545.5	-671	-530.5	513	573.5
drug_95	-421.5	-545.5	-671	-530.5	-549.5	573.5
drug_96	-421.5	-545.5	-671	-530.5	-543	573.5
drug_97	-516	-730	-747	-686	-529	-521
drug_98	-421.5	-545.5	-671	-530.5	-415.5	573.5
drug_99	-421.5	-545.5	-671	-530.5	-691	573.5
