ad	density	cc	spath	eigencentr	betwcentr
Acebutolol	-530.5	-792	-838	-869	-792.5	-303
Acetylsalicylic_acid	-530.5	-792	-838	-869	-870.5	-303
Alprenolol	-530.5	-792	-838	-869	-862	-303
Amiloride	-530.5	-792	-838	-869	-663.5	-303
Amlodipine	-530.5	-792	-838	-869	-768.5	-303
Atenolol	-530.5	-792	-838	-869	-862	-303
Atorvastatin	-787	-733	-897	-928	-624	-362
Benazepril	-530.5	-792	-838	-869	-768.5	-303
Bendroflumethiazide	-530.5	-792	-838	-869	-719.5	-303
Betaxolol	-530.5	-792	-838	-869	-813	-303
Bezafibrate	-530.5	-792	-838	-869	-870.5	-303
Bisoprolol	-530.5	-792	-838	-869	-663.5	-303
Bumetanide	-530.5	-792	-838	-869	-712.5	-303
Canrenoic_acid	-530.5	-792	-838	-869	-830.5	-303
Captopril	-530.5	-792	-838	-869	-768.5	-303
Carteolol	-372	-601.5	-719.5	842	-581.5	-597.5
Carvedilol	-530.5	-792	-838	-869	-712.5	-303
Cerivastatin	-530.5	-792	-838	-869	-664.5	-303
Chlorhexidine	881	993	-363.5	902	863.5	-414.5
Chlorthalidone	-530.5	-792	-838	-869	-768.5	-303
Cilnidipine	-813	-1058.5	-556.5	-1023.5	-1032	575.5
Cilostazol	-530.5	-792	-838	-869	-768.5	-303
Clofibrate	-530.5	-792	-838	-869	-768.5	-303
Clopidogrel	-530.5	-792	-838	-869	-862	-303
Cyclopenthiazide	-530.5	-792	-838	-869	-862	-303
Digoxin	-530.5	-792	-838	-869	-768.5	-303
Dipyridamole	-530.5	-792	-838	-869	-737	-303
Dobutamine	-530.5	-792	-838	-869	-737	-303
Dopamine	-530.5	-792	-838	-869	-803	-303
Enalapril	-530.5	-792	-838	-869	-737	-303
Eprosartan	-530.5	-792	-838	-869	-862	-303
Esmolol	-530.5	-792	-838	-869	-696	-303
Etacrynic_acid	-530.5	-792	-838	-869	-768.5	-303
Etilefrine	-530.5	-792	-838	-869	-708	-303
Ezetimibe	-412	-672.5	-718.5	842	-1034.5	269
Felodipine	-530.5	-792	-838	-869	-813	-303
Fenofibrate	-530.5	-792	-838	-869	-830.5	-303
Fenoldopam	-530.5	-792	-838	-869	-768.5	-303
Gemfibrozil	-530.5	-792	-838	-869	-719.5	-303
Hydroflumethiazide	-530.5	-792	-838	-869	-862	-303
Iloprost	-735	-964.5	-1041.5	842	-969	-543.5
Indapamide	-649	-673.5	-603.5	-987.5	-531.5	269
Irbesartan	-530.5	-792	-838	-869	-813	-303
Isradipine	-530.5	-792	-838	-869	-768.5	-303
Labetalol	-530.5	-792	-838	-869	-768.5	-303
Losartan	-530.5	-792	-838	-869	-737	-303
Lovastatin	-530.5	-792	-838	-869	-719.5	-303
Menadione	-530.5	-792	-838	-869	-862	-303
Mephentermine	-530.5	-792	-838	-869	-862	-303
Metolazone	-787	-733	-897	-928	-578.5	-362
Metoprolol	-530.5	-792	-838	-869	-768.5	-303
Midodrine	-530.5	-792	-838	-869	-888	-303
Milrinone	-791	-1020.5	-1096.5	651.5	-1038.5	-168.5
Moexipril	-792.5	-1022	-1097.5	-994.5	-1040.5	-630.5
Nadolol	-530.5	-792	-838	-869	-813	-303
Niacin	-530.5	-792	-838	-869	-712.5	-303
Nicardipine	-530.5	-792	-838	-869	-768.5	-303
Nicotinyl_alcohol	-530.5	-792	-838	-869	-830.5	-303
Nifedipine	-530.5	-792	-838	-869	-768.5	-303
Nimodipine	-530.5	-792	-838	-869	-768.5	-303
Nitrendipine	-530.5	-792	-838	-869	-862	-303
Nitrofural	-530.5	-792	-838	-869	-737	-303
Olmesartan	-530.5	-792	-838	-869	-768.5	-303
Ouabain	-530.5	-792	-838	-869	-737	-303
Oxprenolol	-530.5	-792	-838	-869	-862	-303
Perindopril	-530.5	-792	-838	-869	-862	-303
Pindolol	-530.5	-792	-838	-869	-768.5	-303
Piretanide	-530.5	-792	-838	-869	-862	-303
Practolol	-530.5	-792	-838	-869	-862	-303
Pravastatin	296	-680.5	-399.5	783	-636	-378.5
Probucol	-530.5	-792	-838	-869	-870.5	-303
Propranolol	415	-680.5	902	-825.5	604.5	328
Quinapril	-530.5	-792	-838	-869	-830.5	-303
Quinethazone	-530.5	-792	-838	-869	-712.5	-303
Ramipril	-530.5	-792	-838	-869	-663.5	-303
Rivaroxaban	-530.5	-792	-838	-869	-712.5	-303
Rosuvastatin	-530.5	-792	-838	-869	-803	-303
Simvastatin	-530.5	-792	-838	-869	-737	-303
Sotalol	-530.5	-792	-838	-869	-862	-303
Spironolactone	-530.5	-792	-838	-869	-862	-303
Synephrine	-530.5	-792	-838	-869	-712.5	-303
Telmisartan	-530.5	-792	-838	-869	-737	-303
Ticlopidine	-530.5	-792	-838	-869	-919.5	-303
Tienilic_acid	-530.5	-792	-838	-869	-712.5	-303
Timolol	-530.5	-792	-838	-869	-663.5	-303
Torasemide	-530.5	-792	-838	-869	-813	-303
Treprostinil	-530.5	-792	-838	-869	-813	-303
Triamterene	-530.5	-792	-838	-869	-813	-303
Valsartan	-530.5	-792	-838	-869	-737	-303
Warfarin	-530.5	-792	-838	-869	-830.5	-303
drug_1	766	-1000.5	592.5	-581.5	-1002.5	804.5
drug_10	-602.5	-1000.5	538.5	-581.5	-1031	750.5
drug_100	766	878	787	668	673	-450.5
drug_101	766	878	787	668	1033	-450.5
drug_102	766	878	787	668	934.5	-450.5
drug_103	766	878	787	668	723	-466
drug_104	766	878	787	668	1033	-466
drug_105	766	878	787	668	903.5	-466
drug_106	766	878	787	668	859	-450.5
drug_107	766	878	787	668	826	-450.5
drug_108	766	878	787	668	987.5	-466
drug_109	766	878	787	668	852.5	-450.5
drug_11	766	-947	592.5	-549	-949.5	804.5
drug_110	533.5	645.5	554.5	435.5	632	-797.5
drug_111	533.5	645.5	-597.5	-627.5	702.5	676.5
drug_112	533.5	645.5	-597.5	-627.5	654	676.5
drug_113	533.5	645.5	-597.5	-627.5	495.5	676.5
drug_114	533.5	645.5	-597.5	-627.5	702.5	676.5
drug_115	533.5	645.5	-597.5	-627.5	834.5	676.5
drug_116	533.5	645.5	554.5	435.5	502.5	-797.5
drug_117	533.5	645.5	-597.5	-627.5	495.5	676.5
drug_118	533.5	645.5	-597.5	-627.5	691	676.5
drug_119	533.5	645.5	-597.5	-627.5	-542.5	676.5
drug_12	766	-947	592.5	-549	-949.5	804.5
drug_120	533.5	645.5	-597.5	-627.5	576.5	676.5
drug_121	533.5	645.5	554.5	435.5	783.5	-797.5
drug_122	533.5	645.5	-597.5	-627.5	405	676.5
drug_123	533.5	645.5	-597.5	-627.5	-524	676.5
drug_124	533.5	645.5	-597.5	-627.5	613.5	676.5
drug_125	533.5	645.5	-597.5	-627.5	453.5	676.5
drug_126	533.5	645.5	-597.5	-627.5	702.5	676.5
drug_127	533.5	645.5	554.5	435.5	573	-797.5
drug_128	533.5	645.5	554.5	435.5	839.5	-797.5
drug_129	533.5	645.5	554.5	435.5	576.5	-797.5
drug_13	766	-1000.5	592.5	-581.5	-1044	804.5
drug_130	533.5	645.5	-597.5	-627.5	834.5	676.5
drug_131	533.5	645.5	-597.5	-627.5	632	676.5
drug_132	533.5	645.5	554.5	435.5	573	-797.5
drug_133	533.5	645.5	-597.5	-627.5	702.5	676.5
drug_134	533.5	645.5	554.5	435.5	702.5	-797.5
drug_135	533.5	645.5	-597.5	-627.5	794.5	676.5
drug_136	533.5	645.5	-597.5	-627.5	783.5	676.5
drug_137	533.5	645.5	-597.5	-627.5	425	676.5
drug_138	533.5	645.5	554.5	435.5	702.5	-797.5
drug_139	533.5	645.5	-597.5	-627.5	613.5	676.5
drug_14	766	-947	592.5	-549	-988.5	804.5
drug_140	533.5	645.5	554.5	435.5	702.5	-797.5
drug_141	533.5	645.5	-597.5	-627.5	632	676.5
drug_142	766	878	787	668	805	-958
drug_143	766	878	787	668	934.5	-647.5
drug_144	766	878	787	668	987.5	-797.5
drug_145	766	878	-801	668	750.5	-888
drug_146	766	878	787	668	987.5	-797.5
drug_147	766	878	787	668	934.5	-958
drug_148	766	878	787	668	1033	-958
drug_149	766	878	787	668	852.5	-647.5
drug_15	-602.5	-1000.5	538.5	-581.5	-985	750.5
drug_150	766	878	-801	668	903.5	-888
drug_151	766	878	-801	668	805	-888
drug_152	766	878	787	668	1125	-647.5
drug_153	766	878	787	668	805	-647.5
drug_154	766	878	787	668	805	-647.5
drug_155	766	878	-801	668	750.5	-888
drug_156	766	878	-801	668	805	-888
drug_157	766	878	-801	668	934.5	-888
drug_158	766	878	-801	668	1033	-888
drug_159	766	878	787	668	934.5	-797.5
drug_16	766	-947	592.5	-549	-968	804.5
drug_160	766	878	-801	668	826	-888
drug_161	766	878	787	668	934.5	-647.5
drug_162	766	878	-801	668	1125	-888
drug_163	766	878	787	668	934.5	-958
drug_164	766	878	787	668	880	-647.5
drug_165	766	878	-801	668	987.5	-888
drug_166	766	878	-801	668	987.5	-888
drug_167	766	878	-801	668	903.5	-888
drug_168	766	878	787	668	673	-958
drug_169	766	878	-801	668	934.5	-888
drug_17	766	-947	592.5	-549	-968	804.5
drug_170	766	878	-801	668	1079.5	-888
drug_171	-854.5	-689.5	538.5	-759.5	641	750.5
drug_172	-879.5	-766.5	538.5	-814.5	-648	750.5
drug_173	-798	-678	538.5	-766	-819.5	750.5
drug_174	-861	-679	538.5	-767	710.5	750.5
drug_175	-879.5	-766.5	538.5	-814.5	-778.5	750.5
drug_176	-854.5	-689.5	538.5	-759.5	-738.5	750.5
drug_177	-899	-697	538.5	-834	-808	750.5
drug_178	-813	-713	538.5	-782	641	750.5
drug_179	-879.5	-766.5	538.5	-814.5	-778.5	750.5
drug_18	-536	-947	538.5	-549	-949.5	750.5
drug_180	-899	-697	538.5	-834	658	750.5
drug_181	-879.5	-766.5	538.5	-814.5	-929.5	750.5
drug_182	-879.5	-766.5	538.5	-814.5	-761	750.5
drug_183	-854.5	-689.5	538.5	-759.5	-899	750.5
drug_184	-879.5	-766.5	538.5	-814.5	-890.5	750.5
drug_185	-854.5	-689.5	538.5	-759.5	557.5	750.5
drug_186	-795.5	-681.5	538.5	-750.5	569.5	750.5
drug_187	-879.5	-766.5	538.5	-814.5	739.5	750.5
drug_188	-854.5	-689.5	538.5	-759.5	673	750.5
drug_189	-899	-697	538.5	-834	711	750.5
drug_19	-602.5	-1000.5	538.5	-581.5	-985	750.5
drug_190	-879.5	-766.5	538.5	-814.5	-750	750.5
drug_191	-577.5	-923.5	538.5	-526.5	-1004	750.5
drug_192	-854.5	-689.5	538.5	-759.5	-748	750.5
drug_193	-879.5	-766.5	538.5	-814.5	-770.5	750.5
drug_194	-879.5	-766.5	538.5	-814.5	-770.5	750.5
drug_195	-879.5	-766.5	538.5	-814.5	-761	750.5
drug_196	-854.5	-689.5	538.5	-759.5	743.5	750.5
drug_197	-854.5	-689.5	538.5	-759.5	-894.5	750.5
drug_198	-879.5	-766.5	538.5	-814.5	771.5	750.5
drug_199	-813	-713	538.5	-782	771.5	750.5
drug_2	-602.5	-1000.5	538.5	-581.5	-1021.5	750.5
drug_20	-602.5	-1000.5	538.5	-581.5	-1003.5	750.5
drug_200	-795.5	-681.5	538.5	-750.5	-705.5	750.5
drug_201	533.5	645.5	-597.5	-627.5	-430.5	676.5
drug_202	533.5	645.5	-597.5	-627.5	495.5	676.5
drug_203	533.5	645.5	554.5	435.5	576.5	-797.5
drug_204	533.5	645.5	-597.5	-627.5	705	676.5
drug_205	533.5	645.5	554.5	435.5	576.5	-797.5
drug_206	533.5	645.5	554.5	435.5	577	-797.5
drug_207	533.5	645.5	-597.5	-627.5	573	676.5
drug_208	533.5	645.5	-597.5	-627.5	-524	676.5
drug_209	533.5	645.5	554.5	435.5	495.5	-797.5
drug_21	766	-1000.5	592.5	-581.5	-970.5	804.5
drug_210	533.5	645.5	554.5	435.5	495.5	-797.5
drug_211	533.5	645.5	-597.5	-627.5	573	676.5
drug_212	533.5	645.5	-597.5	-627.5	495.5	676.5
drug_213	533.5	645.5	-597.5	-627.5	654	676.5
drug_214	533.5	645.5	-597.5	-627.5	702.5	676.5
drug_215	533.5	645.5	-597.5	-627.5	702.5	676.5
drug_216	533.5	645.5	554.5	435.5	702.5	-797.5
drug_217	533.5	645.5	-597.5	-627.5	-675	676.5
drug_218	533.5	645.5	-597.5	-627.5	702.5	676.5
drug_219	533.5	645.5	-597.5	-627.5	702.5	676.5
drug_22	-790	-1019.5	-956.5	-627.5	-1059.5	-113.5
drug_220	533.5	645.5	-597.5	-627.5	495.5	676.5
drug_221	533.5	645.5	554.5	435.5	702.5	-797.5
drug_222	533.5	645.5	-597.5	-627.5	632	676.5
drug_223	533.5	645.5	-597.5	-627.5	573	676.5
drug_224	533.5	645.5	-597.5	-627.5	691	676.5
drug_225	533.5	645.5	554.5	435.5	573	-797.5
drug_226	533.5	645.5	-597.5	-627.5	783.5	676.5
drug_227	533.5	645.5	-597.5	-627.5	502.5	676.5
drug_228	533.5	645.5	554.5	435.5	702.5	-797.5
drug_229	533.5	645.5	-597.5	-627.5	702.5	676.5
drug_23	766	-947	592.5	-549	-949.5	804.5
drug_230	533.5	645.5	-597.5	-627.5	702.5	676.5
drug_231	766	878	787	668	1033	-797.5
drug_232	766	878	-801	668	826	-888
drug_233	766	878	-801	668	1033	-888
drug_234	766	878	787	668	1033	-647.5
drug_235	766	878	787	668	987.5	-958
drug_236	766	878	-801	668	-771	-888
drug_237	766	878	-801	668	852.5	-888
drug_238	766	878	787	668	645.5	-797.5
drug_239	766	878	787	668	1033	-647.5
drug_24	766	-947	592.5	-549	-949.5	804.5
drug_240	766	878	787	668	805	-647.5
drug_241	766	878	-801	668	826	-888
drug_242	766	878	787	668	987.5	-647.5
drug_243	766	878	787	668	780.5	-647.5
drug_244	766	878	787	668	1033	-647.5
drug_245	766	878	787	668	1066	-647.5
drug_246	766	878	-801	668	858	-888
drug_247	766	878	787	668	934.5	-647.5
drug_248	766	878	787	668	727.5	-647.5
drug_249	766	878	-801	668	1033	-888
drug_25	775	-853	778	659	-876	900
drug_250	766	878	787	668	1125	-647.5
drug_251	766	878	787	668	805	-647.5
drug_252	766	878	787	668	826	-647.5
drug_253	766	878	787	668	852.5	-647.5
drug_254	766	878	-801	668	841.5	-888
drug_255	766	878	787	668	858	-647.5
drug_256	766	878	-801	668	685.5	-888
drug_257	766	878	-801	668	645.5	-888
drug_258	766	878	787	668	880	-647.5
drug_259	766	878	-801	668	1033	-888
drug_26	775	-680.5	778	659	-784.5	900
drug_260	-665	325	-732	-305	-211.5	-958
drug_261	-323.5	325	-360	-273	-227.5	-832
drug_262	-735	645.5	-801	-455	-782	-888
drug_263	-372	325	-445.5	-353.5	361	-797.5
drug_264	-665	325	-732	-305	-315.5	-958
drug_265	-665	325	-732	-305	-324.5	-958
drug_266	-372	325	-445.5	-353.5	-285.5	-797.5
drug_267	-665	325	-732	-305	225.5	-958
drug_268	-323.5	325	-360	-273	-227.5	-832
drug_269	-665	325	-732	-305	-315.5	-958
drug_27	775	-853	778	659	-901.5	900
drug_270	-665	325	-732	-305	-334.5	-958
drug_271	-665	325	-732	-305	343.5	-958
drug_272	-665	325	-732	-305	-324.5	-958
drug_273	-372	325	-445.5	-353.5	225.5	-797.5
drug_274	-735	645.5	-801	-455	573	-888
drug_275	-372	325	-445.5	-353.5	343.5	-797.5
drug_276	-323.5	325	-360	-273	243	-832
drug_277	-735	645.5	-801	-455	-631	-888
drug_278	-372	325	-445.5	-353.5	343.5	-797.5
drug_279	-372	325	-445.5	-353.5	-307	-797.5
drug_28	775	-853	778	659	-919.5	900
drug_280	-323.5	325	-360	-273	-225.5	-832
drug_281	-372	325	-445.5	-353.5	324	-797.5
drug_282	-665	325	-732	-305	-334.5	-958
drug_283	-665	325	-732	-305	-324.5	-958
drug_284	-372	325	-445.5	-353.5	-365	-797.5
drug_285	533.5	645.5	-597.5	-627.5	-430.5	676.5
drug_286	-372	325	-445.5	-353.5	337	-797.5
drug_287	-323.5	325	-360	-273	243	-832
drug_288	-372	325	-445.5	-353.5	-436.5	-797.5
drug_289	-388	-545	-498	245	-595	-725
drug_29	775	-853	778	659	-891.5	900
drug_290	766	878	-801	668	826	-888
drug_291	766	878	787	668	681	-797.5
drug_292	766	878	-801	668	934.5	-888
drug_293	766	878	787	668	972	-958
drug_294	766	878	-801	668	852.5	-888
drug_295	766	878	-801	668	784	-888
drug_296	766	878	-801	668	-810	-888
drug_297	766	878	-801	668	934.5	-888
drug_298	766	878	-801	668	936.5	-888
drug_299	766	878	-801	668	880	-888
drug_3	-602.5	-1000.5	538.5	-581.5	-1039	750.5
drug_30	533.5	645.5	554.5	435.5	654	-725
drug_300	766	878	-801	668	934.5	-888
drug_301	766	878	-801	668	880	-888
drug_302	766	878	-801	668	934.5	-888
drug_303	766	878	-801	668	1033	-888
drug_304	766	878	-801	668	934.5	-888
drug_305	766	878	-801	668	805	-888
drug_306	766	878	-801	668	1033	-888
drug_307	766	878	787	668	903.5	-647.5
drug_308	766	878	787	668	727.5	-958
drug_309	766	878	-801	668	805	-888
drug_31	775	-680.5	778	659	-748	900
drug_310	766	878	-801	668	934.5	-888
drug_311	766	878	-801	668	826	-888
drug_312	766	878	-801	668	903.5	-888
drug_313	766	878	787	668	934.5	-797.5
drug_314	766	878	-801	668	805	-888
drug_315	766	878	-801	668	880	-888
drug_316	766	878	-801	668	1033	-888
drug_317	766	878	787	668	972	-797.5
drug_318	766	878	-801	668	934.5	-888
drug_319	766	878	787	668	1079.5	-647.5
drug_32	533.5	645.5	554.5	435.5	-558.5	-725
drug_320	1007.5	654.5	1010.5	891.5	580	-797.5
drug_321	1007.5	654.5	1010.5	891.5	642	667.5
drug_322	766	878	-801	668	852.5	-888
drug_323	1007.5	654.5	1010.5	891.5	-503	-888
drug_324	1007.5	654.5	1010.5	891.5	633	-888
drug_325	1007.5	654.5	1010.5	891.5	580	667.5
drug_326	1007.5	654.5	1010.5	891.5	633	667.5
drug_327	1007.5	654.5	1010.5	891.5	577	-888
drug_328	1007.5	654.5	1010.5	891.5	-828.5	-888
drug_329	1007.5	654.5	1010.5	891.5	543.5	-958
drug_33	775	-853	778	659	-891.5	900
drug_330	1007.5	654.5	1010.5	891.5	525.5	-958
drug_331	766	878	787	668	-800	444
drug_332	1007.5	654.5	1010.5	891.5	622.5	-958
drug_333	1007.5	654.5	1010.5	891.5	-771	-888
drug_334	1007.5	654.5	1010.5	891.5	622.5	667.5
drug_335	1007.5	654.5	1010.5	891.5	525.5	667.5
drug_336	766	878	-801	668	858	-888
drug_337	1007.5	654.5	1010.5	891.5	-677.5	-888
drug_338	1007.5	654.5	1010.5	891.5	-693.5	667.5
drug_339	1007.5	654.5	1010.5	891.5	678.5	667.5
drug_34	775	-680.5	778	659	-766.5	900
drug_340	1007.5	654.5	1010.5	891.5	-636	667.5
drug_341	1007.5	654.5	1010.5	891.5	-675	667.5
drug_342	766	878	-801	668	903.5	-888
drug_343	1007.5	654.5	1010.5	891.5	678.5	667.5
drug_344	1007.5	654.5	1010.5	891.5	678.5	-888
drug_345	1007.5	654.5	1010.5	891.5	-636	667.5
drug_346	1007.5	654.5	1010.5	891.5	525.5	667.5
drug_347	1007.5	654.5	1010.5	891.5	577	-797.5
drug_348	1007.5	654.5	1010.5	891.5	633	667.5
drug_349	-879.5	-766.5	538.5	-814.5	756.5	750.5
drug_35	775	-853	778	659	-901.5	900
drug_350	-813	-713	538.5	-782	-725.5	750.5
drug_351	-854.5	-689.5	538.5	-759.5	-743.5	750.5
drug_352	-854.5	-689.5	538.5	-759.5	-911	750.5
drug_353	-879.5	-766.5	538.5	-814.5	-778.5	750.5
drug_354	-813	-713	538.5	-782	-725.5	750.5
drug_355	-879.5	-766.5	538.5	-814.5	-778.5	750.5
drug_356	-795.5	-681.5	538.5	-750.5	641	750.5
drug_357	-813	-713	538.5	-782	-725.5	750.5
drug_358	-813	-713	538.5	-782	-735.5	750.5
drug_359	-813	-713	538.5	-782	789.5	750.5
drug_36	775	-853	778	659	-855	900
drug_360	766	878	787	668	1033	-647.5
drug_361	-813	-713	538.5	-782	722.5	750.5
drug_362	-879.5	-766.5	538.5	-814.5	-778.5	750.5
drug_363	-795.5	-681.5	538.5	-750.5	-856.5	750.5
drug_364	-879.5	-766.5	538.5	-814.5	722.5	750.5
drug_365	-854.5	-689.5	538.5	-759.5	-855.5	750.5
drug_366	-813	-713	538.5	-782	603.5	750.5
drug_367	-813	-713	538.5	-782	-837.5	750.5
drug_368	-879.5	-766.5	538.5	-814.5	-750	750.5
drug_369	-879.5	-766.5	538.5	-814.5	-778.5	750.5
drug_37	775	-545	778	659	-585	900
drug_370	-813	-713	538.5	-782	739.5	750.5
drug_371	-879.5	-766.5	538.5	-814.5	624	750.5
drug_372	-879.5	-766.5	538.5	-814.5	624	750.5
drug_373	766	878	787	668	1033	-958
drug_374	-879.5	-766.5	538.5	-814.5	810.5	750.5
drug_375	-879.5	-766.5	538.5	-814.5	-752.5	750.5
drug_376	-813	-713	538.5	-782	658	750.5
drug_377	1056	1056	473	354	1036	-564.5
drug_378	-813	-713	538.5	-782	-847.5	750.5
drug_379	775	-619	-801	659	-782	900
drug_38	775	-490	778	659	-549.5	900
drug_380	775	-446.5	778	659	375	900
drug_381	775	-619	-801	659	-631	900
drug_382	775	-446.5	778	659	-524	900
drug_383	775	-619	-801	659	-602.5	900
drug_384	775	422	778	659	348	-958
drug_385	-735	645.5	-801	-455	654	-888
drug_386	775	-446.5	778	659	-542.5	900
drug_387	-735	645.5	-801	-455	-659	-888
drug_388	775	-446.5	778	659	-524	900
drug_389	775	-619	-801	659	-810	900
drug_39	775	-545	778	659	-577	900
drug_390	-735	645.5	-801	-455	-631	-888
drug_391	775	-619	-801	659	-518	900
drug_392	775	-446.5	778	659	-430.5	900
drug_393	775	422	778	659	348	-958
drug_394	775	-619	-801	659	-602.5	900
drug_395	775	-619	-801	659	-789.5	900
drug_396	775	-446.5	778	659	-581.5	900
drug_397	533.5	645.5	554.5	435.5	702.5	-797.5
drug_398	775	422	778	659	-324.5	-958
drug_399	775	-446.5	778	659	-411	900
drug_4	766	-1000.5	592.5	-581.5	-1013	804.5
drug_40	775	-680.5	778	659	-635	900
drug_400	775	422	778	659	348	900
drug_401	533.5	-853	-567	435.5	-816	676.5
drug_402	775	-619	-801	659	-677.5	900
drug_403	775	-446.5	778	659	-524	900
drug_404	775	422	778	659	-285.5	900
drug_405	533.5	645.5	-597.5	-627.5	875.5	676.5
drug_406	775	-619	-801	659	-631	900
drug_407	-1094.5	-1024.5	-582.5	-1146.5	-994	629.5
drug_408	-1094.5	-1024.5	-582.5	-1146.5	-994	629.5
drug_409	-1069.5	-999.5	-615.5	-1082.5	-894	575.5
drug_41	775	-853	778	659	-901	900
drug_410	-1094.5	-1024.5	-582.5	-1146.5	-985	629.5
drug_411	-1094.5	-1024.5	-582.5	-1146.5	-985	629.5
drug_412	-1094.5	-1024.5	-582.5	-1146.5	-976.5	629.5
drug_413	-1069.5	-999.5	-615.5	-1082.5	-901.5	575.5
drug_414	-1094.5	-1024.5	-582.5	-1146.5	-985	629.5
drug_415	-1094.5	-1024.5	-582.5	-1146.5	-982	629.5
drug_416	-1094.5	-1024.5	-582.5	-1146.5	-994	629.5
drug_417	-1094.5	-1024.5	-582.5	-1146.5	-985	629.5
drug_418	-1094.5	-1024.5	-582.5	-1146.5	-985	629.5
drug_419	-1094.5	-1024.5	-582.5	-1146.5	-980	629.5
drug_42	775	-680.5	778	659	-748	900
drug_420	-1049	-963	-1154.5	-621.5	-877.5	-688.5
drug_421	-1069.5	-999.5	-615.5	-1082.5	-894	575.5
drug_422	-1094.5	-1024.5	-582.5	-1146.5	-999.5	629.5
drug_423	-1094.5	-1024.5	-582.5	-1146.5	-994	629.5
drug_424	-1094.5	-1024.5	-582.5	-1146.5	-976.5	629.5
drug_425	-1094.5	-1024.5	-582.5	-1146.5	-999.5	629.5
drug_426	-1094.5	-1024.5	-582.5	-1146.5	-976.5	629.5
drug_427	-1094.5	-1024.5	-582.5	-1146.5	-985	629.5
drug_428	-1094.5	-1024.5	-582.5	-1146.5	-973	629.5
drug_429	-1094.5	-1024.5	-582.5	-1146.5	-995.5	629.5
drug_43	775	-545	778	659	-548.5	900
drug_430	-1094.5	-1024.5	-582.5	-1146.5	-985	629.5
drug_431	-1094.5	-1024.5	-582.5	-1146.5	-976.5	629.5
drug_432	-1069.5	-999.5	-615.5	-1082.5	-919	575.5
drug_433	-991.5	-905.5	-631	1065.5	-893	492.5
drug_434	-1069.5	-999.5	-615.5	-1082.5	-929	575.5
drug_435	-991.5	-905.5	-631	1065.5	-892	492.5
drug_436	-787	-733	-897	-928	-705.5	-362
drug_437	-735	645.5	-801	-455	794.5	-888
drug_438	-735	645.5	-801	-455	820.5	-888
drug_439	-735	645.5	-801	-455	702.5	-888
drug_44	775	-680.5	778	659	-584	900
drug_440	533.5	-853	-567	435.5	-816	676.5
drug_441	533.5	645.5	-597.5	-627.5	-675	676.5
drug_442	533.5	-680.5	554.5	435.5	820.5	676.5
drug_443	533.5	-853	-567	435.5	-883	676.5
drug_444	533.5	-853	-567	435.5	-868.5	676.5
drug_445	533.5	-853	-567	435.5	-826.5	676.5
drug_446	533.5	-680.5	554.5	435.5	-784.5	676.5
drug_447	-735	645.5	-801	-455	654	-888
drug_448	533.5	-853	-567	435.5	-938	676.5
drug_449	533.5	-853	-567	435.5	-855	676.5
drug_45	775	-680.5	778	659	-797.5	900
drug_450	-735	645.5	-801	-455	654	-888
drug_451	-735	645.5	-801	-455	-828.5	-888
drug_452	766	878	787	668	1033	444
drug_453	-735	645.5	-801	-455	-782	-888
drug_454	-735	645.5	-801	-455	-659	-888
drug_455	-735	645.5	-801	-455	783.5	-888
drug_456	533.5	-680.5	554.5	435.5	-691	676.5
drug_457	-735	645.5	-801	-455	-782	-888
drug_458	-735	645.5	-801	-455	820.5	-888
drug_459	533.5	-680.5	554.5	435.5	-766.5	676.5
drug_46	775	-490	778	659	-495	900
drug_460	-735	645.5	-801	-455	632	-888
drug_461	533.5	-853	-567	435.5	-873.5	676.5
drug_462	-735	645.5	-801	-455	702.5	-888
drug_463	533.5	-853	-567	435.5	-863	676.5
drug_464	-735	645.5	-801	-455	-810	-888
drug_465	-735	645.5	-801	-455	702.5	-888
drug_466	775	-446.5	778	659	-524	900
drug_467	533.5	645.5	-597.5	-627.5	691	676.5
drug_468	533.5	645.5	-597.5	-627.5	482.5	676.5
drug_469	775	-446.5	778	659	-524	900
drug_47	775	-853	778	659	-873.5	900
drug_470	533.5	645.5	-597.5	-627.5	702.5	676.5
drug_471	775	-446.5	778	659	-430.5	900
drug_472	533.5	645.5	554.5	435.5	573	-797.5
drug_473	775	422	778	659	429	900
drug_474	775	422	778	659	-285.5	900
drug_475	775	-446.5	778	659	-430.5	900
drug_476	533.5	645.5	-597.5	-627.5	654	676.5
drug_477	775	-446.5	778	659	-430.5	900
drug_478	775	-446.5	778	659	-524	900
drug_479	533.5	645.5	-597.5	-627.5	654	676.5
drug_48	533.5	-680.5	554.5	435.5	-673	676.5
drug_480	775	-446.5	778	659	-374.5	900
drug_481	775	-446.5	778	659	-675	900
drug_482	775	-446.5	778	659	-700.5	900
drug_483	775	422	778	659	424	900
drug_484	775	-446.5	778	659	348	900
drug_485	775	422	778	659	-453	900
drug_486	775	-446.5	778	659	-524	900
drug_487	775	-446.5	778	659	-524	900
drug_488	775	-446.5	778	659	-524	900
drug_489	775	-446.5	778	659	392.5	900
drug_49	533.5	645.5	554.5	435.5	702.5	676.5
drug_490	775	-446.5	778	659	-581.5	900
drug_491	775	-446.5	778	659	348	900
drug_492	775	422	778	659	373	900
drug_493	775	-446.5	778	659	-542.5	900
drug_494	823.5	823.5	240.5	121.5	920.5	-564.5
drug_495	775	-446.5	778	659	-524	900
drug_496	775	-446.5	778	659	-524	900
drug_5	766	-1000.5	592.5	-581.5	-1021.5	804.5
drug_50	533.5	645.5	554.5	435.5	820.5	-797.5
drug_51	533.5	645.5	554.5	435.5	573	-797.5
drug_52	533.5	-680.5	554.5	435.5	-635	676.5
drug_53	533.5	-680.5	554.5	435.5	783.5	676.5
drug_54	533.5	645.5	-597.5	-627.5	-581.5	676.5
drug_55	533.5	645.5	-597.5	-627.5	613.5	676.5
drug_56	533.5	645.5	554.5	435.5	702.5	-797.5
drug_57	533.5	645.5	554.5	435.5	613.5	-797.5
drug_58	533.5	645.5	-597.5	-627.5	-636	676.5
drug_59	533.5	645.5	-597.5	-627.5	495.5	676.5
drug_6	766	-947	592.5	-549	-949.5	804.5
drug_60	533.5	645.5	-597.5	-627.5	783.5	676.5
drug_61	533.5	645.5	-597.5	-627.5	576.5	676.5
drug_62	533.5	645.5	-597.5	-627.5	495.5	676.5
drug_63	533.5	645.5	-597.5	-627.5	495.5	676.5
drug_64	533.5	645.5	554.5	435.5	783.5	-797.5
drug_65	533.5	645.5	-597.5	-627.5	702.5	676.5
drug_66	533.5	645.5	554.5	435.5	632	-797.5
drug_67	533.5	645.5	-597.5	-627.5	573	676.5
drug_68	533.5	645.5	554.5	435.5	573	-797.5
drug_69	533.5	645.5	-597.5	-627.5	632	676.5
drug_7	766	-947	592.5	-549	-973	804.5
drug_70	533.5	645.5	-597.5	-627.5	783.5	676.5
drug_71	533.5	645.5	-597.5	-627.5	540	676.5
drug_72	533.5	645.5	-597.5	-627.5	632	676.5
drug_73	533.5	645.5	554.5	435.5	573	-797.5
drug_74	533.5	645.5	554.5	435.5	702.5	-797.5
drug_75	533.5	645.5	-597.5	-627.5	654	676.5
drug_76	533.5	645.5	554.5	435.5	702.5	-797.5
drug_77	533.5	645.5	-597.5	-627.5	-675	676.5
drug_78	533.5	645.5	-597.5	-627.5	632	676.5
drug_79	533.5	645.5	554.5	435.5	783.5	676.5
drug_8	-602.5	-1000.5	538.5	-581.5	-1013	750.5
drug_80	533.5	645.5	-597.5	-627.5	820.5	676.5
drug_81	533.5	645.5	-597.5	-627.5	710.5	676.5
drug_82	766	878	787	668	1033	-450.5
drug_83	766	878	787	668	780.5	-450.5
drug_84	766	878	787	668	880	-647.5
drug_85	766	878	787	668	1033	-450.5
drug_86	766	878	787	668	934.5	-450.5
drug_87	766	878	787	668	805	-466
drug_88	766	878	787	668	727.5	-450.5
drug_89	766	878	787	668	852.5	-466
drug_9	766	-1000.5	592.5	-581.5	-985	804.5
drug_90	766	878	787	668	852.5	-450.5
drug_91	766	878	787	668	780.5	-466
drug_92	766	878	787	668	880	-466
drug_93	766	878	787	668	944.5	-466
drug_94	766	878	787	668	934.5	-450.5
drug_95	766	878	787	668	972	-450.5
drug_96	766	878	787	668	727.5	-466
drug_97	766	878	787	668	934.5	-466
drug_98	766	878	787	668	727.5	-466
drug_99	766	878	787	668	858	-466
