ad	density	cc	spath	eigencentr	betwcentr
Acebutolol	820	965	998	952	1008.5	461
Acetylsalicylic_acid	820	965	998	952	1017	461
Alprenolol	820	965	998	952	1008.5	461
Amiloride	535	677	-738.5	859	888.5	944
Amlodipine	820	965	998	952	937	461
Atenolol	820	965	998	952	1111	461
Atorvastatin	820	965	998	952	937	461
Benazepril	820	965	998	952	937	461
Bendroflumethiazide	673	668	624.5	-965	725.5	351.5
Betaxolol	820	965	998	952	-963.5	461
Bezafibrate	820	965	998	952	1008.5	461
Bisoprolol	820	965	998	952	1002	461
Bumetanide	820	965	998	952	888.5	461
Canrenoic_acid	820	965	998	952	1008.5	461
Captopril	923	832	-976	827.5	-928.5	542.5
Carteolol	820	965	998	952	1008.5	461
Carvedilol	905.5	877.5	-745.5	1038	-681	-801.5
Cerivastatin	820	965	998	952	1111	461
Chlorhexidine	535	677	-741	864.5	573.5	372.5
Chlorthalidone	-904.5	-917.5	-918.5	-906.5	-979.5	-817.5
Cilnidipine	820	965	998	952	1008.5	461
Cilostazol	962.5	852.5	864.5	843.5	-922	556.5
Clofibrate	666.5	-825.5	856.5	-813.5	-849	-328.5
Clopidogrel	820	965	998	952	964	461
Cyclopenthiazide	820	965	998	952	1030	461
Digoxin	1061.5	1083.5	1080.5	1078.5	1115.5	634.5
Dipyridamole	910	880	1083.5	1039.5	890	-805.5
Dobutamine	1079.5	1086.5	1084.5	1082.5	1119.5	677.5
Dopamine	820	965	998	952	1008.5	461
Enalapril	820	965	998	952	937	461
Eprosartan	820	965	998	952	974.5	461
Esmolol	820	965	998	952	1073.5	461
Etacrynic_acid	820	965	998	952	1008.5	461
Etilefrine	820	965	998	952	1073.5	461
Ezetimibe	820	965	998	952	937	461
Felodipine	905.5	877.5	-747.5	1038	-811.5	-802.5
Fenofibrate	535	677	-744.5	864.5	545.5	372.5
Fenoldopam	820	965	998	952	1002	461
Gemfibrozil	820	965	998	952	937	461
Hydroflumethiazide	820	965	998	952	861.5	461
Iloprost	820	965	998	952	-922	461
Indapamide	820	965	998	952	1002	461
Irbesartan	820	965	998	952	1119.5	461
Isradipine	535	677	-741	864.5	573.5	372.5
Labetalol	932	838.5	748.5	-966.5	795	549.5
Losartan	820	965	998	952	1046	461
Lovastatin	820	965	998	952	-1039	461
Menadione	820	965	998	952	1002	461
Mephentermine	820	965	998	952	1046	461
Metolazone	820	965	998	952	1073.5	461
Metoprolol	820	965	998	952	888.5	461
Midodrine	820	965	998	952	1119.5	461
Milrinone	820	965	998	952	1119.5	461
Moexipril	722	592	-484	943.5	832.5	1087.5
Nadolol	820	965	998	952	974.5	461
Niacin	820	965	998	952	-963.5	461
Nicardipine	820	965	998	952	1008.5	461
Nicotinyl_alcohol	820	965	998	952	992	461
Nifedipine	-905.5	-918.5	-917.5	-907.5	-980.5	-818.5
Nimodipine	820	965	998	952	1008.5	461
Nitrendipine	1080.5	1087.5	1083.5	1083.5	1120.5	678.5
Nitrofural	820	965	998	952	888.5	461
Olmesartan	986	868	872.5	-963.5	866	570.5
Ouabain	820	965	998	952	936.5	461
Oxprenolol	820	965	998	952	1002	461
Perindopril	820	965	998	952	1002	461
Pindolol	820	965	998	952	1002	461
Piretanide	820	965	998	952	1054.5	461
Practolol	820	965	998	952	1147.5	461
Pravastatin	820	965	998	952	1073.5	461
Probucol	820	965	998	952	964	461
Propranolol	-895.5	965	998	952	1002	-814.5
Quinapril	820	965	998	952	964	461
Quinethazone	820	965	998	952	1008.5	461
Ramipril	820	965	998	952	1101.5	461
Rivaroxaban	820	965	998	952	1008.5	461
Rosuvastatin	820	965	998	952	850.5	461
Simvastatin	820	965	998	952	850.5	461
Sotalol	820	965	998	952	1008.5	461
Spironolactone	911.5	1049.5	1085.5	1040.5	1097.5	954.5
Synephrine	820	965	998	952	1073.5	461
Telmisartan	910	880	1084.5	867.5	1124	945.5
Ticlopidine	986	868	906.5	861	950.5	569.5
Tienilic_acid	820	965	998	952	1073.5	461
Timolol	820	965	998	952	1008.5	461
Torasemide	820	965	998	952	1039.5	461
Treprostinil	905.5	877.5	-739.5	1036.5	485	-411.5
Triamterene	820	965	998	952	964	461
Valsartan	820	965	998	952	1101.5	461
Warfarin	820	965	998	952	1008.5	461
drug_1	771.5	439.5	268	450	-357	-848
drug_10	-695.5	677	718.5	659.5	769.5	743.5
drug_100	787.5	763.5	325.5	766.5	429.5	923.5
drug_101	647	408	419	416.5	253.5	620
drug_102	-486	462	567	427	519	521
drug_103	782.5	780.5	452	772	601.5	926
drug_104	778.5	594.5	328.5	746	406.5	883.5
drug_105	-486	-333	455.5	-368.5	383.5	931.5
drug_106	647	408	419	416.5	446.5	620
drug_107	647	408	419	416.5	452	620
drug_108	647	408	419	416.5	452	620
drug_109	-404	288.5	343.5	-247	324.5	945.5
drug_11	715	445	409.5	462.5	301	848.5
drug_110	820	965	998	952	937	461
drug_111	913	677	747.5	665	758.5	-166.5
drug_112	820	965	998	952	1008.5	461
drug_113	820	965	998	952	937	461
drug_114	820	965	998	952	937	461
drug_115	820	965	998	952	1008.5	461
drug_116	820	965	998	952	1008.5	461
drug_117	820	965	998	952	1008.5	461
drug_118	590.5	-825.5	852.5	-813.5	-849	-328.5
drug_119	820	965	998	952	1002	461
drug_12	-695.5	-545.5	573	-534.5	-512	-606.5
drug_120	820	965	998	952	1008.5	461
drug_121	1007	880	907.5	1033.5	842	605.5
drug_122	820	965	998	952	1008.5	461
drug_123	820	965	998	952	899.5	461
drug_124	820	965	998	952	899	461
drug_125	820	965	998	952	964	461
drug_126	820	965	998	952	1073.5	461
drug_127	1035	1076	891	1072	931	621
drug_128	820	965	998	952	1046	461
drug_129	820	965	998	952	1008.5	461
drug_13	-690	-700	232	-668	224.5	-1005
drug_130	590.5	-825.5	852.5	-813.5	-834	-328.5
drug_131	820	965	998	952	1008.5	461
drug_132	820	965	998	952	1073.5	461
drug_133	820	965	998	952	1008.5	461
drug_134	820	965	998	952	1101.5	461
drug_135	1035	1076	891	1072	931	621
drug_136	820	965	998	952	937	461
drug_137	1035	1076	891	1072	855.5	621
drug_138	820	965	998	952	1008.5	461
drug_139	558.5	705.5	901	651	662.5	-524
drug_14	-608	-611	270	-613	223.5	1155.5
drug_140	820	965	998	952	-922	461
drug_141	1035	1076	891	1072	859.5	621
drug_142	913	677	625.5	-958.5	727.5	332.5
drug_143	978.5	-988.5	-1032	-1044.5	-1068	-664
drug_144	942.5	-988.5	-1032	-1044.5	-1016	-664
drug_145	1005	636	573	687	621	-476
drug_146	952	-988.5	-1032	-1044.5	-1080	-664
drug_147	-677	-1047	-1032	-1044.5	-1040	-616
drug_148	952	-988.5	-1032	-1044.5	-974	-664
drug_149	952	-988.5	-1032	-1044.5	-953.5	-664
drug_15	-690	-700	393	-668	435	1066.5
drug_150	976.5	-988.5	-1032	-1044.5	-984.5	-664
drug_151	976.5	-988.5	-1032	-1044.5	-1034	-664
drug_152	-677	-1047	-1032	-1044.5	-1135.5	-616
drug_153	923	832	752.5	-958.5	838.5	544.5
drug_154	-677	-1047	-1032	-1044.5	-1082	-616
drug_155	952	-988.5	-1032	-1044.5	-953.5	-664
drug_156	-647	-1066	-1032	-982	-1140	-635
drug_157	1025.5	-988.5	-1032	-1044.5	-1016	-664
drug_158	-677	-1047	-1032	-1044.5	-1076	-616
drug_159	1011.5	-972.5	-1032	-1070.5	-964.5	-649.5
drug_16	-690	-700	393	-668	424	1066.5
drug_160	952	-988.5	-1032	-1044.5	-1016	-664
drug_161	-677	-1047	-1032	-1044.5	-1009	-616
drug_162	942.5	-988.5	-1032	-1044.5	-961	-664
drug_163	952	-988.5	-1032	-1044.5	-974	-664
drug_164	942.5	-988.5	-1032	-1044.5	-984.5	-664
drug_165	-647	-1066	-1032	-982	-1025.5	-635
drug_166	952	-988.5	-1032	-1044.5	-953.5	-664
drug_167	994.5	717.5	692.5	751.5	781.5	-524
drug_168	952	-988.5	-1032	-1044.5	-953.5	-664
drug_169	942.5	-988.5	-1032	-1044.5	-1016	-664
drug_17	-695.5	677	718.5	659.5	667	743.5
drug_170	1005	636	573	687	691.5	-476
drug_171	-695.5	-545.5	-543.5	-534.5	409.5	-606.5
drug_172	-695.5	-545.5	-543.5	-534.5	559.5	-606.5
drug_173	-486	-333	459.5	-368.5	359	913.5
drug_174	-486	399	633.5	-368.5	485.5	937.5
drug_175	-695.5	-545.5	-543.5	-534.5	545	-606.5
drug_176	762	771	431.5	759.5	306.5	871.5
drug_177	-695.5	-545.5	-543.5	-534.5	-641.5	-606.5
drug_178	-695.5	-545.5	-543.5	-534.5	545	-606.5
drug_179	-695.5	-545.5	-543.5	-534.5	416	-606.5
drug_18	-690	-700	393	-668	421.5	1066.5
drug_180	-486	-333	-365	-302	-520.5	-802
drug_181	-486	-333	338	-368.5	-306.5	643
drug_182	-695.5	-545.5	-543.5	-534.5	575.5	-606.5
drug_183	-486	-333	459.5	-368.5	361	913.5
drug_184	762	771	431.5	759.5	457.5	871.5
drug_185	-695.5	677	718.5	659.5	-641.5	743.5
drug_186	-695.5	-545.5	-543.5	-534.5	-641.5	-606.5
drug_187	-486	-333	459.5	-368.5	363	913.5
drug_188	-695.5	-545.5	-543.5	-534.5	-660.5	-606.5
drug_189	762	771	431.5	759.5	621.5	871.5
drug_19	-608	-611	137	-613	115	1152.5
drug_190	762	771	431.5	759.5	-495	871.5
drug_191	943.5	369.5	-158.5	756	-150	-999.5
drug_192	-695.5	-545.5	-543.5	-534.5	-386	-606.5
drug_193	-695.5	-545.5	-543.5	-534.5	-790	-606.5
drug_194	-486	-333	443.5	302.5	-552.5	-802
drug_195	-695.5	-545.5	-543.5	-534.5	-641.5	-606.5
drug_196	-695.5	-545.5	-543.5	-534.5	-717	-606.5
drug_197	-695.5	-545.5	-543.5	-534.5	-660.5	-606.5
drug_198	-695.5	-545.5	-543.5	-534.5	-660.5	-606.5
drug_199	762	771	431.5	759.5	462.5	871.5
drug_2	715	445	409.5	462.5	498.5	848.5
drug_20	701	580	599.5	568.5	796.5	859.5
drug_200	-695.5	-545.5	-543.5	-534.5	-717	-606.5
drug_201	-899	-747	-742	-731.5	-777	885.5
drug_202	-925	-786	-742	-703	-934.5	-913
drug_203	-925	-786	-742	-703	-979	-913
drug_204	-925	-786	-742	-703	-704.5	-913
drug_205	-925	-786	-742	-703	-818	-913
drug_206	750	788	611.5	779.5	623	903.5
drug_207	-925	-786	-742	-703	-934.5	-913
drug_208	-899	-747	-742	-731.5	-558.5	890.5
drug_209	-925	-786	-742	-703	-633.5	-913
drug_21	-690	-700	393	-668	428	1066.5
drug_210	-695.5	677	718.5	659.5	807	743.5
drug_211	-925	-786	-742	-703	-633.5	-913
drug_212	-925	-786	-742	-703	-830.5	-913
drug_213	-925	-786	-742	-703	-818	-913
drug_214	-899	-747	-742	-731.5	-793	890.5
drug_215	-899	-747	-742	-731.5	-592.5	885.5
drug_216	-899	-747	-742	-731.5	-941	890.5
drug_217	-925	-786	-742	-703	-818	-913
drug_218	-925	-786	-742	-703	-966.5	-913
drug_219	-695.5	677	718.5	659.5	863.5	743.5
drug_22	331	469	503.5	861.5	540	-813.5
drug_220	-925	-786	-742	-703	-692	-913
drug_221	-925	-786	-742	-703	-830.5	-913
drug_222	-925	-786	-742	-703	-818	-913
drug_223	-925	-786	-742	-703	-692	-913
drug_224	-899	-747	-742	-731.5	-592.5	890.5
drug_225	-486	399	633.5	-368.5	323.5	937.5
drug_226	-695.5	677	718.5	659.5	769.5	743.5
drug_227	-695.5	677	718.5	659.5	704.5	743.5
drug_228	-925	-786	-742	-703	-966.5	-913
drug_229	-925	-786	-742	-703	659	-913
drug_23	701	580	599.5	568.5	641.5	859.5
drug_230	-925	-786	-742	-703	-692	-913
drug_231	762	771	431.5	759.5	-520.5	871.5
drug_232	750	788	611.5	779.5	630.5	903.5
drug_233	-695.5	-545.5	-543.5	-534.5	532.5	-606.5
drug_234	-695.5	677	718.5	659.5	656	743.5
drug_235	-695.5	-545.5	-543.5	-534.5	704	-606.5
drug_236	-695.5	677	718.5	659.5	-758	743.5
drug_237	-695.5	-545.5	-543.5	-534.5	-758	-606.5
drug_238	-695.5	-545.5	-543.5	-534.5	-641.5	-606.5
drug_239	-695.5	677	718.5	659.5	769.5	743.5
drug_24	701	580	599.5	568.5	635	859.5
drug_240	-695.5	677	718.5	659.5	769.5	743.5
drug_241	-695.5	-545.5	573	-534.5	648	-606.5
drug_242	-404	294.5	467	-264.5	-365.5	893
drug_243	-695.5	-545.5	-543.5	-534.5	575.5	-606.5
drug_244	535	677	718.5	659.5	704.5	743.5
drug_245	-695.5	-545.5	-543.5	-534.5	-641.5	-606.5
drug_246	-695.5	-545.5	-543.5	-534.5	575.5	-606.5
drug_247	-695.5	-545.5	-543.5	-534.5	-641.5	-606.5
drug_248	-695.5	-545.5	-543.5	-534.5	530	-606.5
drug_249	-695.5	-545.5	-543.5	-534.5	-512	-606.5
drug_25	-695.5	-545.5	-543.5	-534.5	-512	-606.5
drug_250	-906.5	-919.5	-916.5	-905.5	-981.5	-819.5
drug_251	-695.5	677	718.5	659.5	667	743.5
drug_252	-695.5	677	718.5	659.5	-758	743.5
drug_253	-695.5	677	718.5	659.5	460.5	743.5
drug_254	-695.5	-545.5	-543.5	-534.5	545	-606.5
drug_255	-695.5	-545.5	-543.5	-534.5	589	-606.5
drug_256	-695.5	-545.5	-543.5	-534.5	-641.5	-606.5
drug_257	-695.5	677	718.5	659.5	704.5	743.5
drug_258	-486	462	567	427	519	521
drug_259	-486	417.5	621.5	358.5	-520.5	-802
drug_26	-695.5	-545.5	-543.5	-534.5	-512	-606.5
drug_260	-695.5	-545.5	-543.5	-534.5	575.5	-606.5
drug_261	-695.5	-545.5	-543.5	-534.5	-641.5	-606.5
drug_262	-695.5	-545.5	-543.5	-534.5	-512	633
drug_263	-486	-333	443.5	302.5	-378.5	-802
drug_264	-695.5	-545.5	-543.5	-534.5	-628.5	-606.5
drug_265	-695.5	-545.5	-543.5	-534.5	718.5	-606.5
drug_266	-695.5	-545.5	-543.5	-534.5	575.5	-606.5
drug_267	-695.5	-545.5	-543.5	-534.5	-641.5	-606.5
drug_268	-695.5	-545.5	-543.5	-534.5	575.5	-606.5
drug_269	-695.5	-545.5	-543.5	535	-641.5	651.5
drug_27	-695.5	-545.5	-543.5	-534.5	-641.5	-606.5
drug_270	-486	417.5	621.5	358.5	308.5	-802
drug_271	-322.5	-335.5	-346.5	-324.5	-398.5	-815.5
drug_272	-404	374.5	592	286	478.5	952
drug_273	-695.5	-545.5	-543.5	-534.5	-758	-606.5
drug_274	-695.5	-545.5	-543.5	-534.5	-512	-606.5
drug_275	762	771	431.5	759.5	616.5	871.5
drug_276	-695.5	-545.5	-543.5	-534.5	-591	-606.5
drug_277	-695.5	677	718.5	659.5	769.5	743.5
drug_278	-695.5	-545.5	-543.5	-534.5	545	-606.5
drug_279	762	771	431.5	759.5	-404	871.5
drug_28	-695.5	-545.5	-543.5	-534.5	575.5	-606.5
drug_280	-695.5	677	718.5	659.5	704.5	743.5
drug_281	-695.5	677	718.5	659.5	769.5	743.5
drug_282	-695.5	-545.5	-543.5	-534.5	385.5	-606.5
drug_283	762	771	431.5	759.5	253	871.5
drug_284	-695.5	-545.5	-543.5	-534.5	-808	-606.5
drug_285	-695.5	-545.5	-543.5	-534.5	-641.5	-606.5
drug_286	-695.5	-545.5	-543.5	-534.5	545	-606.5
drug_287	-486	-333	443.5	302.5	-252.5	-802
drug_288	-695.5	-545.5	-543.5	-534.5	591	-606.5
drug_289	-486	-333	450	-302	-429	-802
drug_29	-695.5	-545.5	-543.5	-534.5	-790	-606.5
drug_290	619.5	-333	-306.5	-368.5	-444.5	482.5
drug_291	-404	-244	262	-247	-96.5	-444.5
drug_292	-695.5	-545.5	-543.5	-534.5	-515.5	637.5
drug_293	619.5	-333	-306.5	-368.5	-423	482.5
drug_294	-486	417.5	621.5	358.5	629.5	-802
drug_295	-486	354.5	369	-368.5	381.5	464
drug_296	792.5	794.5	800	787	617	958
drug_297	791.5	796.5	803	788	973.5	953
drug_298	-695.5	-545.5	-543.5	-534.5	-512	637.5
drug_299	-695.5	564.5	585	551	616	839
drug_3	715	445	409.5	462.5	496.5	848.5
drug_30	-695.5	-545.5	-543.5	-534.5	-641.5	-606.5
drug_300	-695.5	-545.5	-543.5	-534.5	-457	637.5
drug_301	-404	277.5	320	264.5	-155	-444.5
drug_302	-695.5	-545.5	-543.5	-534.5	-641.5	637.5
drug_303	790.5	572.5	578	751	427.5	918
drug_304	-404	-244	262	-247	-267	-444.5
drug_305	-486	-333	-306.5	-368.5	-444.5	414.5
drug_306	-404	-244	262	-247	246.5	-444.5
drug_307	-695.5	-545.5	-543.5	-534.5	-457	637.5
drug_308	628	389	396.5	399.5	425	544.5
drug_309	619.5	-333	-306.5	-368.5	-423	482.5
drug_31	723.5	474.5	448	530	527.5	662
drug_310	-695.5	-545.5	-543.5	-534.5	-445.5	-606.5
drug_311	619.5	-333	-306.5	-368.5	-328	482.5
drug_312	-695.5	-545.5	-543.5	-534.5	-594	637.5
drug_313	-695.5	-545.5	-543.5	-534.5	-628.5	-606.5
drug_314	-695.5	-545.5	-543.5	-534.5	-641.5	-606.5
drug_315	-486	-333	-365	-302	-244.5	-802
drug_316	-486	-333	-306.5	-368.5	408.5	414.5
drug_317	-486	462	567	427	522	521
drug_318	-695.5	564.5	585	551	619.5	839
drug_319	628	389	396.5	399.5	425	544.5
drug_32	-695.5	-545.5	-543.5	-534.5	-641.5	-606.5
drug_320	-925	-786	-742	-703	-818	-913
drug_321	-899	-747	-742	-731.5	-663	-874
drug_322	-899	-747	-742	-731.5	-789	-874
drug_323	-899	-747	-742	-731.5	-651	-874
drug_324	-873.5	-708.5	-742	-746	-731	-850
drug_325	-899	-747	-742	-731.5	-893.5	-874
drug_326	-899	-747	-742	-731.5	-592.5	-874
drug_327	-925	-786	-742	-703	-966.5	-913
drug_328	-856	-722	-742	-703	-765.5	-955
drug_329	-899	-747	-742	-731.5	-793	-874
drug_33	-486	-333	459.5	-368.5	-306.5	913.5
drug_330	-899	-747	-742	-731.5	-592.5	-874
drug_331	320.5	354.5	369	350.5	382.5	464
drug_332	-899	-747	-742	-731.5	-777	-874
drug_333	-899	-747	-742	-731.5	-941	-874
drug_334	-856	-722	-742	-703	-765.5	-955
drug_335	-899	-747	-742	-731.5	-777	-874
drug_336	-899	-747	-742	-731.5	-777	-874
drug_337	-925	-786	-742	-703	-692	-913
drug_338	-899	-747	-742	-731.5	-667	-874
drug_339	-899	-747	-742	-731.5	-777	-874
drug_34	-695.5	-545.5	-543.5	-534.5	-641.5	-606.5
drug_340	-899	-747	-742	-731.5	-651	-874
drug_341	-695.5	-545.5	-543.5	-534.5	718.5	-606.5
drug_342	-849.5	-402.5	333	-687.5	213	-758.5
drug_343	-486	354.5	369	-368.5	380.5	464
drug_344	-899	-747	-742	-731.5	-789	-874
drug_345	-854	-695	-742	-731.5	-730	-930
drug_346	-899	-747	-742	-731.5	-777	-874
drug_347	-899	-747	-742	-731.5	-604.5	-874
drug_348	-899	-747	-742	-731.5	-777	-874
drug_349	-842.5	544	473	-679.5	606	827
drug_35	-486	-333	338	-368.5	-328	643
drug_350	778.5	594.5	307	750	-459.5	897
drug_351	-873.5	-708.5	-742	-765.5	-620	-942
drug_352	-842.5	408	342	-679.5	430.5	659
drug_353	715	445	405.5	530	365	880.5
drug_354	-873.5	-708.5	-742	-765.5	-746	-942
drug_355	-955	-767	-742	-765.5	-950	-894
drug_356	-851	-690	-742	746	-729	-959
drug_357	-955	-767	-742	-765.5	-801.5	-894
drug_358	-695.5	677	718.5	659.5	656	743.5
drug_359	701	580	599.5	568.5	641.5	859.5
drug_36	-486	-333	-365	-302	-429	-802
drug_360	-873.5	-708.5	-742	-765.5	-735.5	-942
drug_361	-955	-767	-742	-765.5	-583	-894
drug_362	715	445	405.5	530	685.5	880.5
drug_363	-955	-767	-742	-765.5	-801.5	-894
drug_364	787.5	763.5	322	769	612.5	933
drug_365	-955	-767	-742	-765.5	-795.5	-894
drug_366	715	445	405.5	530	524.5	880.5
drug_367	-842.5	-396.5	374	-679.5	-346.5	479
drug_368	-873.5	-708.5	-742	-765.5	-746	-942
drug_369	715	445	405.5	530	524.5	880.5
drug_37	-695.5	-545.5	-543.5	-534.5	-641.5	-606.5
drug_370	-938	-696	-742	-799	-543.5	-849
drug_371	789.5	557.5	260	748	500.5	928
drug_372	-426	298.5	330	313	489.5	-840
drug_373	-856	-722	-742	-703	-767	-955
drug_374	-873.5	-708.5	-742	-765.5	-735.5	-942
drug_375	-873.5	-708.5	-742	-765.5	-527.5	-942
drug_376	-383	229	269	-227	267.5	919
drug_377	-695.5	677	718.5	659.5	704.5	743.5
drug_378	-925	-786	-742	-703	-818	-913
drug_379	-404	354.5	476.5	268.5	433.5	948.5
drug_38	-695.5	-545.5	-543.5	-534.5	-512	-606.5
drug_380	-404	354.5	476.5	268.5	433.5	948.5
drug_381	709.5	429.5	413	459	476.5	-802
drug_382	732.5	373.5	314	272	446.5	943
drug_383	-695.5	677	718.5	659.5	769.5	743.5
drug_384	785	760	327	752.5	422.5	896
drug_385	782.5	780.5	452	772	603	926
drug_386	762	771	431.5	759.5	464.5	871.5
drug_387	740.5	553.5	423.5	375.5	392	956.5
drug_388	-695.5	-545.5	-543.5	-534.5	-808	-606.5
drug_389	-404	354.5	476.5	268.5	276	948.5
drug_39	-695.5	-545.5	-543.5	-534.5	-641.5	-606.5
drug_390	-695.5	-545.5	-543.5	-534.5	-445.5	-606.5
drug_391	750	788	611.5	779.5	630.5	903.5
drug_392	-404	254.5	375	-247	311.5	894
drug_393	-695.5	-545.5	-543.5	-534.5	545	-606.5
drug_394	-404	283.5	347.5	-247	322.5	929.5
drug_395	740.5	553.5	423.5	375.5	551	956.5
drug_396	701	580	599.5	568.5	641.5	859.5
drug_397	-404	283.5	347.5	-247	321.5	929.5
drug_398	-486	399	633.5	-368.5	483	937.5
drug_399	-486	-333	443.5	302.5	348	-802
drug_4	715	445	409.5	462.5	-552.5	848.5
drug_40	-486	-333	338	-368.5	-122	643
drug_400	-486	399	633.5	-368.5	485.5	937.5
drug_401	-695.5	677	718.5	659.5	610	743.5
drug_402	709.5	429.5	413	459	475.5	-802
drug_403	762	771	431.5	759.5	625	871.5
drug_404	-695.5	677	718.5	659.5	649.5	743.5
drug_405	-893	-343	-337	692.5	348	-804
drug_406	-695.5	-545.5	-543.5	-534.5	-758	-606.5
drug_407	1018.5	-972.5	-1032	-1070.5	-1006.5	-649.5
drug_408	-665.5	-1008.5	-1032	-1070.5	-965	-577.5
drug_409	-677	-1047	-1032	-1044.5	-1129	-616
drug_41	-695.5	-545.5	-543.5	-534.5	575.5	-606.5
drug_410	-677	-1047	-1032	-1044.5	-1082	-616
drug_411	-665.5	-1008.5	-1032	-1070.5	-1044	-577.5
drug_412	-665.5	-1008.5	-1032	-1070.5	-945.5	-577.5
drug_413	-665.5	-1008.5	-1032	-1070.5	-1077	-577.5
drug_414	590.5	-825.5	852.5	-813.5	-922	-328.5
drug_415	-665.5	-1008.5	-1032	-1070.5	-1038	-577.5
drug_416	-665.5	-1008.5	-1032	-1070.5	-1079.5	-577.5
drug_417	-621	-1027	-1032	-1010.5	-1069.5	-596
drug_418	-665.5	-1008.5	-1032	-1070.5	-936.5	-577.5
drug_419	-621	-1027	-1032	-1010.5	-984.5	-596
drug_42	-695.5	-545.5	-543.5	-534.5	-445.5	-606.5
drug_420	-677	-1047	-1032	-1044.5	-1009	-616
drug_421	-665.5	-1008.5	-1032	-1070.5	-1041.5	-577.5
drug_422	-595.5	-988.5	-1032	-1044.5	-1026.5	-664
drug_423	-581.5	-972.5	-1032	-1070.5	-1006.5	-649.5
drug_424	657.5	654.5	638.5	-670.5	711.5	253.5
drug_425	1015	-968.5	-1032	-1044.5	-1003	-679.5
drug_426	544.5	554.5	564.5	-670.5	598.5	142.5
drug_427	-665.5	-1008.5	-1032	-1070.5	-1041.5	-577.5
drug_428	-621	-1027	-1032	-1010.5	-952.5	-596
drug_429	923	832	752.5	-958.5	908.5	544.5
drug_43	657.5	-333	321	-368.5	349.5	471
drug_430	1015	-968.5	-1032	-1044.5	-1003	-679.5
drug_431	-665.5	-1008.5	-1032	-1070.5	-1038	-577.5
drug_432	-581.5	-972.5	-1032	-1070.5	-962.5	-649.5
drug_433	1035	1076	891	1072	928.5	621
drug_434	-647	-1066	-1032	-982	-1025.5	-635
drug_435	820	965	998	952	1008.5	461
drug_436	820	965	998	952	1046	461
drug_437	750	788	611.5	779.5	431.5	903.5
drug_438	-486	-333	459.5	-368.5	-306.5	913.5
drug_439	-695.5	677	718.5	659.5	704.5	743.5
drug_44	-695.5	-545.5	-543.5	-534.5	-758	-606.5
drug_440	-695.5	-545.5	573	-534.5	-515.5	-606.5
drug_441	-695.5	-545.5	-543.5	-534.5	575.5	-606.5
drug_442	-486	-333	459.5	-368.5	361	913.5
drug_443	-695.5	677	718.5	659.5	742	743.5
drug_444	-486	399	633.5	-368.5	322	937.5
drug_445	-695.5	677	718.5	659.5	507.5	743.5
drug_446	775	590	-365	742.5	-404	851
drug_447	-695.5	677	718.5	659.5	-758	743.5
drug_448	-695.5	-545.5	-543.5	-534.5	-660.5	-606.5
drug_449	-695.5	-545.5	-543.5	-534.5	-758	-606.5
drug_45	-695.5	-545.5	-543.5	-534.5	-790	-606.5
drug_450	-695.5	-545.5	-543.5	-534.5	718.5	-606.5
drug_451	-695.5	-545.5	-543.5	-534.5	575.5	-606.5
drug_452	-695.5	-545.5	629	-534.5	592.5	942
drug_453	-695.5	677	718.5	659.5	863.5	743.5
drug_454	731.5	449.5	373	329	320.5	951
drug_455	-486	417.5	621.5	358.5	632.5	-802
drug_456	-695.5	-545.5	-543.5	-534.5	-515.5	-606.5
drug_457	-695.5	-545.5	-543.5	-534.5	-758	-606.5
drug_458	-695.5	677	718.5	659.5	769.5	743.5
drug_459	-695.5	-545.5	-543.5	-534.5	-641.5	-606.5
drug_46	-695.5	-545.5	-543.5	-534.5	-641.5	-606.5
drug_460	-404	-244	377	-247	263.5	-444.5
drug_461	762	771	431.5	759.5	457.5	871.5
drug_462	-695.5	-545.5	-543.5	-534.5	-833.5	-606.5
drug_463	-695.5	-545.5	-543.5	-534.5	-641.5	-606.5
drug_464	-695.5	677	718.5	659.5	797.5	743.5
drug_465	-486	-333	-365	-302	-404	-802
drug_466	-695.5	677	718.5	659.5	-758	743.5
drug_467	-695.5	-545.5	-543.5	535	598.5	651.5
drug_468	-695.5	677	718.5	659.5	-660.5	743.5
drug_469	-486	417.5	621.5	358.5	631.5	-802
drug_47	-695.5	-545.5	-543.5	-534.5	-641.5	-606.5
drug_470	-695.5	677	718.5	659.5	704.5	743.5
drug_471	773.5	777.5	425	768	479.5	895
drug_472	-695.5	677	718.5	659.5	769.5	743.5
drug_473	-695.5	677	718.5	659.5	-790	743.5
drug_474	-695.5	677	718.5	659.5	-641.5	743.5
drug_475	-695.5	677	718.5	659.5	928.5	743.5
drug_476	-695.5	677	718.5	659.5	-790	743.5
drug_477	-695.5	677	718.5	659.5	647.5	743.5
drug_478	-695.5	677	718.5	659.5	656	743.5
drug_479	-695.5	677	718.5	659.5	769.5	743.5
drug_48	-695.5	677	718.5	659.5	704.5	743.5
drug_480	-695.5	677	718.5	659.5	704.5	743.5
drug_481	793.5	797.5	802	789	618	959
drug_482	-695.5	677	718.5	659.5	-660.5	743.5
drug_483	-695.5	677	718.5	659.5	863.5	743.5
drug_484	750	788	611.5	779.5	630.5	903.5
drug_485	-695.5	677	718.5	659.5	863.5	743.5
drug_486	331	469	512	459	453.5	946.5
drug_487	-695.5	677	718.5	659.5	807	743.5
drug_488	-695.5	-545.5	-543.5	535	756	651.5
drug_489	-695.5	677	718.5	659.5	582.5	743.5
drug_49	-486	399	633.5	-368.5	487.5	937.5
drug_490	750	788	611.5	779.5	621	903.5
drug_491	-486	417.5	621.5	358.5	-545.5	-802
drug_492	-486	334.5	441	315	-378.5	-802
drug_493	-695.5	677	718.5	659.5	769.5	743.5
drug_494	750	788	611.5	779.5	780	903.5
drug_495	-695.5	677	718.5	659.5	807	743.5
drug_496	-486	417.5	621.5	358.5	-404	-802
drug_5	724.5	475.5	447	540	594.5	878
drug_50	-695.5	677	718.5	659.5	807	743.5
drug_51	-695.5	-545.5	573	-534.5	-512	-606.5
drug_52	-695.5	677	718.5	659.5	704.5	743.5
drug_53	-695.5	564.5	585	551	612	839
drug_54	-695.5	564.5	585	551	616	839
drug_55	-695.5	564.5	585	551	612	839
drug_56	-486	-333	-365	-302	295.5	-802
drug_57	769	588	-365	576.5	-429	-802
drug_58	727.5	408	389	288	468.5	922
drug_59	-486	399	633.5	-368.5	485.5	937.5
drug_6	701	580	599.5	568.5	442	859.5
drug_60	-695.5	-545.5	-543.5	-534.5	418.5	-606.5
drug_61	-695.5	-545.5	-543.5	-534.5	-758	-606.5
drug_62	-695.5	564.5	585	551	777.5	839
drug_63	780.5	778.5	449	770	593.5	921
drug_64	-486	399	633.5	-368.5	321	937.5
drug_65	-695.5	-545.5	-543.5	-534.5	577.5	-606.5
drug_66	736	549	398.5	367	374.5	954.5
drug_67	-695.5	677	718.5	659.5	656	743.5
drug_68	736	549	398.5	367	373.5	954.5
drug_69	769	588	-365	576.5	-429	-802
drug_7	787.5	763.5	325.5	766.5	428.5	923.5
drug_70	-695.5	-545.5	-543.5	-534.5	-457	-606.5
drug_71	-486	342	471	-368.5	574.5	944
drug_72	-695.5	677	718.5	659.5	704.5	743.5
drug_73	-695.5	564.5	585	551	-641.5	839
drug_74	-695.5	564.5	585	551	-641.5	839
drug_75	-695.5	564.5	585	551	612	839
drug_76	785	760	-365	752.5	414.5	920
drug_77	-695.5	564.5	585	551	449	839
drug_78	734.5	758.5	446	742.5	267	-802
drug_79	1050.5	-916.5	-750.5	-904.5	-812.5	1038
drug_8	-695.5	677	718.5	659.5	769.5	743.5
drug_80	-695.5	564.5	585	551	-641.5	839
drug_81	-486	-333	455.5	-368.5	384.5	931.5
drug_82	778.5	594.5	328.5	746	405.5	883.5
drug_83	701	580	599.5	568.5	-552.5	859.5
drug_84	728.5	556.5	454	578	632.5	910
drug_85	647	408	419	416.5	449	620
drug_86	-695.5	-545.5	-543.5	535	-641.5	651.5
drug_87	701	580	599.5	568.5	645	859.5
drug_88	647	408	419	416.5	449	620
drug_89	657.5	322.5	305	347	499.5	547
drug_9	782.5	780.5	452	772	762	926
drug_90	737.5	761.5	440	749	431.5	829
drug_91	657.5	322.5	305	347	339.5	547
drug_92	-486	462	567	427	522	521
drug_93	647	408	419	416.5	-290.5	620
drug_94	-404	288.5	312	299	314.5	451
drug_95	657.5	322.5	305	347	338.5	547
drug_96	725.5	376.5	334	422	436.5	830
drug_97	-486	462	567	427	520.5	521
drug_98	628	389	438.5	392	597	-802
drug_99	-404	247.5	-255	253	-281	-444.5
