ad	density	cc	spath	eigencentr	betwcentr
drug_1	-531.5	498	-510	727.5	-445.5	-758
drug_10	-583	-441	-435	-675	671	-571
drug_100	-624.5	-612.5	-572.5	-607.5	-693.5	642
drug_101	-743.5	-729.5	-591.5	-697.5	-735.5	678.5
drug_102	-805.5	-781.5	-574.5	-797.5	-730.5	850.5
drug_103	-712	-709	-839.5	-655.5	-736.5	662
drug_104	-772	-750	-539.5	-762.5	-749.5	669.5
drug_105	-874.5	-849.5	-543.5	-869.5	-882.5	-685.5
drug_106	-653	-634	-512	-686	-707	603.5
drug_107	-915.5	-893.5	-921.5	-890.5	-907	662
drug_108	-653	-634	-512	-686	-707	719.5
drug_109	-915.5	-893.5	-921.5	-890.5	-907	821.5
drug_11	-644.5	-510.5	-568	-676	-546.5	-667
drug_110	-859	-835	-822.5	-589.5	-855.5	477.5
drug_111	-783	837	865	-700.5	-697.5	503
drug_112	712	769	880	538	597.5	430
drug_113	865	906	788	777	759	583
drug_114	790.5	642.5	913	-707.5	-653.5	573
drug_115	684.5	812.5	893.5	637.5	675	556.5
drug_116	771.5	834.5	862.5	-499.5	653.5	390.5
drug_117	-877.5	-852.5	850	-793.5	-810.5	510.5
drug_118	749	735	845	-535.5	-691.5	376
drug_119	-624.5	677.5	-753.5	-696.5	823	-452.5
drug_12	-716	-578	-670.5	-616.5	-634.5	-894.5
drug_120	-662	-640	790.5	-616.5	639	484.5
drug_121	-644	627.5	-724.5	-526	-652.5	458.5
drug_122	492	584	-696.5	-504	580	477.5
drug_123	771.5	834.5	862.5	-622	-757.5	390.5
drug_124	-478.5	500.5	741	-467.5	513.5	457
drug_125	684.5	812.5	893.5	637.5	675	556.5
drug_126	749	735	845	-499.5	568	376
drug_127	726	791	861	-507.5	618.5	469
drug_128	-756	791	850	-622	-756.5	510.5
drug_129	797.5	862.5	-716	761	754.5	-269
drug_13	822.5	777.5	-220	-631	864.5	-709
drug_130	733	850	576	774	777	335
drug_131	830.5	874.5	-696.5	770	758.5	283
drug_132	756.5	805.5	-724.5	767.5	770.5	280.5
drug_133	-896.5	-866.5	528.5	-825.5	-884.5	-401.5
drug_134	762	789	-696.5	765	775	327
drug_135	692	712	877	-471.5	-533.5	408
drug_136	669.5	775.5	883	599	631.5	574
drug_137	717.5	741.5	847	-504	588	488
drug_138	749	735	845	-534	-654.5	376
drug_139	655.5	721.5	878	518	552.5	535
drug_14	570.5	552.5	-520	-489	634	-676
drug_140	-532	542	770	-528.5	-541.5	349
drug_141	-644	-626	-724.5	-526	-651.5	433
drug_142	631	514	732	714	528	246
drug_143	762	819	563	797	710.5	435
drug_144	816.5	722.5	607	859	683	444
drug_145	824	695	507	824	545	453
drug_146	959	928	467	959	950	197
drug_147	851	834	572	952	897.5	127
drug_148	651	474	536	640	534.5	228
drug_149	868.5	848.5	487	954	924.5	149
drug_15	589.5	577.5	-579	-543	669.5	-677
drug_150	883	630	905	871	533	501
drug_151	875.5	829.5	506	865	576.5	408
drug_152	926	865	471	950	922.5	109
drug_153	613	494	745	649	492	342
drug_154	816.5	722.5	539	833	552	441
drug_155	780	731	622.5	872	615.5	462
drug_156	816	790	341.5	864.5	877.5	305.5
drug_157	891	768	482	942	630.5	192
drug_158	950.5	935.5	469	960	972	264
drug_159	893.5	660.5	899	951	621.5	167
drug_16	636	702	245	-574	680.5	-706
drug_160	773.5	649.5	541	790	650	163
drug_161	640	622	802	691	564	281
drug_162	748.5	654.5	668.5	811	607.5	-179
drug_163	572.5	481.5	688.5	679	596.5	255
drug_164	552	582	747	625	-627	-543
drug_165	530.5	519.5	661.5	543	802.5	-549
drug_166	924.5	915.5	478	957	977	429
drug_167	483	-494.5	931	639	-704	481
drug_168	728.5	575.5	935	855	-751	533
drug_169	762	819	642	867	934.5	413
drug_17	-500.5	-380.5	-606	-492	549	-877
drug_170	536	665	820	555	809	-232
drug_171	345	277	-444.5	-340.5	-406.5	383.5
drug_172	-296.5	-250.5	273.5	-429.5	-459.5	384.5
drug_173	390.5	417.5	-508.5	-309.5	487	404.5
drug_174	-430	473.5	-473.5	-592.5	-602	402.5
drug_175	-383.5	-355.5	-235.5	-395.5	-571.5	390.5
drug_176	284	-207.5	-441.5	-403.5	429.5	389.5
drug_177	-592.5	-568.5	-599.5	-718.5	-785	-433.5
drug_178	-519.5	-496.5	-528.5	-598.5	-694	-408.5
drug_179	-495	-475	-578	-438.5	-686	421
drug_18	-760.5	-616.5	-583	-746.5	702	-666
drug_180	-265	-232	-240.5	-376.5	-420	-513.5
drug_181	284	202	-199.5	-357.5	395	393.5
drug_182	-488.5	-462.5	-248.5	-635.5	-665.5	-517.5
drug_183	-321	335	-492	-370	492.5	382.5
drug_184	263.5	210.5	-225.5	-409.5	532	422.5
drug_185	378.5	366.5	-480.5	-336.5	445.5	412.5
drug_186	272.5	318.5	-566.5	-371.5	599	379.5
drug_187	367.5	315.5	-467.5	-475.5	-405.5	426.5
drug_188	296	-284	-472	-389	547.5	406.5
drug_189	278	-275.5	-532.5	-393.5	-462	421
drug_19	528.5	416.5	448.5	-455	571	-880
drug_190	313.5	-280.5	-499.5	-542.5	-473	394.5
drug_191	640	622	-604.5	-643.5	-753	-258.5
drug_192	288	144	480	-301.5	-302	478
drug_193	-580.5	-555.5	-549.5	-681.5	-772.5	427.5
drug_194	406	-284	-472	-389	-479	376.5
drug_195	-330	318.5	-482.5	-470.5	-505.5	378.5
drug_196	-509	-486	-539.5	-459.5	-674	418.5
drug_197	-460	-435	-493.5	-555.5	-622.5	387.5
drug_198	509.5	-404.5	542.5	-423.5	-592	484.5
drug_199	481.5	451.5	-510.5	379.5	730.5	-346.5
drug_2	499.5	506.5	-507.5	739.5	298	-805
drug_20	875	877	-607	742.5	916.5	-904
drug_200	-339	-315	-454.5	-493.5	588	408.5
drug_201	-277.5	348	524	-469.5	-444.5	618
drug_202	-265	290	474.5	-441.5	-414	630
drug_203	408.5	473.5	337.5	-532	554.5	728.5
drug_204	-191	290	474.5	-391.5	466	630
drug_205	-265	269.5	468.5	-398.5	498.5	516
drug_206	-333.5	-261.5	407.5	-428.5	-449	584
drug_207	-339	-315	429.5	-444.5	592	605.5
drug_208	-265	-232	352	-359.5	456.5	598
drug_209	356	375.5	301.5	414.5	579	799.5
drug_21	-542	632	-604	-493	862	-836
drug_210	419.5	439.5	282	410	539	680
drug_211	365	427	307.5	478.5	484.5	812.5
drug_212	371	397	-292.5	-391.5	435.5	753.5
drug_213	435.5	304.5	600	480	-403	843
drug_214	-243	-219	352	-365.5	478	598
drug_215	-565	-538	-391	-713	-721	558.5
drug_216	-427	-370	387.5	-568.5	-549	486.5
drug_217	-296.5	-250.5	343.5	-442.5	-443.5	491.5
drug_218	419.5	439.5	-302.5	433	440.5	682
drug_219	374	478	564	-539.5	-513	660
drug_22	781	865	647	978	981	530
drug_220	419.5	439.5	282	-502.5	595.5	680
drug_221	538	553	298.5	535.5	391.5	816.5
drug_222	374	478	353.5	493.5	561.5	803.5
drug_223	402.5	389.5	245	-499.5	577	703.5
drug_224	435.5	304.5	600	480	-323	843
drug_225	419.5	439.5	-310	-532	603	682
drug_226	435.5	-359	597.5	536.5	-555.5	851.5
drug_227	565.5	594.5	355.5	-654.5	-564	772.5
drug_228	345	277	372.5	-391.5	342.5	640.5
drug_229	-401.5	-363.5	508.5	-451.5	-553.5	499.5
drug_23	-740.5	-599.5	-673	691.5	744	-906
drug_230	383	449	-307.5	502	560.5	770.5
drug_231	-380	-430	-508	-481	399	568
drug_232	-482.5	-541.5	-542	-491.5	-378	614.5
drug_233	-380	457	557.5	-481	248.5	579.5
drug_234	-504	-559	-517.5	-556.5	-391	568
drug_235	-465.5	-524.5	-567.5	447	464.5	774
drug_236	356	375.5	-498	-418	333	557.5
drug_237	-590.5	-647.5	-572.5	-561.5	-494	737.5
drug_238	-713	-772	-802.5	-628.5	637	796.5
drug_239	-665.5	-721.5	-659	-569	-578	-670.5
drug_24	-663.5	-524.5	-613	-569	734	-858
drug_240	-740.5	-599.5	-710	-380	-471.5	-537
drug_241	-796.5	-652.5	-722.5	-477.5	-527.5	-567.5
drug_242	-665.5	-721.5	-659	-569	506	-670.5
drug_243	-465.5	-368.5	-719.5	-260	-237	-542
drug_244	-482.5	-541.5	659.5	549	680.5	-617
drug_245	-837	-641	647.5	610.5	485.5	-442
drug_246	-380	-430	-508	-481	-271.5	613
drug_247	356	375.5	-498	-418	245	556
drug_248	349.5	403.5	526.5	362.5	132.5	594.5
drug_249	-681.5	-737.5	-590.5	-619.5	-615	791
drug_25	541.5	669.5	755	649	796	529
drug_250	-618	-668	641.5	-617.5	-444.5	750.5
drug_251	-685.5	-741.5	-594	-623	-583	777.5
drug_252	-482.5	-541.5	-542	-491.5	-324.5	549
drug_253	-707	-765	-678.5	-634.5	-559.5	734.5
drug_254	-669	-725	-640	-599.5	-500	739.5
drug_255	-613	-667	-537.5	-603.5	-420	-548
drug_256	-681.5	-737.5	-590.5	-619.5	-581.5	726.5
drug_257	419.5	439.5	-508	-481	263	774
drug_258	-563	-625	-700.5	-575.5	-456	-638
drug_259	-701	-759	-752.5	-591.5	-604	-734
drug_26	550.5	612.5	746.5	557.5	607	-486
drug_260	-669	-725	-640	-599.5	-572	805.5
drug_261	-497.5	-554.5	635.5	-524.5	-384	817.5
drug_262	-725	-779	-810.5	-640.5	-629	-587
drug_263	-489.5	-548.5	637.5	-517	-386	818.5
drug_264	-596.5	-653.5	-553.5	-579.5	-491	714.5
drug_265	356	-369.5	366.5	-562.5	259	-721
drug_266	-664	-674	546.5	-636.5	-557	-713
drug_267	-489.5	-548.5	-529	-517	-420	-553.5
drug_268	-432.5	-460.5	462.5	-560.5	-252.5	-715
drug_269	-596.5	-653.5	-595.5	-588	-487	497.5
drug_27	526	617	751.5	654.5	657	550.5
drug_270	-515.5	-562.5	-516.5	-574.5	-339.5	697.5
drug_271	369	-378	638.5	-433.5	-220	781.5
drug_272	-380	-430	-520.5	-437.5	285.5	-549
drug_273	-385.5	-435.5	551.5	-510.5	-275	620.5
drug_274	-651.5	-672.5	629.5	-616.5	-514	-832
drug_275	-585	-581	-353.5	-584.5	385	540.5
drug_276	-580.5	-638.5	-602.5	-572.5	-433.5	813
drug_277	-417	-454	-354.5	-525.5	-256.5	686.5
drug_278	-573	-573	-688	-578	-430	-753.5
drug_279	-515.5	-562.5	-515.5	-573.5	-389	639.5
drug_28	701	744	632.5	759.5	531	608.5
drug_280	-704	-762	-708.5	-621.5	-611	670.5
drug_281	-687.5	-743.5	481.5	-615	-587	-841.5
drug_282	-590.5	-647.5	462.5	-551.5	-512	648
drug_283	-314	-366	-351.5	-549.5	-222	710.5
drug_284	-713	-772	-802.5	-628.5	-572	-754
drug_285	-726	-781	524	-641.5	-631	-839
drug_286	-721	-778	-808.5	-638.5	-627	-680
drug_287	-316	-387	-640	-602.5	276.5	-716
drug_288	-656.5	-713.5	-697.5	-586	-567	711.5
drug_289	-947.5	-796.5	-771	-476	-913.5	-691
drug_29	-425.5	497	634	444.5	782	-486
drug_290	572.5	499.5	-601.5	427.5	241.5	-593
drug_291	-620.5	-669.5	456	-609.5	-458.5	-821
drug_292	563.5	547.5	533.5	-397.5	-296	-603
drug_293	628	-621	-463.5	580.5	500.5	797.5
drug_294	544	-532	607.5	533.5	-337	830.5
drug_295	613.5	392.5	650.5	602.5	-150.5	870.5
drug_296	518	370	634.5	-533.5	-227	-829
drug_297	628	613	-417.5	-555.5	-407	809.5
drug_298	631.5	615.5	-386.5	557.5	639	-791
drug_299	567	-459	647.5	537.5	-261.5	-816
drug_3	-425	427	-260	638.5	542	-611
drug_30	582.5	688.5	725	640	826	-486
drug_300	634.5	573.5	631.5	593.5	-293	849.5
drug_301	503	455	-397.5	513.5	217.5	721.5
drug_302	386.5	-356	605	-330.5	276	751.5
drug_303	580.5	-458	630.5	-468	-313	861.5
drug_304	546	-532	586.5	-462.5	-411.5	-615
drug_305	-473	-532	-430.5	-462.5	-359	-615
drug_306	561.5	-576	357	-606.5	-431	-817
drug_307	563.5	-567	576.5	-550.5	-355.5	-813
drug_308	563.5	547.5	-643.5	-430.5	-293.5	-606
drug_309	-454	-465	-328.5	-537.5	409.5	-826
drug_31	353.5	475.5	697.5	571.5	679.5	-503.5
drug_310	-660	-717	-688	-578	-511.5	-612.5
drug_311	606	-628.5	-665.5	590.5	-413.5	814.5
drug_312	-411.5	-450.5	471	-483.5	-295	-815
drug_313	419.5	439.5	-396.5	467.5	291.5	741.5
drug_314	609.5	631.5	-680.5	584.5	-499	836.5
drug_315	356	375.5	-326.5	-383.5	272.5	-818
drug_316	-673.5	-729.5	575.5	-565.5	-590	825.5
drug_317	-713	-772	-802.5	-628.5	-621	-754
drug_318	-649	-708	-717.5	-523.5	-506.5	831.5
drug_319	-603	-660	-448.5	-501.5	-457.5	-742
drug_32	-509	-513	818.5	589.5	-504	553.5
drug_320	-535	-861	606.5	-895	-867	779.5
drug_321	624.5	-659.5	603.5	-841.5	-667	853.5
drug_322	432	-577.5	196.5	-757.5	-580	715.5
drug_323	-352.5	-653.5	585.5	-786.5	-657	736.5
drug_324	-530.5	-856.5	562.5	-924	-846	698.5
drug_325	-493.5	-774.5	556.5	-865	-771	654.5
drug_326	-422	-749	338.5	-862.5	-725	535.5
drug_327	447.5	-664.5	291	-833.5	-669	756.5
drug_328	542.5	-774.5	640.5	-865	-759	607.5
drug_329	-393	-721	237.5	-772.5	-747	490.5
drug_33	353.5	475.5	697.5	571.5	677	-477
drug_330	-490.5	-821.5	519.5	-699.5	-822	635.5
drug_331	958	959	-410.5	801.5	986.5	475.5
drug_332	507	-663.5	398.5	-890.5	-668	-585.5
drug_333	606	583	-266.5	-623.5	-531	819.5
drug_334	586	-753	256	-808.5	-726	828.5
drug_335	-575.5	-867.5	177.5	-944.5	-857.5	692.5
drug_336	-503	-830	568.5	-863.5	-823	840.5
drug_337	-417	-745	306.5	-763	-695	626.5
drug_338	-322.5	-638.5	591.5	-741.5	-639	776.5
drug_339	419.5	-638.5	228.5	-741.5	-653	752.5
drug_34	614	707	577.5	699.5	759.5	486.5
drug_340	-535	-861	303.5	-895	-868	596.5
drug_341	-596.5	-921.5	-341	-935.5	-924	470.5
drug_342	-645.5	-942.5	248.5	-948.5	-947	732.5
drug_343	-584	-910	-407.5	-880.5	-911	574.5
drug_344	597	-906	-406.5	-874.5	-912	823.5
drug_345	-634.5	-961.5	397	-970.5	-947.5	575.5
drug_346	583	-759	-237.5	-813.5	-712	829.5
drug_347	-581.5	-907.5	-424.5	-839.5	-904	717.5
drug_348	-322.5	-638.5	297	-741.5	-651	595.5
drug_349	740.5	755.5	676.5	764.5	-515.5	-472.5
drug_35	526	617	751.5	654.5	605.5	550.5
drug_350	734.5	772.5	689.5	731.5	-687.5	-721.5
drug_351	-746.5	738.5	680	737	-736.5	-661
drug_352	767	-688.5	829.5	774.5	-661.5	-728.5
drug_353	734.5	772.5	729	757	-514.5	-709
drug_354	-898.5	-874.5	-903	-829	-898.5	-629
drug_355	743.5	787.5	735.5	753.5	-488.5	-604.5
drug_356	-704.5	-704.5	-875.5	-577.5	-677.5	-539.5
drug_357	651	675	-844.5	671.5	-559.5	-507.5
drug_358	535	589	-577.5	520	579	-583.5
drug_359	-818	-800	-901.5	705.5	-840.5	-626.5
drug_36	743.5	787.5	638	769	756.5	568
drug_360	576	603	-891.5	664.5	-552.5	491.5
drug_361	714	697	668.5	742	-688.5	-536.5
drug_362	-564	642.5	590.5	-552.5	707	-703.5
drug_363	723.5	738.5	680	737	-694.5	-621.5
drug_364	-746.5	738.5	680	737	-795.5	-661
drug_365	-574.5	-592.5	-852.5	-521.5	-560.5	-538.5
drug_366	752.5	546.5	828.5	758.5	-515.5	-709
drug_367	-842.5	-821.5	-850.5	-770.5	-789.5	-610.5
drug_368	706	638	624.5	710.5	-489.5	-527.5
drug_369	734.5	772.5	-844.5	757	-615.5	-507.5
drug_37	651	675	502.5	614.5	771.5	-526
drug_370	-701.5	-703.5	-894.5	-568.5	729.5	-526.5
drug_371	-720.5	-713.5	-848.5	742	-741.5	-608.5
drug_372	-813	-797	-912	-640	-815.5	-529
drug_373	717.5	757.5	-844.5	743.5	-558.5	-507.5
drug_374	-842.5	-821.5	-850.5	-770.5	-845.5	-610.5
drug_375	-813	-797	-912	-640	-814.5	-529
drug_376	-915.5	-893.5	-921.5	-890.5	-912	-635.5
drug_377	-926.5	-901.5	-930.5	-899.5	-919.5	-681.5
drug_378	-925.5	-898.5	-928.5	-796.5	-955.5	-625.5
drug_379	564	552	-611	682.5	718	-588
drug_38	582.5	688.5	725	640	841.5	-501.5
drug_380	530.5	462.5	777.5	575.5	481	-612
drug_381	662	648	786.5	647.5	379	-507.5
drug_382	768.5	729.5	562	806.5	754.5	619.5
drug_383	773.5	601	827.5	821.5	552.5	636.5
drug_384	-390	413.5	672.5	537	650	-537
drug_385	588	575	505.5	668	636	-531
drug_386	568.5	634.5	807.5	662.5	583	-528
drug_387	-619.5	-492.5	672.5	537	567.5	-704
drug_388	625	682	775.5	732.5	695	-541
drug_389	597.5	725.5	812	723	697.5	-530
drug_39	743.5	787.5	638	769	659	568
drug_390	-460	359.5	622.5	517.5	638.5	-505
drug_391	-348	351	508.5	508.5	618.5	-514
drug_392	740.5	755.5	626.5	813.5	747.5	634.5
drug_393	662	648	732.5	708.5	-464	-597
drug_394	588	575	768.5	709.5	577	-529
drug_395	-444	335.5	-551.5	398	520	-598.5
drug_396	-508.5	-383.5	-596	-410	-420.5	-614
drug_397	-444	379	-551.5	-344.5	526	-598.5
drug_398	-455.5	420.5	568.5	541	790	-507.5
drug_399	643	594	425.5	670.5	803	-565
drug_4	496	498	-242	727.5	-310.5	-618
drug_40	784	751	824.5	785.5	543	623.5
drug_400	425	370	558.5	421.5	606	-561
drug_401	-876	451	-498	497	701	-674
drug_402	588	575	505.5	668	697	-545
drug_403	564	552	493.5	689.5	638.5	-536
drug_404	476	357	451.5	396.5	581.5	-570
drug_405	-369	-226	-566	577.5	679.5	595.5
drug_406	579	353	787.5	752.5	410	629.5
drug_407	-644	-626	-744.5	-651.5	-644.5	725.5
drug_408	-805.5	-781.5	-707	-809	-779.5	526.5
drug_409	-653	-634	-767.5	-605.5	-579.5	-525.5
drug_41	651	675	713.5	559.5	723.5	-584
drug_410	-805.5	-781.5	-707	-809	-720.5	462.5
drug_411	-506.5	-479.5	-658.5	-566.5	-480.5	428.5
drug_412	584.5	-526	-738	564.5	592	758.5
drug_413	551.5	-467	-663.5	-544.5	-477.5	475.5
drug_414	-772	-750	-772	-720	-766	835.5
drug_415	-635	-582	-492.5	-658.5	645	-417.5
drug_416	-459.5	-433.5	-650.5	-510.5	-390.5	478
drug_417	-692	-670	-690.5	-713.5	-661.5	712.5
drug_418	-778	-755	-750.5	-736.5	-763.5	-567.5
drug_419	-644	-626	-744.5	-651.5	-645.5	-564.5
drug_42	-425.5	475.5	697.5	571.5	643	-486
drug_420	606	583	-541	-586	-521	824.5
drug_421	-697	-674	-670.5	-733.5	-660.5	395.5
drug_422	-566	-544	-659.5	-646.5	-552.5	397.5
drug_423	-534.5	-495.5	-485	-584	516.5	-409
drug_424	619	-568.5	529.5	-702.5	-530.5	804.5
drug_425	-530	-493	-486.5	-588.5	-507.5	552.5
drug_426	589.5	537.5	-485	-584	-506	747.5
drug_427	571	-526	-738	-558	-535.5	-513
drug_428	-772	-750	-772	-720	-766	-582
drug_429	476.5	462.5	-641.5	-472.5	-429.5	438.5
drug_43	734.5	772.5	626.5	776.5	660.5	587.5
drug_430	-921.5	-506.5	-834.5	-664.5	-511.5	480.5
drug_431	-644	-626	-744.5	-651.5	-585.5	-564.5
drug_432	602	593	-653.5	569.5	-478.5	746.5
drug_433	-605.5	-568.5	-541	-586	-579	543.5
drug_434	-778	-755	-800.5	-766.5	-689.5	-467.5
drug_435	-823	-791	-569.5	-819.5	-732.5	854.5
drug_436	-924.5	-888.5	-603.5	-901.5	-915.5	863.5
drug_437	458	504	555.5	659.5	870	-361
drug_438	-392.5	420.5	610.5	526	704	-443
drug_439	-383	475.5	697.5	571.5	618	418.5
drug_44	-425.5	478	564	-479.5	-438.5	660
drug_440	336.5	413.5	672.5	441.5	569.5	-362
drug_441	-458.5	-460.5	610.5	430.5	690.5	-355.5
drug_442	439.5	427.5	548.5	541	837.5	-421
drug_443	-498	550.5	672.5	471	731	295
drug_444	439.5	427.5	643.5	457.5	595.5	-347
drug_445	-473	-474	519.5	638.5	807	-562
drug_446	509	504	601	-425.5	796.5	-355.5
drug_447	405	497	614.5	521.5	812.5	-468
drug_448	343	374	617.5	561.5	681.5	-460
drug_449	-376.5	-379.5	601	434	601	-348
drug_45	-425.5	-430.5	-484.5	-253	-418.5	593.5
drug_450	353.5	475.5	697.5	571.5	643	418.5
drug_451	-392.5	420.5	610.5	526	792	-443
drug_452	680.5	-785	409.5	-801	-904.5	910.5
drug_453	510.5	568.5	738.5	629.5	571.5	560.5
drug_454	496.5	520.5	703.5	602.5	574	565.5
drug_455	-379.5	413.5	672.5	537	608	432
drug_456	444.5	564.5	682.5	484.5	701.5	-480
drug_457	526	617	743.5	622.5	709	534.5
drug_458	-447.5	497	634	560.5	797.5	-506
drug_459	510.5	568.5	738.5	629.5	609	560.5
drug_46	526	617	751.5	654.5	618	-568.5
drug_460	541.5	669.5	755	649	782.5	529
drug_461	510.5	568.5	722	634.5	666	556
drug_462	-362	339	766.5	582.5	445.5	532.5
drug_463	510.5	568.5	738.5	629.5	559	-603
drug_464	-503	-506	677.5	534.5	707.5	-469
drug_465	-473	-474	621.5	558.5	753.5	-496.5
drug_466	941.5	957	692	945	475.5	-579
drug_467	938	950	644.5	937.5	-500.5	-674
drug_468	-508.5	570.5	776	624	750.5	-688
drug_469	734.5	862.5	938.5	816.5	818.5	-936
drug_47	-497	-500	691.5	-475	553.5	-526
drug_470	-471	578.5	-329	612.5	763.5	-589
drug_471	914	901	957	924	732	-830
drug_472	938	950	676	920	815	-579
drug_473	821.5	884.5	920.5	860.5	-580.5	-583.5
drug_474	-654	742.5	885.5	718.5	685	-700
drug_475	663	754	857	707	764.5	-773.5
drug_476	780	731	961	841	585.5	-773.5
drug_477	933.5	932.5	634	912	-616	-682
drug_478	-691	657.5	832	-741.5	635.5	-583.5
drug_479	856	718	960	881	455.5	-579
drug_48	-696	-753	-795.5	604.5	-599	-726
drug_480	821.5	884.5	920.5	860.5	-548.5	-674
drug_481	595	641	657	-652	889.5	-579
drug_482	897	890	872	890	469.5	-930
drug_483	938	950	644.5	937.5	-673.5	-945
drug_484	806.5	855.5	716	884	654	-699
drug_485	827	914	932.5	875	573	-552.5
drug_486	814	898	777.5	885.5	647.5	-552.5
drug_487	615.5	742.5	885.5	718.5	667.5	-533
drug_488	847.5	912.5	688.5	887	844.5	-674
drug_489	901	943	845	918	953	-579
drug_49	582.5	688.5	510.5	788.5	832.5	-843
drug_490	719.5	825.5	928	795.5	818.5	-615
drug_491	922	953	780	939	-464	-656
drug_492	917	940	713.5	935.5	451.5	-818
drug_493	917	940	713.5	935.5	-590	-657.5
drug_494	788	812	683	864	602.5	-548
drug_495	901	943	845	918	939	-657.5
drug_496	955	952	511.5	906	949.5	-823
drug_5	507.5	509.5	-440	731.5	736	-604
drug_50	669.5	718.5	467	606	814	-798
drug_51	-441.5	521.5	-469.5	452.5	458.5	-785.5
drug_52	669.5	718.5	644.5	795.5	527	-820
drug_53	723.5	738.5	-788.5	672.5	560.5	-773
drug_54	-527	-595	-788.5	368	465	-808.5
drug_55	-673.5	-729.5	572	277	-592	-746
drug_56	617.5	-600	-763	683.5	822	-763
drug_57	522	-541.5	450.5	420.5	805	-798
drug_58	-482.5	-541.5	-414.5	-201.5	-362.5	-798
drug_59	415	445	482	437.5	621.5	-850
drug_6	496	498	-451	727.5	-319	-596
drug_60	-645	-705	803.5	539.5	-476.5	-773
drug_61	-532	-600	-763	371.5	-439	-763
drug_62	673.5	-705	-788.5	762.5	483.5	-773
drug_63	-532	-600	-763	364.5	509.5	-763
drug_64	-532	-600	-763	472	476.5	-763
drug_65	-619	-681	-779.5	461.5	694.5	-725
drug_66	-575.5	-633.5	740.5	584.5	568.5	-814
drug_67	696.5	700.5	-763	720.5	586.5	-802
drug_68	-441.5	-504.5	572	277	-400.5	-785.5
drug_69	-575.5	-633.5	-480	411.5	467.5	795.5
drug_7	-426.5	427	-507.5	608.5	-335.5	-780
drug_70	706	638	-763	608	555.5	-802
drug_71	559.5	663.5	-763	772.5	760	-763
drug_72	449	396	642.5	592.5	508	-812
drug_73	662	648	-763	637.5	760.5	-802
drug_74	669.5	718.5	467	606	772.5	-769
drug_75	643	-653.5	-426.5	591.5	779	-806
drug_76	-645	-705	-788.5	507	668	-773
drug_77	-532	-600	-763	-190.5	-441.5	-763
drug_78	706	-705	-788.5	608	532	-773
drug_79	628.5	680.5	734	406	657.5	-788.5
drug_8	502	487	-424	720.5	-310	-585
drug_80	681.5	667.5	-788.5	838.5	805.5	-808.5
drug_81	-532	-600	-763	306.5	-441.5	-763
drug_82	-786	-763	524	-805.5	-752.5	-663.5
drug_83	-893.5	-870.5	-897	-845	-890.5	-649
drug_84	-712	-709	-839.5	-655.5	-682.5	-516.5
drug_85	-893.5	-870.5	-897	-845	-891.5	700.5
drug_86	-832	-811	-847	-781	-786.5	-620
drug_87	-756	-738	-575.5	-738.5	-797.5	642
drug_88	-712	-709	-839.5	-655.5	-680.5	833.5
drug_89	-884	-859	-593.5	-866.5	-816.5	834.5
drug_9	402.5	385.5	293.5	-636	301	-935
drug_90	-624.5	-612.5	-572.5	-607.5	-691.5	545
drug_91	-624.5	620.5	-572.5	-607.5	-634.5	865.5
drug_92	-893.5	-870.5	-913.5	-802.5	-889.5	735.5
drug_93	-832	-811	-853.5	-726.5	-779.5	857.5
drug_94	-859	-835	-595.5	-814.5	-820.5	838.5
drug_95	-832	-811	-847	-781	-785.5	701.5
drug_96	-890	-865	588.5	-877	-877.5	-723
drug_97	-712	-709	-839.5	-655.5	-738.5	839.5
drug_98	-712	-709	-839.5	-655.5	-738.5	822.5
drug_99	-907.5	-884.5	-600.5	-873.5	-904.5	837.5
