ad	density	cc	spath	eigencentr	betwcentr
drug_1	-625.5	546	455.5	-647.5	-568.5	-566.5
drug_10	-578.5	546	455.5	-622.5	623	530.5
drug_100	641.5	646.5	678	629	-763	636
drug_101	768.5	775.5	777.5	732	802	734
drug_102	-721.5	-726.5	678	629	-838	636
drug_103	641.5	646.5	-740.5	629	580.5	636
drug_104	-740	-731	-691	805.5	-779	810.5
drug_105	768.5	775.5	777.5	732	859	734
drug_106	-715	-700	-709.5	629	735.5	636
drug_107	583.5	588.5	-761.5	-514.5	499	774.5
drug_108	-738.5	-758.5	-689	629	-757	636
drug_109	768.5	775.5	777.5	732	827	734
drug_11	641.5	646.5	678	629	-730.5	-646.5
drug_110	583.5	-597.5	-781	-482	649.5	774.5
drug_111	-650.5	-691.5	-804	-516	504.5	802.5
drug_112	641.5	-668	-754.5	629	521	-657.5
drug_113	641.5	-661	-749.5	629	712.5	636
drug_114	641.5	646.5	678	629	730	636
drug_115	-721.5	-726.5	-793.5	629	580.5	636
drug_116	641.5	646.5	-801.5	629	688.5	636
drug_117	768.5	775.5	-804	732	859	734
drug_118	768.5	775.5	777.5	732	816	734
drug_119	455.5	458.5	-693.5	-468.5	506.5	690.5
drug_12	768.5	775.5	777.5	732	816	734
drug_120	-650.5	-691.5	-768.5	-533.5	-419	697
drug_121	-715	-700	-750.5	519.5	-676	797.5
drug_122	-633	-661	-757.5	419	301	697
drug_123	641.5	646.5	-770	629	580.5	-670
drug_124	-736	-745.5	-805.5	-545.5	-673	-655.5
drug_125	768.5	775.5	777.5	732	655.5	734
drug_126	-682	-685	-796.5	497	543.5	-658.5
drug_127	-562.5	-621	-775.5	-506.5	535.5	587
drug_128	641.5	646.5	678	629	787	636
drug_129	641.5	646.5	-772	629	580.5	636
drug_13	-677	646.5	678	-632.5	-859	636
drug_130	687.5	692.5	-781	681	595.5	682
drug_131	641.5	646.5	-797.5	629	676.5	-671.5
drug_132	768.5	775.5	777.5	732	691	734
drug_133	687.5	692.5	-772	681	747	682
drug_134	641.5	-668	-777.5	629	688.5	636
drug_135	-633	-661	-747	497	-457.5	587
drug_136	641.5	646.5	678	629	819	636
drug_137	-609.5	-639.5	-734.5	-530.5	-440	697
drug_138	-682	-685	-748.5	419	450.5	697
drug_139	-660	-656	-806.5	629	563	636
drug_14	641.5	646.5	678	629	688.5	636
drug_140	687.5	692.5	596	681	752	682
drug_141	768.5	775.5	777.5	732	831.5	734
drug_142	-762.5	-613.5	-663	-536.5	-760	-556.5
drug_143	-764.5	-664.5	-503	-686.5	-597.5	-370.5
drug_144	-773.5	-623.5	-401.5	-688.5	-757	-353.5
drug_145	-781.5	-759.5	-712.5	-696.5	-692.5	-329.5
drug_146	-672.5	-402.5	-319.5	-674.5	-557.5	-489.5
drug_147	-727.5	-494.5	-700.5	-568.5	-423.5	-626.5
drug_148	-745.5	-421.5	-634.5	-541.5	-706	-369.5
drug_149	-381.5	-297.5	-449.5	-464.5	-564	-598.5
drug_15	768.5	775.5	777.5	732	859	734
drug_150	-765.5	-569.5	-465.5	-685.5	-566	-445.5
drug_151	-767.5	-618.5	-452.5	-603.5	-724	-359.5
drug_152	-706.5	-372.5	-684.5	-591.5	-569	-481.5
drug_153	-700.5	-394.5	-694.5	-553.5	-543	-494.5
drug_154	-758.5	-565.5	-612.5	-662.5	-861.5	-440.5
drug_155	-780.5	-710.5	-423	-695.5	-961	-610.5
drug_156	-769.5	-709.5	-527.5	-692.5	-917	-484.5
drug_157	-777.5	-648.5	-702.5	-687.5	-707	-348.5
drug_158	-779.5	-764.5	-557	-691.5	-939	-397.5
drug_159	-529.5	-364.5	-431	-546.5	-494.5	-684.5
drug_16	641.5	646.5	-692.5	629	720.5	-683.5
drug_160	-747.5	-401.5	-714.5	-552.5	-570	-409.5
drug_161	-523.5	444.5	-373.5	-569.5	-751	-474.5
drug_162	-756.5	-657.5	-723.5	-565.5	-752	-636.5
drug_163	-750.5	-560.5	-678.5	-582.5	-778	-625.5
drug_164	522.5	527.5	528	488.5	464.5	488.5
drug_165	522.5	527.5	528	488.5	531	-674.5
drug_166	-644.5	-504.5	-320.5	-670.5	-564.5	-508.5
drug_167	348	351	474.5	-425.5	-512	-579.5
drug_168	-517.5	-527.5	-346.5	-644.5	-406.5	436.5
drug_169	-751.5	-632.5	-669.5	385.5	-861	390.5
drug_17	641.5	646.5	678	629	730	636
drug_170	522.5	527.5	-554	488.5	577	-601.5
drug_171	-425.5	-480.5	-541.5	-528.5	-529.5	-614.5
drug_172	395.5	398.5	-580.5	385.5	467	-470.5
drug_173	-413.5	398.5	-643.5	-503.5	446.5	-441.5
drug_174	395.5	-417.5	-589	-540	-689.5	-478
drug_175	441.5	444.5	-524.5	437.5	-483.5	-438.5
drug_176	-307.5	-294.5	-495.5	-385.5	-452	-413.5
drug_177	441.5	-470.5	-631	437.5	480.5	-638
drug_178	-475	-424	-650.5	-433.5	269.5	-480.5
drug_179	522.5	527.5	-559	488.5	-599	488.5
drug_18	641.5	646.5	678	629	702.5	-651.5
drug_180	395.5	-449	-697.5	-459.5	449	-549.5
drug_181	-322	-325	-597	-401.5	-281.5	-512.5
drug_182	-506	-456	-608.5	-458.5	-522	-488.5
drug_183	522.5	527.5	528	488.5	577	-527.5
drug_184	-346.5	-317.5	-639.5	-407.5	-374	449
drug_185	441.5	-488	-599.5	-547.5	-634	-561.5
drug_186	-506	-456	-708.5	-441.5	402.5	436.5
drug_187	-387.5	-417.5	-589	-540	-689.5	-478
drug_188	395.5	398.5	-663	-392.5	-488	-600.5
drug_189	441.5	444.5	-646.5	-476.5	475.5	436.5
drug_19	641.5	646.5	678	629	539	636
drug_190	522.5	527.5	-549.5	-537.5	566.5	488.5
drug_191	562	492	564	453	526.5	-272.5
drug_192	522.5	527.5	-597	488.5	464.5	488.5
drug_193	-369	-330	-516.5	-500.5	-561	445
drug_194	-493.5	398.5	-457.5	-493.5	-650	-419.5
drug_195	522.5	527.5	-587.5	488.5	542	-562.5
drug_196	-506	-456	-622.5	-566.5	-496	-403.5
drug_197	-726	-677	-732	437.5	406.5	-452.5
drug_198	-533.5	-590.5	-695.5	-532.5	-775	-645.5
drug_199	492.5	496.5	738.5	323.5	161	-408
drug_2	-625.5	546	455.5	-625.5	-784.5	530.5
drug_20	768.5	775.5	777.5	732	682	734
drug_200	-320.5	-335.5	-632.5	-455.5	-394	559
drug_201	-302.5	-397.5	-603.5	-430.5	-425.5	-641.5
drug_202	-483	-533	-501.5	-511.5	-456.5	-621.5
drug_203	-460.5	-607.5	-389.5	306	-587.5	285
drug_204	-294.5	-353.5	-586.5	-390.5	-583	-606.5
drug_205	-389.5	-389.5	-523.5	-379.5	-358	-469.5
drug_206	469.5	-499.5	-491.5	542.5	425	-577.5
drug_207	-663	-720	-718.5	-593.5	-317.5	-531.5
drug_208	-410	-517	-447.5	239	-596.5	-253.5
drug_209	-731	-751	-323.5	-312.5	-594.5	-268.5
drug_21	641.5	646.5	-704.5	629	676.5	-649.5
drug_210	-622	-696	-327.5	306	-432.5	285
drug_211	-550	-645	-427	341	-700.5	549
drug_212	-728.5	-765.5	-598.5	-666.5	-573	-311.5
drug_213	-550	-645	-361.5	-640.5	-693	-334.5
drug_214	469.5	473.5	-651.5	542.5	512.5	-643.5
drug_215	-339.5	-365.5	-624.5	446	358.5	-501.5
drug_216	469.5	473.5	-460.5	542.5	455	-446.5
drug_217	-317	-388	-551.5	-400	-587	-662
drug_218	469.5	-607.5	-389.5	542.5	446	220.5
drug_219	-488.5	-628.5	-676.5	-509.5	-850	-682.5
drug_22	-597	-565	538.5	-591	-545	749
drug_220	-533.5	-590.5	-424.5	542.5	-703	-226.5
drug_221	-746.5	-767.5	-398.5	448	-840	321
drug_222	-660	-656	-343.5	446	-686	-249.5
drug_223	-460.5	-607.5	-389.5	306	-694	285
drug_224	-420	-617	428.5	-638	-530	390.5
drug_225	-598	-668	-359.5	239	-524.5	250
drug_226	-526.5	-491.5	-357.5	-634.5	-765	-331.5
drug_227	-688.5	-736.5	-403.5	542.5	-826	-261.5
drug_228	-572	-580	-699.5	-436.5	-538	-535.5
drug_229	-349	-386	-482.5	-386.5	-363.5	-618.5
drug_23	583.5	588.5	731.5	412.5	650.5	774.5
drug_230	-420	-617	-407	-638	-691	-315
drug_231	369	371	-443.5	722	-387	705
drug_232	542	546	-461.5	549.5	-689.5	530.5
drug_233	542	546	-464.5	549.5	-448.5	530.5
drug_234	715.5	721.5	-644.5	786	627	466
drug_235	715.5	721.5	505	786	892	466
drug_236	542	546	-618.5	549.5	611	530.5
drug_237	715.5	721.5	505	786	630.5	466
drug_238	594.5	598.5	600	905.5	-699	417.5
drug_239	715.5	721.5	-595	786	791	-609.5
drug_24	768.5	775.5	777.5	732	666.5	734
drug_240	768.5	775.5	777.5	732	866	734
drug_241	768.5	775.5	777.5	732	691	734
drug_242	715.5	721.5	-540	786	644	-545.5
drug_243	610.5	612.5	-658.5	944.5	614	639.5
drug_244	679.5	682.5	-654.5	593.5	682	311.5
drug_245	634	635	267	656.5	680	956.5
drug_246	542	546	-625.5	549.5	603	530.5
drug_247	-543.5	-556.5	-674.5	-573.5	611	-608.5
drug_248	394.5	397.5	-473.5	472.5	-676	562.5
drug_249	715.5	721.5	505	786	774	466
drug_25	-721.5	-726.5	-783.5	-346.5	-386.5	562.5
drug_250	715.5	721.5	-627.5	786	764.5	466
drug_251	715.5	721.5	505	786	637	466
drug_252	-478	416	-648.5	462.5	-352.5	440.5
drug_253	715.5	721.5	505	786	-849	466
drug_254	542	546	455.5	-630.5	-636	530.5
drug_255	715.5	721.5	-659.5	786	798	-495.5
drug_256	-693.5	-653.5	407.5	669.5	-680	500.5
drug_257	542	546	-492.5	-610.5	611	530.5
drug_258	768.5	775.5	777.5	732	925.5	734
drug_259	641.5	646.5	678	629	720.5	636
drug_26	-517.5	-527.5	-679.5	-469.5	-694.5	-667.5
drug_260	413	416	402	-581	-414.5	-593
drug_261	542	546	455.5	-566	576.5	-641
drug_262	811	813	818.5	810.5	724	596.5
drug_263	413	416	402	-579	471.5	-569
drug_264	542	546	455.5	549.5	611	530.5
drug_265	542	546	455.5	-572	675	-604
drug_266	572.5	576.5	417	-784	573.5	-726
drug_267	413	416	402	-799	-496.5	-730
drug_268	722	724	629	728	710.5	356
drug_269	768.5	775.5	777.5	732	816	734
drug_27	-425.5	-480.5	-649.5	385.5	-741	-476.5
drug_270	715.5	721.5	505	786	798	-612
drug_271	413	416	402	-586	568.5	-570
drug_272	394.5	397.5	-428	-700	318	-792
drug_273	542	546	455.5	-567	611	-651
drug_274	542	546	455.5	-794	453.5	-727
drug_275	715.5	721.5	505	786	769	-572
drug_276	768.5	775.5	777.5	732	866	734
drug_277	572.5	576.5	417	581	574.5	-565
drug_278	814.5	472.5	504.5	803.5	439	813.5
drug_279	542	546	455.5	-558	684.5	-578
drug_28	-771.5	-777.5	-745	-636	-643	390.5
drug_280	768.5	775.5	777.5	732	851	734
drug_281	641.5	646.5	678	629	730	636
drug_282	641.5	646.5	678	629	738	636
drug_283	542	546	455.5	549.5	372	-564
drug_284	768.5	775.5	777.5	732	691	734
drug_285	812	814	324.5	811.5	874.5	-877
drug_286	715.5	721.5	505	786	619.5	-534
drug_287	317	319	402	-626.5	230	-888.5
drug_288	768.5	775.5	777.5	732	666.5	734
drug_289	894	898	-230.5	966	896.5	639
drug_29	395.5	398.5	-581.5	385.5	-380	-402.5
drug_290	-754.5	-756.5	566	-690.5	-770	587
drug_291	594	599	724	-576.5	660	-679.5
drug_292	-453	-509	-621	-543	-494	-678
drug_293	-670	-704	627	-678	-823	-473.5
drug_294	-702.5	-679.5	678	-684	-821	636
drug_295	-760.5	-760.5	566	-607.5	-766	587
drug_296	-506	-456	-667.5	-554.5	-633	-687.5
drug_297	-710.5	-712.5	550	-682	-751	-379
drug_298	-761.5	-743.5	678	-694.5	-936	636
drug_299	-572	-580	627	-556	-773.5	-681
drug_3	-726	-677	-377.5	-673.5	-760	574.5
drug_30	-633	-661	-774	385.5	-700	-543
drug_300	-702.5	-679.5	550	-684	-689	-405
drug_301	-639	-635	619.5	-678	-613.5	-507.5
drug_302	-628.5	-567.5	-582.5	-592.5	-667	-575.5
drug_303	-749	-755	627	-680.5	-851	392
drug_304	-543.5	-556.5	627	-563.5	-792	-659.5
drug_305	-604.5	-541.5	-668.5	-571.5	-708.5	-688.5
drug_306	-588	-515	550	-587.5	-729	-597.5
drug_307	-572	-580	-616	-556	-612	-681
drug_308	-710.5	-712.5	-710.5	-590.5	-646.5	-686.5
drug_309	594	599	724	-525.5	661.5	-647.5
drug_31	-425.5	-480.5	-737.5	-325.5	-208.5	541.5
drug_310	467.5	-509	627	-543	515	-678
drug_311	-768.5	-763.5	724	-693.5	-758	-648.5
drug_312	-618.5	-611.5	-698.5	-585.5	-789.5	-652.5
drug_313	-705	-733	627	-672.5	-457.5	392
drug_314	-710.5	-712.5	550	-682	-884.5	-379
drug_315	-593	-572	627	-580.5	-675	-576.5
drug_316	-693.5	-653.5	724	-669.5	-631	417
drug_317	594	599	724	510	657	-673.5
drug_318	-696	-717	596	681	755.5	682
drug_319	-483	-533	-672.5	-504.5	-457	-663.5
drug_32	450	454	-716.5	562	418	565
drug_320	542	546	455.5	-721	461.5	-763
drug_321	413	-468.5	402	-881	470	-528
drug_322	542	546	455.5	-866	603	-537
drug_323	715.5	721.5	505	786	786.5	-719
drug_324	345	347	390.5	-683.5	407.5	-843.5
drug_325	413	416	402	-702	474.5	-750
drug_326	542	546	455.5	-706	436.5	-799
drug_327	542	546	455.5	-890	629.5	530.5
drug_328	394.5	397.5	388.5	-728	492	-820
drug_329	641.5	646.5	678	-712	497.5	-887
drug_33	395.5	398.5	-509.5	385.5	463	-443.5
drug_330	394.5	397.5	388.5	-745	493.5	-692
drug_331	768.5	775.5	777.5	732	840.5	734
drug_332	542	546	455.5	-723.5	623	-821.5
drug_333	542	546	455.5	-891	445.5	530.5
drug_334	-515.5	508	407.5	669.5	487	500.5
drug_335	641.5	646.5	678	-886.5	571	636
drug_336	542	546	455.5	-886.5	618	530.5
drug_337	542	546	455.5	-749	626.5	-846
drug_338	542	546	455.5	-723.5	468.5	-821.5
drug_339	542	546	455.5	-879	603	-536
drug_34	-590	-615	-371.5	-211.5	-564	562.5
drug_340	542	546	455.5	-701	430.5	-782
drug_341	542	546	455.5	-739	473.5	-741
drug_342	805	700	325.5	695.5	643.5	367.5
drug_343	768.5	775.5	777.5	732	709.5	-807
drug_344	768.5	775.5	777.5	-884	816	734
drug_345	715.5	721.5	505	786	648.5	-843.5
drug_346	715.5	721.5	505	-895	872.5	-515
drug_347	-529	-543.5	606.5	-486	406	799.5
drug_348	542	546	455.5	-751	473.5	-797
drug_349	768.5	775.5	777.5	-808	682	-862
drug_35	-604.5	-541.5	-765.5	385.5	-556	-639.5
drug_350	641.5	646.5	678	-761.5	720.5	-760.5
drug_351	768.5	775.5	777.5	-823	831.5	-766
drug_352	768.5	775.5	777.5	-823	709.5	-766
drug_353	641.5	646.5	678	-735	670.5	-817
drug_354	768.5	775.5	777.5	732	816	-796
drug_355	641.5	646.5	678	629	775	636
drug_356	583.5	588.5	612.5	-747.5	611	794.5
drug_357	455.5	458.5	587	-672	412	783.5
drug_358	641.5	646.5	678	-761.5	553	-760.5
drug_359	583.5	588.5	612.5	-804.5	612	-808.5
drug_36	-766.5	-775.5	-741.5	488.5	-835	488.5
drug_360	583.5	588.5	612.5	584.5	763.5	794.5
drug_361	768.5	775.5	777.5	-816	827	-818
drug_362	641.5	646.5	678	-785.5	676.5	-858.5
drug_363	641.5	646.5	678	-785.5	527	-858.5
drug_364	768.5	775.5	777.5	-823	691	-766
drug_365	768.5	775.5	777.5	-813	628	-823
drug_366	641.5	646.5	678	-756	738	-759
drug_367	641.5	646.5	678	-716	527	-787
drug_368	641.5	646.5	678	629	720.5	636
drug_369	641.5	646.5	678	-797	668.5	-861
drug_37	-616	-513	428.5	385.5	414.5	390.5
drug_370	768.5	775.5	777.5	732	691	-830
drug_371	641.5	646.5	678	-804.5	836.5	-808.5
drug_372	583.5	588.5	612.5	-676	759.5	794.5
drug_373	641.5	646.5	678	-734	712.5	-733
drug_374	641.5	646.5	678	-740	801	-747
drug_375	768.5	775.5	777.5	732	869.5	734
drug_376	768.5	775.5	777.5	732	866	-868
drug_377	810	812	817.5	808.5	971	770.5
drug_378	809	811	816.5	809.5	648.5	806.5
drug_379	-581	-673	550	394	-643.5	377
drug_38	-736	-745.5	-808.5	-550.5	284.5	-672.5
drug_380	481	485	-666	-448	-447	-605
drug_381	641.5	646.5	678	629	666.5	636
drug_382	-581	-673	574.5	374.5	-563	366.5
drug_383	-497.5	-597.5	627	-641.5	-639	392
drug_384	-521.5	-625.5	-629	-484	-591	-526
drug_385	-533.5	-590.5	581	448	-614	403
drug_386	467.5	471.5	-666	-448	-499.5	-605
drug_387	687.5	692.5	-629	681	752	682
drug_388	481	485	581	448	534.5	403
drug_389	443.5	-538	-671.5	-460.5	559.5	-554.5
drug_39	-775	-781	-739.5	488.5	-739	488.5
drug_390	-384	-449	550	-471.5	429.5	-620.5
drug_391	380.5	-392.5	550	-454	438.5	-518
drug_392	-581	-673	550	-645.5	-664	377
drug_393	594	599	724	510	660	-422.5
drug_394	467.5	471.5	627	-454	-517	-518
drug_395	-392	-488	-633.5	-465.5	443.5	-479.5
drug_396	594	599	724	510	658.5	-417.5
drug_397	-425.5	-480.5	-601.5	-424.5	282.5	-515.5
drug_398	467.5	471.5	627	-472.5	-594	-519.5
drug_399	-581	-673	581	448	-643.5	403
drug_4	715.5	721.5	505	786	-825	-521.5
drug_40	-771.5	-777.5	-745	-636	-605	559
drug_400	492.5	496.5	-572	497	536.5	587
drug_401	980	409	-313	696	263	541
drug_402	-650.5	-691.5	581	448	-612	403
drug_403	-593	-572	604	430	-526	425
drug_404	380.5	383.5	550	394	-347	-431.5
drug_405	-381	-438	587	478.5	-283	813.5
drug_406	-562.5	-621	627	-599.5	-611	392
drug_407	-775	-781	-670.5	348.5	-848	326.5
drug_408	-721.5	-726.5	-784.5	-594.5	-582	-689.5
drug_409	-663	-720	-807.5	-510.5	556	-644.5
drug_41	-633	-661	-774	488.5	-622	-543
drug_410	-759.5	-769.5	-751.5	579	-642.5	429
drug_411	-539.5	-675.5	-782.5	-478.5	456.5	-630.5
drug_412	-715	-700	-441.5	457.5	-787	435.5
drug_413	-741.5	-766.5	-809.5	-523.5	-498	-622.5
drug_414	-636.5	-722.5	-419.5	488	-607	427
drug_415	-612.5	-708.5	-767.5	-548.5	576	-696.5
drug_416	-497.5	-597.5	-572	-551.5	-662	-692.5
drug_417	-752.5	-774.5	-720.5	579	423	429
drug_418	-753.5	-768.5	410.5	457.5	-679.5	435.5
drug_419	-622	-696	-760.5	-544.5	-248	-675.5
drug_42	-721.5	-726.5	-786.5	385.5	-349.5	390.5
drug_420	-731	-751	-752.5	-671.5	-809	559.5
drug_421	-731	-751	-799	-584	-499	-695
drug_422	-731	-751	-799	-584	-662	-695
drug_423	-699	-748	-756.5	-575.5	-752.5	-693.5
drug_424	-782.5	-782.5	-743.5	348.5	-768	326.5
drug_425	-688.5	-736.5	-417.5	-661.5	-602	326.5
drug_426	-688.5	-736.5	-458.5	348.5	-607.5	326.5
drug_427	-705	-733	-795.5	-560.5	505	-676.5
drug_428	-622	-696	-656	-549.5	-709	-685.5
drug_429	-663	-720	-800.5	-561.5	-452	-697.5
drug_43	-776.5	-779.5	-719.5	-266.5	-706	541.5
drug_430	807	-704	815.5	-646.5	-591	335.5
drug_431	-688.5	-736.5	-753.5	-562.5	-402	-698.5
drug_432	-744.5	-762.5	-713.5	365	-736	333
drug_433	-384	-449	-562.5	-538.5	-369.5	-690.5
drug_434	-682	-685	-738.5	-588.5	-663	-691.5
drug_435	-771.5	-777.5	-785.5	356	-627.5	364
drug_436	804	-748	814.5	402.5	642.5	368.5
drug_437	-483	-533	-755.5	-326.5	341.5	-487.5
drug_438	-404	-550	-727.5	-319.5	337	-456.5
drug_439	469.5	473.5	-603.5	542.5	506	-641.5
drug_44	-682	-685	-759.5	-348.5	-734.5	-524.5
drug_440	-404	-550	-727.5	-319.5	-395.5	-456.5
drug_441	469.5	473.5	-595	542.5	-479	-665.5
drug_442	-497.5	-597.5	-758.5	429	278.5	559
drug_443	469.5	473.5	-276.5	542.5	428.5	-241.5
drug_444	-410	-517	-732	-315.5	262.5	-421.5
drug_445	-562.5	-621	-794.5	385.5	372	-460.5
drug_446	-404	-550	-727.5	426	-399	-456.5
drug_447	-404	-550	-727.5	-319.5	-449	-456.5
drug_448	-491	-497	-715.5	-334.5	-287	-449.5
drug_449	469.5	473.5	-637.5	542.5	512.5	-408.5
drug_45	-598	-668	-792.5	-423.5	-444	-611.5
drug_450	-471.5	-563.5	-763.5	-328	245.5	-462
drug_451	-471.5	-563.5	-763.5	-328	238	-462
drug_452	-529	-570	-538	-578	-941	392.5
drug_453	-521.5	-625.5	-703.5	-351.5	-723.5	-513.5
drug_454	-655	-741	-790	542.5	-642	-586
drug_455	469.5	-550	-727.5	542.5	439.5	-456.5
drug_456	-398.5	-586.5	-736.5	-462.5	-496	-656.5
drug_457	-460.5	-607.5	-682.5	-349.5	-763	-511.5
drug_458	469.5	-550	-727.5	542.5	433.5	-456.5
drug_459	-655	-741	-790	542.5	-644	-586
drug_46	-650.5	-691.5	-779.5	-361.5	-625	-541.5
drug_460	-642	-707	-787.5	-368.5	-619	-633.5
drug_461	-655	-741	-790	-365	-592	-586
drug_462	469.5	473.5	-638.5	542.5	446	-437.5
drug_463	-655	-741	-790	385.5	-806	-586
drug_464	469.5	-550	-727.5	542.5	428.5	-456.5
drug_465	-497.5	-597.5	-717.5	542.5	506	-466.5
drug_466	-874	-799	341	-897	-891	-706.5
drug_467	-387.5	370	527	-433	454.5	412
drug_468	-521.5	-485.5	415.5	-613.5	-515	801.5
drug_469	544	543	348.5	-651.5	221	-602.5
drug_47	-533.5	-590.5	-776.5	-292.5	235.5	-407.5
drug_470	336	338	524.5	319.5	251	422.5
drug_471	443.5	446.5	530.5	-893.5	415	790.5
drug_472	-854.5	-658.5	351	-904.5	-924	-839.5
drug_473	-759.5	-581.5	341	-661.5	-945.5	-649.5
drug_474	-709	-543	341	-659	-724.5	-646
drug_475	-638.5	-531.5	351	-650.5	-773	-644.5
drug_476	-780.5	-636.5	-507.5	-655.5	-513.5	-625.5
drug_477	-753	-719	524.5	-891.5	-830	-620.5
drug_478	-905	-848	-513.5	-720.5	-939.5	-655.5
drug_479	-737.5	-535.5	345.5	-663.5	-807.5	-667.5
drug_48	443.5	446.5	738.5	340.5	503.5	780
drug_480	-709	-543	530.5	-659	-727.5	790.5
drug_481	-534	-506	341	-618.5	-561.5	-767.5
drug_482	-811	-605	524.5	-666.5	-724.5	-614.5
drug_483	-811	-605	576.5	-901.5	-829.5	-840.5
drug_484	-871.5	-698.5	341	-902.5	-931	-777.5
drug_485	-646	-520	354.5	-645.5	-755.5	-617.5
drug_486	-744	-611	358.5	-895.5	-815.5	-675.5
drug_487	-614.5	514	358.5	693.5	-743.5	-662.5
drug_488	-841.5	-701.5	530.5	-897	-875	790.5
drug_489	-666.5	-544.5	355.5	-892.5	-677.5	-604.5
drug_49	583.5	588.5	731.5	-605.5	-504	774.5
drug_490	-497.5	-508.5	528.5	-667.5	-560	-791.5
drug_491	-905	-848	356.5	-931.5	-953.5	-748.5
drug_492	-822.5	-671.5	345.5	-925.5	-884	-845.5
drug_493	-863.5	-827.5	353	-900	-907.5	-715
drug_494	-368	370	536.5	-449.5	448.5	595.5
drug_495	-753	-719	358.5	-883.5	-687	-565.5
drug_496	-899.5	-876.5	353	-926.5	-938	-771.5
drug_5	-565.5	-486.5	419	-629.5	-649	565
drug_50	-556	-522	606.5	361.5	407	799.5
drug_51	768.5	775.5	777.5	732	969	734
drug_52	768.5	775.5	777.5	732	-852.5	734
drug_53	583.5	588.5	731.5	412.5	646.5	774.5
drug_54	443.5	446.5	738.5	340.5	502	780
drug_55	600.5	605.5	738.5	-517.5	653.5	-666.5
drug_56	583.5	588.5	731.5	-602	644.5	774.5
drug_57	443.5	446.5	738.5	340.5	-383	780
drug_58	600.5	605.5	738.5	-452.5	-683.5	-668.5
drug_59	449.5	452.5	609	-403.5	-413	693
drug_6	-644.5	581	-355.5	807.5	734	-624.5
drug_60	600.5	605.5	738.5	-564.5	-691	577.5
drug_61	768.5	775.5	777.5	732	914.5	734
drug_62	768.5	775.5	777.5	732	859	734
drug_63	696	702	-376.5	805.5	756.5	810.5
drug_64	768.5	775.5	777.5	732	949.5	734
drug_65	768.5	775.5	777.5	732	816	734
drug_66	768.5	775.5	777.5	732	914.5	734
drug_67	768.5	775.5	777.5	732	-802	734
drug_68	768.5	775.5	777.5	732	691	734
drug_69	768.5	775.5	777.5	732	691	734
drug_7	432	435	-472.5	588.5	-463.5	574.5
drug_70	768.5	775.5	777.5	732	914.5	734
drug_71	768.5	775.5	777.5	732	682	734
drug_72	-609.5	-639.5	731.5	412.5	-582.5	774.5
drug_73	768.5	775.5	777.5	732	866	734
drug_74	-604.5	-541.5	606.5	361.5	405	799.5
drug_75	768.5	775.5	777.5	732	677.5	734
drug_76	768.5	775.5	777.5	732	652.5	734
drug_77	768.5	775.5	777.5	732	716.5	734
drug_78	768.5	775.5	777.5	732	-793	734
drug_79	768.5	775.5	777.5	732	851	734
drug_8	-674.5	546	455.5	-655.5	-735	-571.5
drug_80	768.5	775.5	777.5	732	691	734
drug_81	768.5	775.5	777.5	732	691	734
drug_82	641.5	-647.5	-763.5	629	712.5	-664.5
drug_83	-590	-615	738.5	-422.5	351	780
drug_84	-460.5	-607.5	-722.5	-495.5	527.5	787
drug_85	768.5	775.5	777.5	732	701.5	734
drug_86	-721.5	-726.5	-689	629	688.5	636
drug_87	-763.5	-772.5	-802.5	629	688.5	636
drug_88	-734.5	-761.5	-614.5	-679.5	-918	783.5
drug_89	768.5	775.5	777.5	732	-828	734
drug_9	542	546	-520.5	549.5	-601	530.5
drug_90	-670	-704	-687.5	629	-575	636
drug_91	-717.5	-757.5	-701.5	-676.5	-704	636
drug_92	768.5	775.5	777.5	732	691	734
drug_93	-756.5	-771	678	-689.5	-935	636
drug_94	768.5	775.5	777.5	732	914.5	734
drug_95	641.5	646.5	678	629	539	636
drug_96	-682	-685	-684.5	469	-674.5	787
drug_97	-715	-745.5	-706.5	629	666.5	636
drug_98	-778.5	-773.5	-778.5	629	-709	636
drug_99	768.5	775.5	777.5	732	816	734
