ad	density	cc	spath	eigencentr	betwcentr
drug_1	-898	-623	581.5	-932	622	814.5
drug_10	-595	-630	-411	-532.5	-546.5	678
drug_100	260.5	-411	-515	604	-516.5	581
drug_101	508.5	-643	-542	869	-653.5	-334.5
drug_102	-439	-599	-481	841.5	-627.5	-365.5
drug_103	-640.5	-660.5	450	-588.5	-659.5	-601.5
drug_104	813	681	-320	715	643	-506.5
drug_105	-544.5	-527.5	-317	604	-397	581
drug_106	508.5	446.5	-344	869	428.5	-329.5
drug_107	727	-708.5	-568	680	-687.5	-127.5
drug_108	526.5	493.5	-263	860.5	480.5	274.5
drug_109	-637	-625	294.5	-591.5	-483.5	425
drug_11	-595	-630	545	547	-645.5	860
drug_110	661.5	566.5	604	592	540	-557.5
drug_111	661.5	-643	604	592	-644.5	-541.5
drug_112	-511.5	-501.5	-282	563.5	-359	501.5
drug_113	-611.5	-518.5	-301	-568.5	-491.5	501.5
drug_114	661.5	566.5	604	-622.5	451.5	-755.5
drug_115	-679.5	-709.5	-582	753.5	-686.5	702
drug_116	-566.5	-608.5	-364	563.5	-642.5	501.5
drug_117	-379	-573	-553.5	753.5	-519	702
drug_118	661.5	566.5	604	592	479	-634.5
drug_119	524	704	774	406.5	-796	799
drug_12	-623	739	719	-522	774.5	467
drug_120	371	-437	-552	753.5	-503.5	702
drug_121	661.5	566.5	604	-595.5	540	-870.5
drug_122	676	-543	629.5	551	-624.5	519
drug_123	371	347	-453	753.5	293	702
drug_124	-681.5	-710.5	-608	753.5	-688.5	702
drug_125	-503	-684	-611.5	753.5	-800.5	702
drug_126	-396	-633	-599	563.5	-645.5	501.5
drug_127	661.5	-687.5	604	592	-753.5	534.5
drug_128	661.5	-612.5	604	592	587.5	534.5
drug_129	-559	-470	-292	563.5	-392.5	-590.5
drug_13	876	922	573	888	917	-461
drug_130	661.5	566.5	604	592	-555.5	-564.5
drug_131	-484.5	-483.5	411	732	-372.5	616
drug_132	661.5	566.5	604	592	530.5	-897.5
drug_133	-498.5	-302.5	-229	-470.5	-267.5	365
drug_134	689.5	629.5	604	-751.5	534.5	-467.5
drug_135	661.5	566.5	604	592	479	-843.5
drug_136	-379	-573	-553.5	753.5	-595.5	702
drug_137	676	515	629.5	551	520	519
drug_138	371	347	-421	753.5	-344.5	702
drug_139	-586.5	-682.5	-520	753.5	-571.5	702
drug_14	370.5	-483.5	-519	-644.5	528.5	-885.5
drug_140	-414.5	-585.5	-555	522.5	-589.5	-549.5
drug_141	-503	-684	-611.5	563.5	-667	-520
drug_142	-901	-894	863.5	-879.5	-863	728
drug_143	-752.5	664	719	-605.5	723.5	612
drug_144	573	664	719	-517.5	716	612
drug_145	-694.5	664	719	-442.5	723.5	612
drug_146	573	664	719	-640.5	716	612
drug_147	-885	-796	-627.5	-872.5	-823	550
drug_148	661.5	803.5	863.5	-609.5	803.5	728
drug_149	-888	-892	-756.5	-878.5	-817	732.5
drug_15	-623	-671	-446.5	-522	-722.5	678
drug_150	-722	-507	-605	-618	448.5	732.5
drug_151	-887	-899	-830.5	-871.5	-945	732.5
drug_152	-666	664	719	-423.5	723.5	612
drug_153	-783	-493	-537.5	-620.5	-492	732.5
drug_154	-747	-557	-698.5	-551.5	599.5	580.5
drug_155	-626	-517	-662.5	-563.5	-539	732.5
drug_156	-881	-819	-715.5	-868.5	-861	653
drug_157	-722	-507	-605	-618	-442	732.5
drug_158	-552	-467	-707.5	429.5	439	732.5
drug_159	-452	501	554	517.5	595	848.5
drug_16	948	942	981	905	964.5	-450
drug_160	661.5	803.5	863.5	-438.5	862.5	728
drug_161	-795.5	803.5	863.5	-963.5	803.5	728
drug_162	-694.5	501	-640.5	-528.5	599.5	848.5
drug_163	-714	-473	-525.5	-723.5	-490	732.5
drug_164	583	739	-876.5	-457.5	715.5	467
drug_165	-781	-747	-757.5	-622	-704	778.5
drug_166	-893	-902	-787.5	-877.5	-870	653
drug_167	-608.5	-833.5	-893.5	-503.5	-830	762
drug_168	-781	821	872	-636.5	873	-664.5
drug_169	-600	-634	-833.5	-527.5	-596	732.5
drug_17	-595	-630	508	-532.5	-545.5	805
drug_170	-677	-813	-881.5	-560.5	-855	-682.5
drug_171	449	-441	-449	361	-407.5	-577.5
drug_172	689.5	629.5	604	570.5	595.5	-513.5
drug_173	689.5	629.5	604	570.5	595.5	-570.5
drug_174	449	409	365.5	361	431	-607.5
drug_175	489.5	546.5	499	-402	-465	-527
drug_176	689.5	629.5	604	570.5	643	-543.5
drug_177	604.5	-460.5	380	-407.5	-382.5	383.5
drug_178	-454.5	409	365.5	-699.5	431	-896.5
drug_179	689.5	629.5	604	570.5	589.5	448.5
drug_18	484.5	541.5	581.5	565.5	602	814.5
drug_180	699	598	629.5	546	503.5	-931.5
drug_181	449	409	-499	-546.5	-353.5	-626.5
drug_182	699	598	629.5	546	564.5	-591.5
drug_183	689.5	629.5	604	570.5	595.5	-569.5
drug_184	-656.5	-653.5	-375	-540.5	-565.5	-525.5
drug_185	689.5	629.5	604	-578.5	643	448.5
drug_186	689.5	629.5	604	570.5	589.5	448.5
drug_187	449	409	-372	361	412.5	-784.5
drug_188	689.5	629.5	604	570.5	649.5	-537.5
drug_189	-592	-662	-567	-394.5	-517.5	-462.5
drug_19	-518.5	-663.5	-591	875.5	-640.5	833.5
drug_190	689.5	629.5	604	570.5	602	448.5
drug_191	854	812	425	899	822	804
drug_192	449	409	365.5	361	383.5	-584.5
drug_193	449	-514.5	-396	-373.5	-634.5	-578.5
drug_194	689.5	629.5	604	570.5	643	-858
drug_195	689.5	629.5	604	570.5	595.5	-552.5
drug_196	-549	-467	365.5	-430.5	-375.5	-555.5
drug_197	689.5	629.5	604	570.5	602	-587.5
drug_198	-662.5	-675.5	365.5	-492.5	-486.5	-530.5
drug_199	552	767	774	385	738.5	713
drug_2	484.5	541.5	581.5	-718.5	599.5	-836.5
drug_20	697	844	891	-505.5	886.5	694
drug_200	689.5	629.5	604	570.5	595.5	-510.5
drug_201	618	-634	-635.5	-755.5	-665	-666.5
drug_202	618	588.5	570	-719.5	662.5	-394.5
drug_203	618	588.5	-614	-900	554	-949
drug_204	-773.5	-739.5	-623.5	-829.5	-737	-434.5
drug_205	-664	-610	-556.5	-776.5	-652	-799.5
drug_206	-846	-752	-542.5	-813.5	-649	404.5
drug_207	618	588.5	570	-821	554	-722
drug_208	-697	-684	-681.5	-815.5	-636	-659.5
drug_209	618	-621	-614	-812	-688	-783
drug_21	876	922	573	888	911	-781
drug_210	-847	-682	527	-860.5	-611	-421.5
drug_211	618	-634	-777.5	-532	-700	-608.5
drug_212	-703.5	-768.5	-780	-753	-799	-594
drug_213	636	548	-536	-909	638.5	-888
drug_214	636	-750	-826	-728	-863	-735
drug_215	618	588.5	-589.5	-783.5	-651	-788.5
drug_216	-687.5	-617.5	570	-855.5	-657	-802.5
drug_217	618	588.5	570	-863.5	615	-795.5
drug_218	636	548	-610.5	-848.5	690	-813.5
drug_219	-728	-712	-559.5	-859.5	-674	-772.5
drug_22	-967	-533	13	-938	-440	493
drug_220	-703.5	-768.5	-780	-753	-723	-594
drug_221	-728	-712	-685.5	-720.5	642.5	-736.5
drug_222	-746	-597	570	-857.5	615	-693.5
drug_223	618	-750	-826	-728	-786	-735
drug_224	-703.5	-768.5	-780	-753	-721	-594
drug_225	618	-689.5	-736.5	-594.5	-706	-747.5
drug_226	-614	-646	-758.5	-726.5	-625	-541.5
drug_227	-867	-875	-655.5	-862.5	-759	-611.5
drug_228	-855.5	-835.5	-577.5	-861.5	-624	-717.5
drug_229	-703.5	-768.5	-780	-753	-723	-594
drug_23	-587.5	685.5	731	-508.5	636	584
drug_230	-657.5	588.5	-742.5	-793.5	662.5	-551.5
drug_231	772	641	647.5	-769.5	589	507
drug_232	565	373	434	-722.5	456.5	-609.5
drug_233	661.5	566.5	604	-724.5	469.5	-624.5
drug_234	772	641	647.5	-726.5	589	-537.5
drug_235	772	641	647.5	-733.5	653	-725.5
drug_236	595.5	366.5	273.5	-715.5	436.5	-796.5
drug_237	565	373	434	-609.5	395.5	-493.5
drug_238	605.5	472.5	273.5	-702.5	477	-837.5
drug_239	595.5	366.5	273.5	-703.5	375.5	-573.5
drug_24	-632	-690	-550.5	857	-790	839
drug_240	503.5	369.5	269	-694	285	-969
drug_241	486	321	269	-647	345	-738
drug_242	758.5	692.5	242	-728.5	674	-556.5
drug_243	593.5	339.5	277.5	-606.5	347	-549.5
drug_244	-645.5	521.5	373	647	-435.5	462
drug_245	-661.5	476	-657	528	544.5	892
drug_246	776	606	632	657.5	625	-668.5
drug_247	676	515	521	622.5	518	-712.5
drug_248	400	330	365.5	-537.5	255	-765.5
drug_249	772	641	647.5	-714.5	650	-721.5
drug_25	311.5	546.5	535.5	175.5	555.5	508.5
drug_250	-537.5	-567.5	365.5	-695.5	-462	-510.5
drug_251	583	481	434	-602.5	484	-777.5
drug_252	643.5	-539.5	449	-651.5	497	-599.5
drug_253	-605.5	481	434	430	489.5	-545.5
drug_254	661.5	566.5	604	-727.5	540	-606.5
drug_255	-481	-512	-455	-403.5	-452	-852.5
drug_256	503.5	369.5	269	-565.5	345	-722.5
drug_257	595.5	366.5	273.5	-707.5	435	-727.5
drug_258	847	730	508.5	737	695	-617.5
drug_259	486	321	269	-770	299	-579
drug_26	-318.5	546.5	535.5	-199.5	505.5	508.5
drug_260	-733	-839	-783.5	-724.5	-758	-520.5
drug_261	-441	-516	-670.5	522.5	-536	-620.5
drug_262	-411	-422	-538.5	522.5	-444	-687.5
drug_263	-599	-470	-809.5	-731.5	-488	-673.5
drug_264	-395.5	-238.5	-818.5	-529.5	-288	-591.5
drug_265	-606.5	-641.5	-734.5	-665.5	-608	-494.5
drug_266	-612.5	-708.5	-776.5	-478.5	-666	-527.5
drug_267	-535	-608	-765.5	474.5	-605	-363.5
drug_268	-692.5	-762.5	-711.5	-674.5	-726	-547.5
drug_269	-462.5	-495.5	-709.5	-476.5	-578	-465.5
drug_27	311.5	546.5	535.5	175.5	526.5	508.5
drug_270	-579.5	-689.5	-808.5	522.5	-789	-479.5
drug_271	-682	-754	-741.5	-714.5	-716	-477.5
drug_272	-637	-791	-841.5	-568.5	-802	-455.5
drug_273	-637	-791	-841.5	-568.5	-800.5	-455.5
drug_274	-486.5	-536.5	-645.5	361	-556	-327.5
drug_275	-671	-320	-437.5	-631.5	-272	-685.5
drug_276	-428.5	-255.5	-747.5	-537.5	-311.5	-627.5
drug_277	-831	-795	-438.5	-739.5	-759	-548.5
drug_278	-707.5	-424.5	-470.5	-789.5	-360	-641.5
drug_279	-788.5	-679.5	-428.5	-742.5	-588	-436.5
drug_28	311.5	546.5	-577	-288.5	467.5	-691.5
drug_280	-521.5	-562.5	-663.5	-603.5	-542	-438.5
drug_281	-773.5	-739.5	-466.5	-664.5	-682	-447.5
drug_282	-594.5	-694.5	-822	-582	-711.5	-442
drug_283	-637	-791	-841.5	-568.5	-876.5	-455.5
drug_284	-594.5	-694.5	-822	-582	-711.5	-442
drug_285	-410	-416	-439.5	522.5	-484	-748.5
drug_286	-519	-603	-770.5	-465.5	-606	-472.5
drug_287	-475	-530	-654.5	474.5	-571	-408.5
drug_288	-658.5	-605.5	-725.5	522.5	-624	411.5
drug_289	-566	-344	-446	-600.5	-401	-448
drug_29	311.5	546.5	535.5	-188.5	467.5	508.5
drug_290	551.5	563.5	416.5	789.5	489	-553.5
drug_291	623.5	612.5	635.5	845.5	-596	-613.5
drug_292	286.5	-336.5	477	408.5	-371.5	-605.5
drug_293	551.5	563.5	416.5	789.5	492	-649.5
drug_294	469.5	398.5	579	-681.5	364.5	-928.5
drug_295	-574	-556	-297	781	-569.5	-427.5
drug_296	-531.5	-456.5	496.5	657	-373.5	-455.5
drug_297	-296	-358	291	-502.5	-483.5	-608.5
drug_298	506	536	662.5	775	478.5	-917.5
drug_299	502.5	427.5	659.5	660.5	451	-920.5
drug_3	-536.5	-521.5	409.5	-512.5	526	587.5
drug_30	-399	480	491	-527.5	474.5	-503.5
drug_300	286.5	-290.5	477	408.5	-327.5	-606.5
drug_301	555	587	453	814	-568.5	-611.5
drug_302	-582.5	-620.5	554.5	-510.5	-633.5	473.5
drug_303	623.5	612.5	635.5	845.5	587.5	-941.5
drug_304	594	-543	522	975	494	-603.5
drug_305	621	-643	638.5	850	-647.5	-550.5
drug_306	551.5	-564.5	416.5	789.5	-629.5	-614.5
drug_307	283	-281.5	471	-681.5	-291.5	-928.5
drug_308	551.5	-583	416.5	789.5	-543	-616
drug_309	623.5	612.5	635.5	845.5	567.5	-418.5
drug_31	-313	546.5	535.5	-237	526.5	508.5
drug_310	-517.5	-447.5	659.5	660.5	451	655.5
drug_311	551.5	563.5	416.5	789.5	513.5	-891.5
drug_312	-480	-562	477	-514.5	-551.5	-604.5
drug_313	-356	-400	-369.5	-589	-406	-947
drug_314	-434.5	-464.5	-346	-528.5	-549	-597.5
drug_315	-658.5	-626.5	659.5	660.5	428	655.5
drug_316	551.5	563.5	416.5	789.5	468	-924.5
drug_317	-639.5	615	503	843	593.5	-612.5
drug_318	323	383	496.5	652	-386.5	-609.5
drug_319	576.5	583.5	258	815	473.5	-772.5
drug_32	311.5	546.5	535.5	175.5	496.5	508.5
drug_320	676	515	-592	-396.5	521	-789.5
drug_321	876.5	755.5	-538	744.5	819.5	-457.5
drug_322	857.5	750.5	638.5	745.5	770	-352
drug_323	847	730	508.5	737	756	-226.5
drug_324	779.5	702.5	-651.5	674.5	612	-426
drug_325	830.5	719.5	-624	693.5	664	-529.5
drug_326	847	730	-653	737	-732.5	-399.5
drug_327	756.5	658.5	662.5	670.5	680	-575
drug_328	554.5	495.5	-537	548.5	553.5	-473.5
drug_329	747	698	-433	676	654.5	-518.5
drug_33	-341.5	546.5	535.5	-290.5	467.5	508.5
drug_330	790	717	453	703	621	-805.5
drug_331	969.5	827.5	-439	941.5	831	-855.5
drug_332	847	730	-516	737	695	-567.5
drug_333	790	717	-469.5	703	707.5	-401
drug_334	554.5	495.5	-621	548.5	553.5	-540.5
drug_335	817	713	-545.5	699	726	-575
drug_336	843.5	721.5	-622.5	695.5	689	-352
drug_337	583	-615.5	-480	-468.5	-522.5	-371.5
drug_338	747	698	-630	676	566	-827.5
drug_339	843.5	721.5	-651.5	695.5	748	-757
drug_34	311.5	546.5	535.5	175.5	526.5	508.5
drug_340	790	717	-469.5	703	707.5	-401
drug_341	778	655	647.5	624	681.5	420
drug_342	400	-485.5	-640	419	-683.5	-385.5
drug_343	817	713	-654	699	727.5	-397.5
drug_344	790	717	-625	703	709.5	-617.5
drug_345	665	669	-597	499	-731	-273.5
drug_346	817	713	-535	699	729	-271.5
drug_347	843.5	721.5	-589	695.5	688	-497.5
drug_348	877.5	756.5	633	749.5	708	-252.5
drug_349	915.5	835.5	974	862	863	903
drug_35	-362.5	546.5	535.5	-195.5	555.5	508.5
drug_350	849.5	716.5	901.5	768.5	723.5	899.5
drug_351	858.5	870.5	945	817.5	870.5	893.5
drug_352	646.5	516.5	751.5	684.5	552.5	843.5
drug_353	792.5	558.5	765.5	706.5	665	830.5
drug_354	-547	527	547	505.5	495.5	698.5
drug_355	814.5	730.5	782	678.5	740	695.5
drug_356	915.5	835.5	974	862	860.5	903
drug_357	826.5	715.5	915	848.5	734.5	898.5
drug_358	769.5	564.5	782	680.5	702.5	841.5
drug_359	915.5	835.5	974	862	860.5	903
drug_36	-417	600.5	658	277.5	592.5	572.5
drug_360	641	524	759.5	629.5	650.5	860.5
drug_361	769.5	564.5	782	680.5	702.5	841.5
drug_362	915.5	835.5	974	862	871.5	903
drug_363	931	912	974	850	904	839
drug_364	750	817	835.5	846.5	847.5	761.5
drug_365	738.5	518.5	778.5	532.5	666	819.5
drug_366	737.5	582	794.5	750.5	709.5	836.5
drug_367	900.5	822.5	958.5	880.5	858.5	897.5
drug_368	769.5	-575.5	782	680.5	-752.5	841.5
drug_369	915.5	835.5	974	862	860.5	903
drug_37	311.5	546.5	535.5	175.5	467.5	508.5
drug_370	919.5	928.5	756.5	900.5	889	435.5
drug_371	931	912	974	850	914.5	839
drug_372	929	875	960.5	867.5	876	775
drug_373	915.5	835.5	960.5	867.5	866.5	861.5
drug_374	929	875	960.5	867.5	884.5	775
drug_375	835	753	915	847.5	784.5	894.5
drug_376	968.5	971.5	962.5	958.5	912.5	500.5
drug_377	-900	-900	429	-983	681	966
drug_378	835	753	945	818.5	786.5	918.5
drug_379	-677	-813	-857	-556	-794.5	-522
drug_38	311.5	546.5	535.5	-277.5	446.5	-510.5
drug_380	-775.5	-877.5	-867.5	-647.5	-845	-654.5
drug_381	462	-596	-794.5	-430.5	-793	-763.5
drug_382	-769.5	-733.5	-796	-530	-633.5	447.5
drug_383	-820.5	-840.5	-806.5	-616.5	-741	458
drug_384	-701.5	-507.5	-759.5	-767.5	-492	-881.5
drug_385	-775.5	-877.5	-882.5	-585.5	-844	-645.5
drug_386	-627.5	491.5	-733.5	-763.5	-498	-842.5
drug_387	-640	-721	-710.5	-659.5	-749	-711.5
drug_388	-769.5	-733.5	-796	-530	-633.5	548
drug_389	-579.5	-689.5	-843.5	-435.5	-780	-701.5
drug_39	311.5	546.5	535.5	175.5	474.5	508.5
drug_390	-677	-813	-866.5	-466.5	-869	-614.5
drug_391	-704.5	491.5	-761.5	-744.5	421	-617.5
drug_392	-579.5	-689.5	-845.5	-444.5	-779	-644.5
drug_393	-671	-853	-835.5	-633.5	-910	-776.5
drug_394	-677	-813	-857	-556	-870.5	-522
drug_395	-710	-582	-580.5	-500.5	-600	656
drug_396	-579.5	-689.5	-860.5	-484.5	-702	548
drug_397	-861.5	-654.5	-518.5	-700.5	524	578
drug_398	-537.5	-567.5	-602.5	-545.5	-561	-609.5
drug_399	-615.5	-548.5	-606.5	-570.5	610	566
drug_4	-600.5	541.5	581.5	565.5	619	814.5
drug_40	391.5	600.5	658	277.5	592.5	572.5
drug_400	-732	-590	-547.5	-646.5	-523	-566.5
drug_401	-580.5	618.5	-723	244.5	573.5	447.5
drug_402	-657	-874	-897.5	-597.5	-965	-756.5
drug_403	-612.5	-708.5	-732.5	-462.5	-823	-695.5
drug_404	-830	-846	-551.5	-787.5	-758	-791.5
drug_405	-734.5	-716.5	-786	-350	-902	-586
drug_406	-461	618.5	-689.5	-502.5	632.5	-584.5
drug_407	629	624	678	825	563.5	253
drug_408	640	631	708	832	532.5	261
drug_409	509	498	673	643	534	621
drug_41	311.5	546.5	535.5	175.5	526.5	508.5
drug_410	567.5	553.5	693.5	721	542	570
drug_411	619.5	636.5	665.5	821.5	575	-496.5
drug_412	640	631	708	832	582	-469.5
drug_413	-646.5	620	667	837	558	256
drug_414	509	498	673	643	485	621
drug_415	640	631	708	832	577.5	-582.5
drug_416	-651.5	624	678	825	582	253
drug_417	635	642	703	838	573.5	-340.5
drug_418	640	631	708	832	558.5	261
drug_419	629	624	678	825	582	253
drug_42	311.5	546.5	535.5	-424	526.5	508.5
drug_420	509	498	673	643	540	621
drug_421	640	631	708	832	558.5	-404.5
drug_422	556	501	701	625	509.5	540
drug_423	629	624	678	825	603.5	253
drug_424	640	631	708	832	558.5	261
drug_425	567.5	553.5	693.5	721	542	570
drug_426	629	624	678	825	603.5	-258.5
drug_427	640	631	708	832	533.5	-300.5
drug_428	619.5	636.5	665.5	821.5	547.5	-555
drug_429	509	498	673	643	536	621
drug_43	-430.5	546.5	535.5	-530.5	496.5	508.5
drug_430	567.5	553.5	693.5	721	542	-664.5
drug_431	640	631	708	832	561.5	261
drug_432	640	631	708	832	577.5	-309.5
drug_433	509	498	673	643	515.5	621
drug_434	-525	-393	365.5	505.5	-424.5	440.5
drug_435	-429	-459	517	582	-457.5	495
drug_436	-571.5	-679.5	-643	367.5	-747.5	474
drug_437	-686	-706	-543	-605.5	-681.5	568
drug_438	-289.5	-516.5	-647	589.5	-670.5	602.5
drug_439	445.5	618.5	604	-508.5	578	-796.5
drug_44	529	463	488	463	388.5	308
drug_440	-584.5	-656.5	-563	-458.5	-619.5	629
drug_441	-362.5	546.5	535.5	-700.5	467.5	-659.5
drug_442	-226	-350	-569	216.5	-503.5	681.5
drug_443	-377	-623	-648	261	-546.5	629
drug_444	-281	-444	-572.5	261	-599	629
drug_445	-306.5	-402.5	-504	-171.5	-519.5	582.5
drug_446	-666.5	-696.5	-628	-593.5	-685.5	598.5
drug_447	-635.5	-655.5	671.5	-483.5	599	559.5
drug_448	445.5	618.5	604	-670.5	564.5	-754.5
drug_449	-452.5	-650.5	-584	-482.5	-780	508.5
drug_45	449	409	365.5	361	295	-281.5
drug_450	391.5	600.5	658	-287.5	592.5	-773.5
drug_451	204.5	-265.5	-585	658.5	-335.5	-889.5
drug_452	203.5	204.5	258	686.5	-179	505.5
drug_453	-619.5	600.5	658	-397.5	592.5	572.5
drug_454	391.5	600.5	658	277.5	592.5	572.5
drug_455	311.5	546.5	535.5	-358.5	568.5	-568.5
drug_456	-325	-385	-632.5	589.5	-347.5	-614
drug_457	445.5	618.5	604	-431.5	-690.5	447.5
drug_458	381	405	-626.5	655	385.5	-546
drug_459	381	405	-626.5	655	400	-546
drug_46	311.5	546.5	535.5	-345.5	467.5	-684.5
drug_460	445.5	618.5	604	-272.5	637	-478.5
drug_461	-528.5	-587.5	-492	-346	-552.5	568
drug_462	-643	646.5	671.5	-445.5	657	559.5
drug_463	-491	-568	-632.5	691.5	-605.5	666.5
drug_464	311.5	546.5	-572.5	-328	555.5	-747
drug_465	-389.5	-419.5	-525	-617.5	-395.5	693
drug_466	-432	-541	-837.5	-429.5	-667	878
drug_467	-438.5	-550.5	-807.5	-514.5	-594	751.5
drug_468	-641.5	-659.5	542	-473.5	-751	-785.5
drug_469	-457	-674	-896.5	-424.5	-766	719
drug_47	311.5	546.5	535.5	175.5	467.5	508.5
drug_470	726.5	-730	-888.5	845.5	-771	989.5
drug_471	480.5	585	-804	-507.5	642	840.5
drug_472	614.5	-658	817.5	-525.5	-767	834.5
drug_473	-709	-858	-812.5	-632.5	-836	961
drug_474	-660.5	-804.5	-775.5	-642.5	-859	799
drug_475	-502	-717	-883.5	-498.5	-849	598.5
drug_476	-617.5	-837.5	-886.5	-565.5	-832	-704.5
drug_477	-528	-736	-884.5	-445.5	-770	751.5
drug_478	-699	-882	-891.5	-590.5	-934	834.5
drug_479	634.5	778.5	-851.5	-509.5	793	771.5
drug_48	-589.5	-823.5	-805.5	-626.5	-852	-768.5
drug_480	-469.5	-626.5	-851.5	-509.5	-763	719
drug_481	614.5	641.5	-848.5	449.5	639	834.5
drug_482	614.5	-759.5	-863.5	-576	-851.5	834.5
drug_483	-569	704	774	-432.5	673.5	799
drug_484	-469.5	-626.5	-851.5	-509.5	-763	751.5
drug_485	524	704	774	-452.5	632.5	799
drug_486	-502	-717	-885.5	535	-772	955
drug_487	-562.5	-759.5	-863.5	-576	-775.5	840.5
drug_488	-562.5	-759.5	-863.5	-576	-851.5	751.5
drug_489	-472	-580	-804	-506.5	-668	878
drug_49	-455	-569	-646.5	-604.5	-632	-781.5
drug_490	-617.5	-837.5	-892.5	-607.5	-905	872
drug_491	-469.5	-626.5	-863.5	-578.5	-761	955
drug_492	-579.5	-689.5	-755.5	-625.5	-692	955
drug_493	-562.5	-759.5	-863.5	-576	-775.5	955
drug_494	883.5	526.5	-823.5	905	666	733
drug_495	-668.5	-743.5	-786.5	-661.5	-699	941.5
drug_496	-839	-850	-749.5	-692.5	-731	803
drug_5	-600.5	523	545	-557.5	592	860
drug_50	-757	-728	-729.5	-434.5	-738	-702.5
drug_51	-484	-435	-469.5	-490.5	-423	551.5
drug_52	-585	-630	-737.5	-654.5	-725	757.5
drug_53	-781	-747	-740.5	-486.5	-742	680.5
drug_54	-804.5	-862.5	-813.5	-535.5	-821	718.5
drug_55	646.5	-621	-620.5	-493.5	-673	-453.5
drug_56	-610	-511	647	-584.5	-589	627.5
drug_57	-565	-470	632.5	-518.5	528	564
drug_58	538	-474	-574.5	-533.5	-562	-639.5
drug_59	-477	-504	-752.5	-425.5	-504	686
drug_6	-600.5	739	719	-557.5	774.5	-490.5
drug_60	-766	-848	-854	-640	-805	593
drug_61	546	-492	-543.5	-676.5	-487	-762.5
drug_62	-766	-848	-854	-640	-804	-538
drug_63	-697	-684	-754.5	-540.5	-740	423
drug_64	-628	-481	-500.5	-553.5	-449	775
drug_65	-506.5	-598.5	-723.5	-579.5	-646	-780.5
drug_66	-680	-533	632.5	-536.5	-572	661
drug_67	-585	-630	-704.5	-623.5	-735	747
drug_68	-603	-584	-595.5	-658.5	-645	-694.5
drug_69	-622.5	-478.5	-492.5	-494.5	-413	469.5
drug_7	626.5	825.5	854.5	-710.5	778.5	-821.5
drug_70	-535	-608	-827.5	-523.5	-683	776
drug_71	466	455	632.5	-608.5	586	564
drug_72	-882	-895	-666.5	-880.5	-948	675.5
drug_73	-842	-808	-677.5	-731.5	-641	554.5
drug_74	-725	-643	-691.5	-437.5	-638	734
drug_75	-531	-464	632.5	-541.5	-457	734
drug_76	-786.5	-756.5	-675.5	-583.5	-745	687.5
drug_77	-788.5	-679.5	-671.5	-613.5	-653	-429.5
drug_78	-639	-519	-486.5	-593.5	-575	747
drug_79	-975	-588	632.5	-489	-591	661
drug_8	-500	523	545	547	556	860
drug_80	-700	-624	-656.5	-614.5	585	-605.5
drug_81	-728	-712	-768.5	-524.5	-729	-587.5
drug_82	436.5	426.5	-338	841.5	-575.5	-430.5
drug_83	-637	-625	658	-496.5	-585.5	722
drug_84	-528.5	-587.5	-405	-576.5	-657.5	592.5
drug_85	522.5	-580.5	-431	876.5	-558.5	-325.5
drug_86	-595	-630	-420	642	-666.5	-561.5
drug_87	-230.5	-317.5	-413	487.5	-366.5	607
drug_88	485	-606	-642	926	-642.5	-355.5
drug_89	508.5	446.5	-248	869	467.5	-410.5
drug_9	-525	523	545	547	592	860
drug_90	819.5	653.5	-517	712.5	622	-315.5
drug_91	-439	-599	-440.5	841.5	-617.5	-381
drug_92	530.5	481.5	-352	851.5	464.5	271.5
drug_93	-469.5	-553.5	-467	835	-534.5	270
drug_94	530.5	481.5	-406	851.5	464.5	271.5
drug_95	508.5	-523.5	-541	869	-603.5	-301.5
drug_96	813	681	-332	715	706	-407.5
drug_97	522.5	-531	-341	876.5	-541.5	-456.5
drug_98	551	-599	-440.5	-504	-541	413.5
drug_99	508.5	-543	-356	869	-698	-422.5
