ad	density	cc	spath	eigencentr	betwcentr
drug_1	-449	486.5	645	859	746	-621.5
drug_10	-415.5	-308.5	278	699	-468	673
drug_100	744.5	779.5	826	625	428	-482
drug_101	744.5	779.5	826	625	509	-482
drug_102	374.5	475.5	549.5	-339	238	655.5
drug_103	452.5	383.5	484.5	-339	308.5	720.5
drug_104	784	712	732.5	563.5	532	345.5
drug_105	744.5	779.5	826	625	509	-482
drug_106	784	712	732.5	563.5	635.5	-482
drug_107	452.5	383.5	430	397	-260	595
drug_108	744.5	779.5	826	625	521.5	-482
drug_109	709.5	697.5	706.5	584.5	418.5	-482
drug_11	-370	-326	442	647	351.5	668
drug_110	577.5	-729	-765	-803	-789	790.5
drug_111	627	-693	-813	-729	-749.5	763
drug_112	520	-693	-813	-729	-709.5	747.5
drug_113	-491.5	-925.5	484.5	-874.5	-944.5	720.5
drug_114	597.5	-729	-765	-803	-749	799.5
drug_115	520	-693	-813	-729	-749.5	747.5
drug_116	597.5	-693	-813	-729	-733.5	826.5
drug_117	374.5	-729	-765	-803	-789	655.5
drug_118	520	-693	-813	-729	-730.5	747.5
drug_119	-315	-729	-765	-803	-755.5	566.5
drug_12	475	453	510.5	510.5	633.5	-521
drug_120	520	-729	-765	-803	-780.5	747.5
drug_121	520	-729	-765	-803	-820.5	747.5
drug_122	568	-729	-765	-803	-780.5	536
drug_123	452.5	-519	-602	-586	-526.5	720.5
drug_124	452.5	-693	-813	-729	-733.5	720.5
drug_125	452.5	-571	-554	-631.5	-590	720.5
drug_126	452.5	-729	-765	-803	-783	720.5
drug_127	452.5	-729	-765	-803	-728.5	720.5
drug_128	452.5	-729	-765	-803	-795.5	720.5
drug_129	577.5	610.5	723.5	-631.5	-547.5	790.5
drug_13	-391	-238.5	-288.5	-263.5	317.5	513
drug_130	452.5	-519	-602	-586	-526.5	720.5
drug_131	520	-729	-765	-803	-789	747.5
drug_132	568	-729	-765	-803	-780.5	536
drug_133	374.5	-729	-765	-803	-789	655.5
drug_134	520	-729	-765	-803	-795.5	747.5
drug_135	452.5	-693	-813	-729	-733.5	720.5
drug_136	520	-693	-813	-729	-737	747.5
drug_137	520	-729	-765	-803	-749	747.5
drug_138	374.5	-729	-765	-803	-789	655.5
drug_139	452.5	-729	-765	-803	-749	720.5
drug_14	475	453	510.5	510.5	637	-377.5
drug_140	452.5	-729	-765	-803	-749	720.5
drug_141	452.5	-693	-813	-729	-682.5	720.5
drug_142	570	-915.5	-934.5	-871.5	-909	-359.5
drug_143	-539.5	-915.5	-934.5	-871.5	-907.5	-359.5
drug_144	530.5	-751.5	-841.5	-846.5	725	220
drug_145	-535	-919	-939.5	-856.5	-736.5	-410.5
drug_146	588.5	-770	-727	-784	-867	-351
drug_147	-539.5	-915.5	-934.5	-871.5	-911	-359.5
drug_148	530.5	-790.5	-848.5	779	-768.5	-408.5
drug_149	530.5	-671.5	-845.5	779	-718.5	220
drug_15	-296	-208	-321	-269	338.5	-513
drug_150	598	-858	-920	-832	-850.5	-327
drug_151	598	-807.5	-794.5	-890.5	-889.5	-353.5
drug_152	588.5	602.5	544.5	761.5	776	-362.5
drug_153	-542.5	-932.5	-938.5	-942.5	-881.5	-363.5
drug_154	570	-915.5	-934.5	-871.5	-869	-359.5
drug_155	530.5	-770	-727	-784	-867	-351
drug_156	-480	-767	-838	-699	-808.5	609
drug_157	530.5	-770	-727	-784	-900	-351
drug_158	570	-915.5	-934.5	-871.5	-942.5	-359.5
drug_159	598	-873.5	-931.5	-813.5	-922.5	-356.5
drug_16	475	453	510.5	510.5	633.5	-354
drug_160	530.5	-770	-727	-784	-865.5	-351
drug_161	-532	-858	-920	-832	-851.5	-327
drug_162	598	-767	-838	-699	-879	-355
drug_163	598	-919	-937.5	-847.5	-766.5	-388.5
drug_164	530.5	560.5	571	779	627	220
drug_165	451	-589.5	-667.5	831	-638.5	303
drug_166	-492.5	-791.5	-846.5	-763.5	-876	566.5
drug_167	363.5	-581.5	-560.5	647.5	-584.5	636.5
drug_168	530.5	-605.5	-630.5	779	705.5	220
drug_169	588.5	602.5	544.5	761.5	795.5	271.5
drug_17	475	453	510.5	510.5	615	-377.5
drug_170	451	-544.5	515	831	-585.5	303
drug_171	452.5	383.5	430	397	-380.5	595
drug_172	-501	475.5	-568	-482	-354	655.5
drug_173	-501	475.5	-568	-482	-603.5	655.5
drug_174	374.5	475.5	549.5	-339	386	655.5
drug_175	-501	-448	-568	-482	-603.5	595
drug_176	374.5	475.5	549.5	-339	-362	655.5
drug_177	-501	475.5	-568	-482	-603.5	655.5
drug_178	-501	475.5	-568	-482	-603.5	655.5
drug_179	-501	-448	-568	-482	-587.5	595
drug_18	395.5	411.5	454.5	562.5	581.5	-364
drug_180	374.5	475.5	549.5	-339	230	655.5
drug_181	374.5	475.5	549.5	-339	201.5	655.5
drug_182	577.5	610.5	723.5	493.5	-616.5	790.5
drug_183	374.5	475.5	549.5	-339	159	655.5
drug_184	-521	475.5	549.5	-532	-573.5	655.5
drug_185	374.5	475.5	549.5	-339	-400	655.5
drug_186	-501	475.5	-568	-482	-603.5	655.5
drug_187	-501	-448	-568	-482	-354	595
drug_188	-501	475.5	-568	-482	-603.5	655.5
drug_189	-501	475.5	-568	-482	-354	655.5
drug_19	-294	-203	-275	-271	309	513
drug_190	597.5	598.5	689.5	506.5	-463.5	799.5
drug_191	-702	-740	-861	684.5	-786	-746
drug_192	452.5	383.5	430	397	-240.5	595
drug_193	577.5	610.5	723.5	493.5	361.5	790.5
drug_194	577.5	610.5	723.5	493.5	-476.5	790.5
drug_195	374.5	475.5	549.5	-339	282.5	655.5
drug_196	-501	-448	-568	-482	-354	595
drug_197	597.5	598.5	689.5	506.5	247	799.5
drug_198	-501	-448	-568	-482	-603.5	595
drug_199	-327	-274	-357	467.5	446	501.5
drug_2	484	419	551.5	797.5	777	-619
drug_20	502.5	356.5	360.5	485.5	603	-374
drug_200	-544	-466	-446	397	-632.5	595
drug_201	-610	-539	549.5	-605	-706	-702
drug_202	-772.5	-693.5	484.5	248.5	-802	720.5
drug_203	-437.5	475.5	549.5	-532	282.5	-691.5
drug_204	-599	-554	407.5	374.5	-712.5	747.5
drug_205	520	-355.5	407.5	-532	-518	747.5
drug_206	-740	-690	549.5	313.5	-555	655.5
drug_207	-561	-484	-591	-556	-659	747.5
drug_208	-610	-539	549.5	-605	-456.5	-702
drug_209	452.5	383.5	484.5	-532	-376	720.5
drug_21	-356	-205.5	368.5	547.5	508.5	787.5
drug_210	-772.5	-693.5	716.5	486.5	-552.5	826.5
drug_211	597.5	598.5	716.5	486.5	371.5	826.5
drug_212	-610	-539	484.5	-605	-570	720.5
drug_213	-610	-539	484.5	-605	-460.5	720.5
drug_214	-599	-554	549.5	313.5	-801.5	655.5
drug_215	-437.5	475.5	549.5	-532	282.5	-691.5
drug_216	-640.5	-559.5	407.5	374.5	-717	747.5
drug_217	-640.5	610.5	723.5	493.5	-715.5	790.5
drug_218	622	588	685.5	-605	-710	829.5
drug_219	-640.5	-559.5	549.5	313.5	-718.5	655.5
drug_22	-495.5	275.5	516	597	613	892
drug_220	-772.5	-693.5	484.5	248.5	-799.5	720.5
drug_221	-775.5	-688.5	484.5	248.5	-796.5	720.5
drug_222	-772.5	-693.5	407.5	374.5	-662	747.5
drug_223	-640.5	-559.5	484.5	248.5	-717	720.5
drug_224	597.5	598.5	716.5	-556	-659	826.5
drug_225	452.5	383.5	430	-532	-519.5	-691.5
drug_226	-610	610.5	723.5	-605	-710	790.5
drug_227	-610	598.5	689.5	-605	-566	799.5
drug_228	-634.5	-530	484.5	-299.5	-563.5	720.5
drug_229	-610	-539	549.5	-605	-566	-702
drug_23	-449	-370	-444.5	699	347	673
drug_230	-772.5	-693.5	484.5	248.5	-802	720.5
drug_231	-720	738	770	677	-627	-786
drug_232	665	738	770	677	-530.5	-629.5
drug_233	-732	-655	723.5	-683	465	790.5
drug_234	-732	738	770	-683	457	-773
drug_235	665	738	770	677	-426	-626
drug_236	796.5	807.5	744.5	656.5	-670.5	-629.5
drug_237	-732	738	770	-683	529.5	-773
drug_238	665	738	770	677	510	457
drug_239	-720	738	770	677	437.5	-786
drug_24	409.5	404.5	525.5	818.5	672	529.5
drug_240	-521	475.5	549.5	-513.5	-581	655.5
drug_241	-501	475.5	-568	-482	-447.5	655.5
drug_242	-720	-665	-669	-673	-377.5	-786
drug_243	665	738	770	677	-603.5	-545
drug_244	539.5	631.5	658	520	634	816
drug_245	-521	-417	-468.5	759.5	585.5	-424.5
drug_246	693.5	663.5	660.5	648.5	-547	-727.5
drug_247	-577.5	-514.5	549.5	-577.5	-697.5	-727.5
drug_248	546	539	637.5	-455.5	-505	-686.5
drug_249	693.5	663.5	660.5	648.5	409	-629.5
drug_25	-746	-661	368.5	547.5	-789	787.5
drug_250	-720	-665	-669	-673	-627	-786
drug_251	693.5	663.5	660.5	648.5	-687	-727.5
drug_252	709.5	697.5	741	701	-466.5	-610.5
drug_253	-732	738	770	-683	529.5	-773
drug_254	-587.5	475.5	549.5	-595.5	-424	655.5
drug_255	-587.5	475.5	549.5	-595.5	-670.5	655.5
drug_256	-587.5	475.5	549.5	-595.5	-673.5	655.5
drug_257	-720	-665	-669	-673	409	-786
drug_258	-651	-622	-659	-637	-558.5	-759
drug_259	-669.5	-598.5	637.5	-651.5	-324	-713.5
drug_26	-732	-655	-390.5	-662	-792.5	787.5
drug_260	761.5	747.5	724.5	-523.5	826	-744.5
drug_261	769	775	733	-542	913.5	-738.5
drug_262	584	514	-382.5	-446	-520.5	-694.5
drug_263	755.5	490.5	438	-542	928	-751
drug_264	769	775	733	-429	891	-697
drug_265	769	775	733	-523.5	930	-744.5
drug_266	761.5	747.5	724.5	-542	858	-751
drug_267	775	750	727	-523.5	837.5	-744.5
drug_268	805.5	807.5	554.5	747.5	946	-744.5
drug_269	769	775	733	-374.5	907.5	-564.5
drug_27	-732	-655	-390.5	-662	-792.5	787.5
drug_270	769	775	733	-523.5	907.5	-744.5
drug_271	761.5	747.5	724.5	-523.5	858	-744.5
drug_272	776	786	739	-523.5	822	-744.5
drug_273	755.5	752.5	616.5	-523.5	902	-744.5
drug_274	769	775	733	-523.5	925	-744.5
drug_275	744.5	761.5	669	-545.5	936	-780.5
drug_276	771	523	494.5	-374.5	945	-564.5
drug_277	755.5	490.5	438	-542	927	-782
drug_278	771	523	494.5	-389.5	952.5	-593.5
drug_279	744.5	761.5	669	-542	936	-782
drug_28	-370	-326	-327.5	631	389	727
drug_280	744.5	761.5	669	-374.5	947	573.5
drug_281	744.5	761.5	669	322.5	902	573.5
drug_282	744.5	761.5	669	-374.5	902	573.5
drug_283	744.5	761.5	669	-523.5	926	-744.5
drug_284	744.5	761.5	669	-374.5	926	573.5
drug_285	542.5	638.5	-357	517.5	682.5	-482
drug_286	805.5	807.5	554.5	747.5	946	-697
drug_287	798	780	546	740	879	-744.5
drug_288	755.5	752.5	616.5	331.5	878.5	564.5
drug_289	733	579	-283.5	689.5	-505	-686.5
drug_29	-530	-380	-461	547.5	-537.5	787.5
drug_290	546	539	449.5	473.5	-441.5	575.5
drug_291	622	588	648.5	513.5	434.5	781.5
drug_292	496.5	568.5	608.5	429.5	337	557.5
drug_293	584	584	651	500	-417.5	480
drug_294	-391	475.5	549.5	-409	282.5	655.5
drug_295	452.5	383.5	430	-409	-417.5	595
drug_296	546	539	449.5	473.5	-380.5	575.5
drug_297	-391	475.5	549.5	-409	-417.5	655.5
drug_298	546	539	449.5	473.5	-417.5	575.5
drug_299	546	539	449.5	473.5	-277.5	575.5
drug_3	444.5	486.5	645	859	731.5	506
drug_30	-669.5	-598.5	-396.5	-687.5	-779.5	787.5
drug_300	496.5	568.5	608.5	429.5	-410	557.5
drug_301	546	539	449.5	473.5	225.5	575.5
drug_302	496.5	568.5	608.5	429.5	337	557.5
drug_303	496.5	568.5	608.5	429.5	337	557.5
drug_304	496.5	568.5	608.5	429.5	453	557.5
drug_305	546	539	449.5	473.5	292	575.5
drug_306	496.5	568.5	608.5	429.5	337	557.5
drug_307	546	539	449.5	473.5	-417.5	575.5
drug_308	496.5	568.5	608.5	429.5	422	557.5
drug_309	546	539	449.5	473.5	298	575.5
drug_31	-429.5	-343.5	-394.5	631	420	727
drug_310	496.5	568.5	608.5	429.5	447	557.5
drug_311	546	539	449.5	473.5	219.5	575.5
drug_312	597.5	598.5	681.5	510.5	374	780.5
drug_313	546	539	449.5	473.5	-327.5	575.5
drug_314	-391	475.5	549.5	-409	-425	655.5
drug_315	496.5	568.5	608.5	429.5	-417.5	557.5
drug_316	546	539	449.5	473.5	-444	575.5
drug_317	-391	475.5	549.5	-409	-417.5	655.5
drug_318	496.5	568.5	608.5	429.5	332	557.5
drug_319	496.5	568.5	608.5	429.5	337	557.5
drug_32	-705.5	-611.5	368.5	547.5	-638.5	787.5
drug_320	903.5	813.5	563.5	496.5	756.5	-664
drug_321	841	828	610.5	499.5	753.5	-672
drug_322	628	699	-490.5	-577.5	696.5	-727.5
drug_323	-689.5	669.5	507	-438	-727	-664
drug_324	694	-571.5	-504	-438	515	-664
drug_325	651.5	-549.5	-548	-370	702	-640
drug_326	-689.5	606	-504	-438	629.5	-664
drug_327	-689.5	699	-504	-438	700.5	-664
drug_328	715.5	714.5	520.5	-438	-592	-664
drug_329	677.5	669.5	507	-274	456	-456.5
drug_33	-732	-655	-390.5	-662	551	787.5
drug_330	628	699	478	-287.5	690.5	-621.5
drug_331	430	343	-357	541	691	-482
drug_332	-689.5	669.5	507	-438	-587	-664
drug_333	715.5	714.5	520.5	-438	510.5	-664
drug_334	-689.5	699	-504	-438	-736.5	-664
drug_335	796.5	868.5	639.5	475.5	820.5	-456.5
drug_336	876	910	717	-610.5	743.5	-752.5
drug_337	825	794	530	447	766	-672
drug_338	-689.5	669.5	507	-438	-732	-664
drug_339	930.5	935.5	615	498	854	-664
drug_34	-456	-348	368.5	547.5	530.5	787.5
drug_340	-689.5	699	-504	-438	684	-664
drug_341	796.5	868.5	639.5	475.5	801	-664
drug_342	506	606	-568	-482	646	-545
drug_343	796.5	868.5	639.5	475.5	820.5	-519.5
drug_344	628	699	478	-255.5	724.5	-432.5
drug_345	825	794	530	447	766	-664
drug_346	796.5	868.5	639.5	475.5	838	-621.5
drug_347	876	910	717	506	743.5	-456.5
drug_348	876	910	717	506	761	-640
drug_349	-669.5	663	-629.5	-651.5	895	-713.5
drug_35	-732	-655	-390.5	-662	-655.5	787.5
drug_350	-669.5	-598.5	-629.5	-651.5	703.5	-713.5
drug_351	-669.5	-598.5	-629.5	-651.5	573.5	-713.5
drug_352	-501	-448	-568	-482	545.5	-545
drug_353	-669.5	-598.5	-629.5	-651.5	743	-713.5
drug_354	-669.5	-598.5	-629.5	-651.5	588	-713.5
drug_355	-669.5	-598.5	-629.5	-651.5	735.5	-713.5
drug_356	-669.5	663	-629.5	-651.5	873.5	-713.5
drug_357	-651	-622	-659	-637	588	-759
drug_358	-651	-622	-659	-637	714.5	-759
drug_359	-651	-622	-659	-637	701	-759
drug_36	-530	-380	-461	547.5	551	787.5
drug_360	-501	-448	-568	-482	624.5	-545
drug_361	-669.5	-598.5	-629.5	-651.5	790.5	-713.5
drug_362	574.5	555.5	-468.5	-513.5	729.5	-424.5
drug_363	-669.5	-598.5	-629.5	-651.5	805.5	-713.5
drug_364	-651	-622	-659	-637	701	-759
drug_365	-651	-622	-659	-637	736	-759
drug_366	530	596	-468.5	529	762.5	-424.5
drug_367	-651	-622	-659	-637	719.5	-759
drug_368	-651	-622	-659	-637	680	-759
drug_369	-669.5	-598.5	-629.5	-651.5	784	-713.5
drug_37	-530	-380	-461	684.5	-534	649.5
drug_370	-651	-622	-659	-637	588	-759
drug_371	-669.5	-598.5	-629.5	-651.5	708	-713.5
drug_372	-669.5	-598.5	-629.5	-651.5	743	-713.5
drug_373	-669.5	-598.5	-629.5	-651.5	703.5	-713.5
drug_374	-651	-622	-659	-637	729.5	-759
drug_375	-501	456.5	-568	-482	633.5	-545
drug_376	-651	-622	-659	-637	790.5	-759
drug_377	-669.5	-598.5	-629.5	-651.5	406	-713.5
drug_378	-651	-622	-659	-637	588	-759
drug_379	-415.5	320	382.5	604.5	289.5	363.5
drug_38	-530	-380	-461	547.5	508.5	787.5
drug_380	-415.5	-308.5	-269	551	335.5	441
drug_381	495.5	478.5	451.5	738.5	628.5	-337
drug_382	479.5	444.5	-440.5	802.5	572.5	-370.5
drug_383	-472.5	519	515	831	653.5	-370.5
drug_384	-415.5	-308.5	294.5	467.5	485	501.5
drug_385	585	586	414.5	728.5	764.5	-345
drug_386	-415.5	320	382.5	604.5	-427.5	363.5
drug_387	354	-274	-357	636	257.5	-482
drug_388	-530	-380	-404.5	467.5	498.5	501.5
drug_389	479.5	444.5	405.5	802.5	605.5	-337
drug_39	-530	-380	-461	547.5	551	787.5
drug_390	354	-224	-292	636	259.5	375
drug_391	-415.5	-308.5	294.5	467.5	422	501.5
drug_392	451	519	515	831	673	-337
drug_393	-415.5	-308.5	-269	551	335.5	441
drug_394	479.5	444.5	405.5	802.5	618.5	-337
drug_395	-472.5	-397.5	-440.5	467.5	-496	501.5
drug_396	-370	-326	382.5	604.5	259	-432.5
drug_397	-427	-363	-454	467.5	-524.5	501.5
drug_398	-370	-326	-327.5	467.5	535	501.5
drug_399	-472.5	-397.5	-440.5	604.5	-493.5	-370.5
drug_4	444.5	486.5	645	859	737	-624
drug_40	-746	-661	368.5	547.5	-539.5	787.5
drug_400	-472.5	-397.5	-440.5	636	259.5	375
drug_401	827	897	386	941	835	-482
drug_402	-370	-326	-327.5	551	335.5	441
drug_403	-370	-326	382.5	604.5	283	-432.5
drug_404	451	519	515	831	620.5	-432.5
drug_405	-528	-566	-650	604.5	-562	-683
drug_406	495.5	478.5	451.5	738.5	587.5	-432.5
drug_407	-767.5	-677.5	799.5	-678.5	627.5	813
drug_408	812	814	877.5	725.5	583	-767.5
drug_409	637.5	644.5	863.5	543.5	463	773.5
drug_41	-530	-380	-461	631	-541.5	727
drug_410	805.5	826.5	882.5	722.5	-515.5	822.5
drug_411	-716	-637	799.5	-612	-700	813
drug_412	812	824	880	720	571	-614
drug_413	-782.5	-696.5	-695.5	-697.5	-557	799.5
drug_414	613	631	799.5	524	555	813
drug_415	820	814	873	716	584.5	-636.5
drug_416	-716	-637	799.5	-612	562.5	813
drug_417	812	814	877.5	725.5	581.5	765.5
drug_418	805.5	826.5	882.5	722.5	-602.5	822.5
drug_419	613	631	799.5	524	555	813
drug_42	-732	-655	-390.5	-662	-652.5	787.5
drug_420	-643.5	-547.5	-643.5	-570.5	-478.5	517.5
drug_421	805.5	826.5	882.5	722.5	-415.5	822.5
drug_422	812	824	880	720	508.5	-777.5
drug_423	-767.5	-677.5	799.5	-678.5	555	813
drug_424	820	814	873	716	-667.5	-636.5
drug_425	820	814	873	716	523.5	-786
drug_426	-767.5	-677.5	863.5	-678.5	544	773.5
drug_427	820	814	873	716	584.5	-636.5
drug_428	-750.5	-684	863.5	-667.5	544	-777.5
drug_429	-779.5	-697.5	799.5	-696.5	-807.5	813
drug_43	-530	-380	-461	631	-537.5	727
drug_430	820	814	873	716	-740	-777.5
drug_431	820	814	873	716	506	-777.5
drug_432	812	814	877.5	725.5	500.5	765.5
drug_433	-640.5	-559.5	-665.5	-567.5	-756	517.5
drug_434	-599	-554	-642	-569	-621.5	517.5
drug_435	-610	-539	-605.5	-586.5	-651.5	655.5
drug_436	-501	475.5	-568	-482	-603.5	655.5
drug_437	-669.5	-598.5	-648.5	738.5	-773	-677.5
drug_438	-577.5	-514.5	-490.5	-577.5	-692.5	-727.5
drug_439	-577.5	519	515	831	590.5	-727.5
drug_44	-530	-380	656.5	574.5	659.5	814.5
drug_440	-669.5	-598.5	-648.5	-617.5	-629.5	787.5
drug_441	-577.5	-514.5	-490.5	-577.5	-446.5	-727.5
drug_442	-544	-466	516	597	635.5	892
drug_443	-577.5	634.5	-490.5	-577.5	-689.5	-727.5
drug_444	614.5	542.5	-490.5	661	-692.5	-727.5
drug_445	-501	-448	-568	547.5	551	787.5
drug_446	-577.5	-514.5	-490.5	-577.5	-692.5	787.5
drug_447	-599	-554	515	831	620.5	303
drug_448	-669.5	-598.5	-648.5	818.5	-769.5	-677.5
drug_449	-577.5	-514.5	-490.5	-577.5	551	787.5
drug_45	-530	-380	656.5	574.5	569	814.5
drug_450	-577.5	-514.5	-490.5	-577.5	-687	-727.5
drug_451	-577.5	-514.5	-490.5	738.5	-696	-727.5
drug_452	759.5	757.5	-699	770.5	721.5	-559
drug_453	-669.5	-598.5	-648.5	-617.5	-523.5	-677.5
drug_454	-406.5	-340.5	294.5	467.5	-507.5	-686.5
drug_455	-669.5	-598.5	-648.5	-617.5	-769.5	-677.5
drug_456	-669.5	-598.5	-648.5	-617.5	-767	787.5
drug_457	-740	-690	451.5	738.5	-805.5	-307
drug_458	-706.5	-638.5	515	831	653.5	303
drug_459	-669.5	-598.5	-648.5	911	705	-677.5
drug_46	-530	-380	-461	547.5	488	787.5
drug_460	-750.5	-684	451.5	738.5	-797.5	-309.5
drug_461	-406.5	445	589	911	705	-686.5
drug_462	-669.5	-598.5	-648.5	831	653.5	-677.5
drug_463	-599	-554	-642	631	400	727
drug_464	-406.5	-340.5	-283.5	551	-365	-686.5
drug_465	-669.5	-598.5	-648.5	-617.5	-633	-677.5
drug_466	-513.5	-889.5	-856.5	-751.5	-899	454.5
drug_467	637	-784	-847.5	-789	792	-324.5
drug_468	637	-544.5	-508.5	-764.5	767.5	-347.5
drug_469	317.5	-625	-525.5	-539.5	-688	427.5
drug_47	-732	-655	-390.5	-662	-792.5	787.5
drug_470	694.5	-571	-626.5	-631.5	-575.5	338.5
drug_471	433	-600.5	-628.5	-521	-579.5	243
drug_472	637	-827.5	-843.5	-876.5	-893	-491.5
drug_473	-513.5	-889.5	-856.5	-751.5	-904	427.5
drug_474	-513.5	-889.5	-856.5	-751.5	-904	427.5
drug_475	-513.5	-889.5	-856.5	-751.5	-899	-401.5
drug_476	658	-827.5	-843.5	-876.5	-853	-491.5
drug_477	658	-784	-840.5	-551	796	-270.5
drug_478	637	-889.5	-856.5	-751.5	-864	-401.5
drug_479	658	-827.5	-843.5	-876.5	-894.5	-491.5
drug_48	-573	-620	-694	-602.5	-541	787.5
drug_480	-347	-675	-648	-530	-634.5	427.5
drug_481	649	-860	-864.5	-625	-861.5	-372
drug_482	658	-827.5	-864.5	-559.5	778.5	-272.5
drug_483	-464.5	-827.5	-864.5	-559.5	-721.5	454.5
drug_484	658	-889.5	-856.5	-751.5	-859	-401.5
drug_485	-513.5	-889.5	-856.5	-751.5	-899	454.5
drug_486	609.5	-860	-864.5	-625	-830	-372
drug_487	-513.5	-889.5	-856.5	-751.5	-904	533.5
drug_488	637	-675	-648	-530	816	-209
drug_489	-513.5	-889.5	-856.5	-751.5	-895.5	427.5
drug_49	-802	-848	-526.5	-979.5	-944.5	787.5
drug_490	637	-827.5	-864.5	-559.5	787.5	-272.5
drug_491	637	-889.5	-856.5	-751.5	-899	-401.5
drug_492	609.5	-889.5	-856.5	-751.5	-844.5	-401.5
drug_493	574.5	-816.5	-849.5	-553.5	-798.5	-387.5
drug_494	401.5	-519	-602	-586	734.5	243.5
drug_495	411	-745	-631.5	-544.5	-663	-411.5
drug_496	-464.5	-827.5	-839.5	-618.5	-807.5	-409.5
drug_5	-432	-226	249	631	424	727
drug_50	-700.5	-632.5	442	-691.5	-641.5	606
drug_51	496.5	568.5	697	-409	367	760
drug_52	-427	-363	-454	547.5	-526.5	787.5
drug_53	-472.5	-397.5	-538	707.5	488	707.5
drug_54	-427	-363	-454	583.5	513	403.5
drug_55	744.5	779.5	847.5	707.5	384.5	-508.5
drug_56	-472.5	-397.5	-538	583.5	500.5	403.5
drug_57	530.5	560.5	592.5	861.5	603.5	-392
drug_58	665	738	770	677	457	457
drug_59	-472.5	-397.5	-538	551	388	441
drug_6	472	390	495	834	750.5	551
drug_60	570	493	-538	747.5	556	-392
drug_61	496.5	568.5	608.5	429.5	440.5	557.5
drug_62	-700.5	-632.5	439	852	-640.5	378
drug_63	546	539	449.5	473.5	-294	575.5
drug_64	-472.5	-397.5	-538	467.5	-485	501.5
drug_65	579	455	-399	730.5	540.5	-508.5
drug_66	530.5	560.5	592.5	861.5	543.5	-392
drug_67	-700.5	-632.5	451.5	738.5	-786.5	-323.5
drug_68	784	712	738.5	593.5	-384.5	412.5
drug_69	744.5	779.5	847.5	707.5	-533	502.5
drug_7	-443.5	-301.5	442	647	354.5	668
drug_70	-472.5	-397.5	-538	654	-485	-392
drug_71	-634.5	-563.5	592.5	861.5	-777.5	348.5
drug_72	479.5	444.5	-538	802.5	572.5	-392
drug_73	-472.5	-397.5	-538	583.5	565.5	403.5
drug_74	530.5	560.5	592.5	861.5	548	-392
drug_75	-700.5	-632.5	592.5	861.5	548	348.5
drug_76	-700.5	-632.5	-411.5	-691.5	-784.5	403.5
drug_77	496.5	568.5	608.5	429.5	-491.5	557.5
drug_78	-700.5	-632.5	515	831	673	-323.5
drug_79	-472.5	486.5	666.5	941.5	653	634.5
drug_8	-403	-213	226.5	608.5	416	879.5
drug_80	570	493	-538	747.5	556	-392
drug_81	665	738	770	677	529.5	457
drug_82	452.5	383.5	484.5	-339	-380.5	720.5
drug_83	-327	-274	-357	402.5	389.5	566.5
drug_84	744.5	779.5	826	625	445.5	-482
drug_85	744.5	779.5	826	625	594	-482
drug_86	784	712	732.5	563.5	527.5	-482
drug_87	452.5	383.5	484.5	-339	277.5	720.5
drug_88	772	683	676	600	482	-482
drug_89	709.5	697.5	706.5	584.5	496.5	-482
drug_9	-456	-348	278	699	-502.5	673
drug_90	744.5	779.5	826	625	509	-482
drug_91	520	343	407.5	374.5	141	747.5
drug_92	665	738	770	677	457	-482
drug_93	374.5	475.5	549.5	-339	201.5	655.5
drug_94	784	712	732.5	563.5	535	-482
drug_95	744.5	779.5	826	625	521.5	-482
drug_96	665	738	770	677	457	-482
drug_97	744.5	779.5	826	625	521.5	-482
drug_98	744.5	779.5	826	625	625	-482
drug_99	693.5	663.5	660.5	648.5	486	489.5
