ad	density	cc	spath	eigencentr	betwcentr
drug_1	-649	-649	713.5	-555.5	591	514
drug_10	765	753	825.5	662	854.5	-669
drug_100	-649	-649	-524.5	-552.5	509	516
drug_101	513.5	-549.5	429.5	348.5	509	516
drug_102	-459.5	-535.5	-470	-598	486.5	-594
drug_103	454.5	-448	347.5	348.5	502.5	510
drug_104	810.5	759.5	334.5	781	487	-278
drug_105	-512.5	-549.5	414.5	395	485.5	409
drug_106	787.5	762.5	-514.5	757	-467.5	-299.5
drug_107	795.5	801.5	423.5	778	377.5	-626.5
drug_108	791	785	473	754.5	414.5	-318.5
drug_109	-512.5	-549.5	367.5	306	-464	555
drug_11	459.5	479.5	-601.5	-638	492	-695
drug_110	770.5	780.5	595	731.5	-579	-750.5
drug_111	446	494	514	473.5	650.5	-750.5
drug_112	779	789	536	750.5	-579	-750.5
drug_113	495	488	-508.5	504.5	-579	-750.5
drug_114	770.5	780.5	595	731.5	-518	-865.5
drug_115	779	789	536	750.5	-579	-750.5
drug_116	789.5	810.5	559.5	777	-579	-750.5
drug_117	770.5	780.5	595	731.5	-499.5	-848
drug_118	779	789	536	750.5	-503.5	-865.5
drug_119	784.5	774.5	511.5	739	-600	-750.5
drug_12	-938	-805	-952	-772	-736	-781
drug_120	794	808	525.5	776	-518	-857.5
drug_121	495	488	-508.5	504.5	-579	-750.5
drug_122	784.5	774.5	511.5	739	-579	-750.5
drug_123	779	789	536	750.5	-565	-750.5
drug_124	413	410	-508.5	365.5	681	-750.5
drug_125	784.5	774.5	511.5	739	-579	-750.5
drug_126	495	488	-473.5	504.5	672	-848
drug_127	438.5	399.5	-508.5	391.5	-559	-750.5
drug_128	696.5	712.5	807.5	604	838.5	-750.5
drug_129	770.5	780.5	595	731.5	-579	-750.5
drug_13	-792	-875	-831	-537	-735.5	-597
drug_130	446	494	514	473.5	651.5	-848
drug_131	438.5	399.5	-473.5	391.5	-520	-848
drug_132	495	488	-508.5	504.5	-565	-750.5
drug_133	433	491	507	444.5	-534	-865.5
drug_134	438.5	399.5	-473.5	391.5	-534	-848
drug_135	413	410	498	365.5	555.5	-848
drug_136	821.5	829.5	805.5	785	-518	-865.5
drug_137	438.5	399.5	-508.5	391.5	-545	-750.5
drug_138	388	404	-508.5	362	-579	-750.5
drug_139	438.5	399.5	-473.5	391.5	-499.5	-857.5
drug_14	-627	-513	-758	443	463.5	-739
drug_140	438.5	399.5	-473.5	391.5	-518	-857.5
drug_141	413	410	-508.5	365.5	-579	-750.5
drug_142	-495	-644	-929.5	419	-862.5	573
drug_143	469	-610	-775.5	421	-851	541
drug_144	-495	-644	-929.5	344.5	-862.5	528.5
drug_145	-488.5	-455.5	-899.5	388.5	-839	-720.5
drug_146	-491.5	-645.5	-921.5	-427.5	-926.5	-600.5
drug_147	-493	-623	-929.5	410	-842	536
drug_148	-503.5	-456.5	-951.5	358.5	-750	-917.5
drug_149	-451.5	-559.5	-753.5	325.5	-827	619.5
drug_15	-780	-575	-909	-822	645.5	-902
drug_150	-481.5	-553.5	-906.5	344.5	-914	-636.5
drug_151	-485	-606	-924.5	383	-914	-599.5
drug_152	-487	-635	-932.5	-394.5	-926.5	-598.5
drug_153	-493	-623	-924.5	419	-841	573
drug_154	-499	-653	-940	-431	-896	534
drug_155	-508.5	-581.5	-956.5	-497.5	-698	-689.5
drug_156	-789	-776	-938	406.5	-881	716.5
drug_157	-487	-635	-924.5	431	-929	-540.5
drug_158	-507	-524	-956.5	-500	-655.5	-819
drug_159	-496.5	-480.5	-954.5	-477.5	-777	-915.5
drug_16	-635	-553	-736	500.5	-531	-688
drug_160	-507	-524	-956.5	-500	-655.5	-819
drug_161	-510	-494	-953.5	433.5	-596.5	-821.5
drug_162	-510	-494	-952.5	-400.5	-596.5	-822.5
drug_163	-499	-653	-940	-431	-893	523.5
drug_164	-368.5	-199.5	-676.5	332.5	-530	-871.5
drug_165	-410.5	-564.5	-688.5	132.5	-924	512.5
drug_166	462.5	-574.5	-858.5	-488	-866	-653
drug_167	227	-164	-698.5	-355	-454	-957
drug_168	-353.5	-216.5	-719	307.5	-563.5	-754
drug_169	-378.5	-243.5	-789.5	-356.5	-529	-833.5
drug_17	-817	-542	-754.5	-557	-593	-716
drug_170	-353.5	-216.5	-719	245.5	-550.5	-754
drug_171	-519.5	-668.5	-585.5	-743.5	-623	654
drug_172	-514	-608	-450	-444	-697	654
drug_173	-545	-710	-554.5	-765.5	-636.5	727
drug_174	-614	-685	-616	-654.5	-774	697
drug_175	-440	-595	-413	-395	-484	637.5
drug_176	497.5	-535	499.5	463.5	494	824.5
drug_177	-414.5	-520.5	-325	-590.5	-464	684
drug_178	-440	-595	-413	-395	-494	637.5
drug_179	-440	-595	-413	-395	-484	637.5
drug_18	-809.5	-854.5	-501	-499.5	-938	-502.5
drug_180	-468.5	-622.5	-456	-600	-712	654
drug_181	-440	-595	-413	-395	-501.5	697
drug_182	-444	-471	-337	-426	-409.5	637.5
drug_183	438	-497	501	-415	504.5	830
drug_184	-468.5	-622.5	-456	-600	-725	637.5
drug_185	-571.5	-762.5	-626	-606.5	-689	637.5
drug_186	-400.5	-469.5	-325	-610.5	-413	654
drug_187	-585	-645	-620	-636.5	-608	687
drug_188	-376.5	-568.5	-380.5	-524.5	-530	654
drug_189	-500.5	-634.5	-476	-424	-740	637.5
drug_19	434.5	357.5	-482.5	396	505.5	-727.5
drug_190	-598	-724	-577.5	-637.5	-653	637.5
drug_191	-718.5	-697.5	-831	-615	-782	826
drug_192	-444	-471	-337	-426	-393	654
drug_193	-529	-747	-585.5	-736	-677.5	654
drug_194	-529	-747	-585.5	-736	-656	654
drug_195	455	-595	502	433	500.5	828
drug_196	-571.5	-762.5	-626	-606.5	-700.5	654
drug_197	-414.5	-520.5	-325	-590.5	-448	637.5
drug_198	-545	-710	-645	-802.5	-748.5	831
drug_199	-631	-686	-499	-487	-548	637.5
drug_2	-627	-513	-758	508.5	718.5	-739
drug_20	-901.5	-904.5	-866	-628	-789	-641
drug_200	-514	-608	-450	-444	-697	694
drug_201	365	451	563	-357	503.5	913
drug_202	457	493	555	427	543.5	896
drug_203	439.5	498.5	566.5	-423	557	905.5
drug_204	320.5	-394	482.5	-357	542	829.5
drug_205	433.5	473.5	485.5	423.5	541	892.5
drug_206	-329	371.5	428.5	326.5	447.5	834.5
drug_207	320.5	-394	464	-357	486	833
drug_208	381.5	433.5	524.5	-397	538	909.5
drug_209	457	493	555	427	545.5	896
drug_21	449.5	367.5	-482.5	381	500.5	-727.5
drug_210	459.5	484.5	487.5	432.5	507	889.5
drug_211	-291	-394	-296	-357	348	715.5
drug_212	457	493	555	427	543.5	896
drug_213	433.5	473.5	485.5	423.5	542	892.5
drug_214	323.5	-394	409.5	-357	490	867.5
drug_215	-504.5	-615.5	563	-652.5	-668	913
drug_216	442	456	549.5	-423	506	907.5
drug_217	439.5	498.5	566.5	402.5	557	905.5
drug_218	433.5	473.5	485.5	423.5	540	892.5
drug_219	-466	-620.5	-563.5	-624.5	555	902.5
drug_22	-494	-513	-553	-509.5	-528	-938
drug_220	410.5	482.5	551.5	-432.5	-527	899.5
drug_221	-558.5	-560.5	-465	-662	577	888.5
drug_222	457	493	555	427	500	896
drug_223	410.5	482.5	551.5	398.5	552.5	899.5
drug_224	340.5	320.5	285.5	-397	363	865.5
drug_225	415	460	564.5	-357	539	911.5
drug_226	-474.5	-536.5	566.5	-696	-588	905.5
drug_227	-521	-629	-568	-647	-595.5	901.5
drug_228	470.5	-620.5	-563.5	-624.5	547	890.5
drug_229	532.5	565.5	582.5	447.5	580	935.5
drug_23	518	485	-522	502	569.5	-774.5
drug_230	410.5	482.5	551.5	-432.5	552.5	899.5
drug_231	669	694	767	631.5	714	-500.5
drug_232	811.5	802.5	827.5	693	847.5	647
drug_233	655.5	605.5	-779.5	-648	676	-803
drug_234	655.5	605.5	699.5	596	552.5	-558
drug_235	626.5	592.5	686.5	562	761	-558
drug_236	679.5	672.5	-787	-729	497	-734
drug_237	637	664	715	625.5	708.5	-783
drug_238	535.5	541.5	-552.5	-563	501.5	-700
drug_239	647	628	764.5	567	623	-700
drug_24	-542	418.5	-466.5	401	-567.5	503
drug_240	545.5	465.5	-585.5	-608.5	444.5	-816.5
drug_241	572	574	-585.5	-608.5	504.5	-816.5
drug_242	611.5	563.5	768.5	-469	-463.5	-658
drug_243	679.5	645.5	776	558	614.5	-447.5
drug_244	812.5	814.5	716.5	-818	-479	-972
drug_245	-770	-793	-708.5	-588	-757.5	-348
drug_246	632.5	580.5	730.5	507	545.5	-622
drug_247	647	628	-779.5	-660	621.5	-813
drug_248	647	628	-753.5	-750	672.5	-824
drug_249	679.5	672.5	-808	649.5	648.5	-738
drug_25	-609.5	-640.5	-619.5	-663.5	-494.5	700.5
drug_250	559.5	646.5	-753.5	-750	801	-824
drug_251	647	628	-787	-729	623	-734
drug_252	604.5	550.5	-787	-729	638.5	-734
drug_253	637	664	-808	625.5	707.5	-738
drug_254	629.5	600.5	-779.5	-648	611.5	-803
drug_255	599.5	570.5	-753.5	-762	715.5	-831
drug_256	655.5	605.5	-753.5	-750	400	-824
drug_257	669	694	767	631.5	714	-700
drug_258	501.5	555.5	-653	-680.5	597.5	-613.5
drug_259	529.5	459.5	-779.5	-648	454.5	-803
drug_26	-634.5	-671.5	-606.5	-582	-348.5	467
drug_260	-778	-761	631	-799	709.5	540.5
drug_261	641	699	667	-707.5	767.5	602.5
drug_262	602.5	660.5	735.5	-682	633	590
drug_263	-735.5	-754.5	631	-764	711.5	540.5
drug_264	-819.5	-842.5	697	-971.5	-871	638.5
drug_265	-735.5	-754.5	667	-764	615	602.5
drug_266	-706	-724	619.5	-878.5	865	554
drug_267	-721.5	-775.5	637	-869.5	588	531.5
drug_268	-770.5	-779.5	661.5	-894	751.5	607
drug_269	-706	-724	-444	-876.5	581.5	537.5
drug_27	-584.5	-613.5	-591	-642	-458.5	706.5
drug_270	-774	708	661.5	-807.5	750	607
drug_271	699	689	631	718.5	711.5	540.5
drug_272	630.5	630.5	664.5	-781.5	590	627
drug_273	-770.5	-779.5	661.5	-894	748	607
drug_274	-778	-761	667	-799	767.5	602.5
drug_275	691	708	661.5	711.5	750	607
drug_276	-564.5	590	398	-741	669	534.5
drug_277	650	679	637	-767.5	739.5	531.5
drug_278	-737.5	590	398	-948	669	534.5
drug_279	641	699	667	-803.5	769.5	602.5
drug_28	483	549	-560.5	-648	-441.5	-577
drug_280	757.5	764.5	553.5	-448.5	717	375.5
drug_281	-706	-724	442.5	-690.5	723.5	599
drug_282	-770.5	-779.5	-439.5	-894	-606.5	534.5
drug_283	691	708	661.5	-722	748	607
drug_284	-735.5	-754.5	-428.5	-890.5	669	534.5
drug_285	-429.5	471	551.5	-650	451	-522
drug_286	661.5	714	697	-741	782	638.5
drug_287	699	-721	-653.5	-790.5	-630	-688.5
drug_288	579.5	559.5	411.5	-741	528.5	580
drug_289	-715	-752	-813.5	-784	-814	-748
drug_29	-419.5	-324.5	-334	-547	340.5	706.5
drug_290	803	792	-738	742	-791	-781.5
drug_291	527.5	-388.5	-731	486.5	-793	-788.5
drug_292	799.5	803.5	-731	771	-786.5	-782.5
drug_293	534	482	-731	582.5	-796	-788.5
drug_294	443.5	467.5	-750.5	493	-712	-675
drug_295	487.5	-459	-750.5	-450	-702.5	-675
drug_296	499	463	-731	-485.5	-793	-788.5
drug_297	443.5	467.5	-731	493	-786.5	-788.5
drug_298	804.5	769.5	-738	761	-815	-666.5
drug_299	736.5	711.5	777.5	653	836.5	-779.5
drug_3	-627	516	-758	574.5	717.5	-739
drug_30	-634.5	-671.5	-606.5	-582	-398	480
drug_300	534	482	-750.5	582.5	-641.5	-779.5
drug_301	796.5	776.5	-738	762	-804.5	-666.5
drug_302	503	-459	-750.5	-450	-707.5	-675
drug_303	527.5	-474.5	-738	486.5	-804.5	-666.5
drug_304	456.5	-490	-787	387	-818.5	-613
drug_305	487.5	-474.5	-738	-474.5	-819	-666.5
drug_306	487.5	-474.5	-791	429	-730.5	-615.5
drug_307	487.5	-388.5	-731	-485.5	-793	-788.5
drug_308	807	805	-750.5	779.5	-707.5	-675
drug_309	487.5	381.5	-578	429	-469	-689
drug_31	-407.5	-366.5	-339	-523	290.5	706.5
drug_310	532.5	514.5	-750.5	553	-707.5	-675
drug_311	438.5	-474.5	-738	-474.5	-801.5	-666.5
drug_312	509.5	-474.5	-738	-474.5	-804.5	-666.5
drug_313	794	808	-545.5	773	-570	-719.5
drug_314	515.5	477.5	-738	551	-804.5	-666.5
drug_315	487.5	-490	-787	429	-834	-613
drug_316	511.5	510.5	495.5	499	531.5	-518.5
drug_317	487.5	381.5	-545.5	434.5	-497.5	-809
drug_318	807	805	-545.5	779.5	-549	-719.5
drug_319	449.5	367.5	-545.5	441	-555.5	-719.5
drug_32	-407.5	-366.5	-339	-523	366	700.5
drug_320	-715	659	727	-700.5	734	-460.5
drug_321	782	758	823.5	-700.5	850.5	641
drug_322	607.5	617.5	719	586.5	580	-568.5
drug_323	585	597	681	-746	725	-577
drug_324	599.5	570.5	654.5	609	671.5	-580.5
drug_325	792.5	767.5	826.5	684	975	642
drug_326	-598.5	624.5	724.5	560	604	496
drug_327	624	659	727	593.5	734	-568.5
drug_328	620	610	690	620.5	680.5	-568.5
drug_329	-579.5	491	507	-554.5	720	-559.5
drug_33	-367	-283	-345	-517	252	770.5
drug_330	609.5	662.5	762.5	-746	765.5	-577
drug_331	-939	-791	-921	-509	-802	-678
drug_332	588.5	624.5	724.5	-746	756.5	-577
drug_333	-748.5	610	690	620.5	680.5	-337.5
drug_334	-673.5	610	690	620.5	682.5	-560.5
drug_335	-715	452	416	-700.5	521.5	-460.5
drug_336	-715	610	690	-700.5	678	-460.5
drug_337	-785.5	597	681	579.5	574.5	398.5
drug_338	588.5	624.5	724.5	-576	604	-581.5
drug_339	-760.5	610	690	620.5	680.5	-318.5
drug_34	-407.5	-366.5	-339	-523	364.5	700.5
drug_340	620	610	690	620.5	678	-568.5
drug_341	-715	597	681	-700.5	574.5	-460.5
drug_342	-669	-598	604.5	-496	548.5	-540
drug_343	-785.5	452	416	483.5	-463	286.5
drug_344	-512	479.5	463.5	-746	530.5	-577
drug_345	-715	597	681	-700.5	725	-460.5
drug_346	-832	603.5	717.5	555	602	506
drug_347	-908.5	-763.5	-503.5	549	471.5	254
drug_348	-785.5	617.5	719	586.5	731.5	417.5
drug_349	-855	-832	-421	-559	-496.5	279.5
drug_35	-572.5	-519.5	-619.5	-663.5	-571.5	503.5
drug_350	-862	-815	-401.5	-631.5	-485.5	279.5
drug_351	-612	-693	-363.5	-818	-522	-374
drug_352	-634.5	-425.5	-471.5	-877.5	524	-572.5
drug_353	-849.5	-608.5	-497.5	-866.5	326.5	-494.5
drug_354	-497.5	476.5	427.5	-672.5	647.5	-533.5
drug_355	-836.5	-801.5	776.5	-828.5	840.5	643
drug_356	-875	-926	779.5	-852.5	841.5	645
drug_357	-519.5	471	465.5	-576	593	-590.5
drug_358	-817.5	-769.5	808.5	-802	843.5	646
drug_359	-826	-822	406.5	-792	516.5	323
drug_36	-649	-649	-593	-607	385	706.5
drug_360	-429.5	442	418	-640	583.5	-508
drug_361	-826	-822	-387	-792	540	341.5
drug_362	-826	-822	-387	-792	479	290.5
drug_363	-826	-822	-387	-792	540	341.5
drug_364	-826	-822	418	-792	584.5	420.5
drug_365	-826	-822	465.5	-792	593	379
drug_366	-849.5	-608.5	-497.5	-866.5	534.5	-494.5
drug_367	-842.5	-545.5	572.5	-875.5	607	-551.5
drug_368	-826	-822	461	-792	524	293.5
drug_369	-836.5	-801.5	344	-828.5	479	290.5
drug_37	-449.5	-464.5	-455	-531	-370.5	706.5
drug_370	-539.5	-382.5	444.5	-541.5	469.5	-568.5
drug_371	-817.5	-769.5	382.5	-805	660.5	353
drug_372	-730.5	-402.5	382.5	-750.5	538.5	-544.5
drug_373	-872.5	-798.5	778.5	-528.5	842.5	644
drug_374	-874.5	-636.5	-518.5	-725.5	518.5	-498.5
drug_375	-539.5	-382.5	406.5	-541.5	517.5	-568.5
drug_376	-760.5	-421.5	409.5	-500.5	515.5	487
drug_377	665.5	738.5	804.5	636	849.5	648
drug_378	-497.5	-466.5	572.5	-672.5	609.5	-533.5
drug_379	376	393	491.5	-328	586.5	544
drug_38	-597.5	-480.5	-615	-666	-541.5	706.5
drug_380	338.5	345.5	483	-469	520.5	-658
drug_381	-378.5	393	488.5	-413.5	590.5	-447.5
drug_382	770.5	780.5	-611	760	-775.5	-356.5
drug_383	-513.5	-468.5	-611	-526.5	-708.5	358
drug_384	376	393	488.5	-469	590.5	-658
drug_385	-391.5	393	488.5	-396	-580	-407
drug_386	353.5	430.5	572.5	-469	458	-658
drug_387	338.5	345.5	483	-349.5	519.5	-506.5
drug_388	759	797	628	735.5	-630.5	-383
drug_389	-391.5	393	491.5	-396	588.5	544
drug_39	-634.5	-671.5	-606.5	-582	-347	706.5
drug_390	353.5	430.5	572.5	-334	604.5	-503
drug_391	400.5	502.5	604.5	-469	701	-658
drug_392	-451.5	393	491.5	321	-651	544
drug_393	776	812	639	767.5	402.5	-457
drug_394	754	756	508.5	728	-726	-344.5
drug_395	926.5	913.5	-534	902	-604	-383
drug_396	982	989	955	945	554	-457
drug_397	751	737	-534	727	-630.5	-383
drug_398	335.5	351.5	556	-469	527	-658
drug_399	-365	-385	-534	-375	-628	-383
drug_4	-710	512	-645.5	-527.5	719.5	-666.5
drug_40	-567	-634	-614	-658	-493.5	483.5
drug_400	335.5	351.5	-578	-594	-472	-542
drug_401	-783	-655	557.5	-499	-728	504
drug_402	770.5	780.5	515.5	759	-402.5	-755.5
drug_403	353.5	430.5	572.5	-328	607	-457
drug_404	766.5	772.5	404.5	763	-606.5	-407
drug_405	-540	-563	572.5	-576	-616	-770
drug_406	759	797	628	735.5	-580	-407
drug_407	725.5	715.5	640.5	722	735.5	-688.5
drug_408	824	821	494	796.5	-548	-397
drug_409	721	684	-480.5	724.5	676	583.5
drug_41	-558.5	-560.5	-611	-660	-468.5	706.5
drug_410	721	684	477	724.5	673.5	583.5
drug_411	826.5	826.5	684.5	792	-450.5	-542
drug_412	673.5	702.5	648.5	711.5	753.5	610
drug_413	813.5	809.5	-519	782	-463	-509
drug_414	721	684	-499.5	724.5	-596	583.5
drug_415	702	615	-509.5	707.5	-678.5	498.5
drug_416	826.5	826.5	684.5	792	-611.5	-546.5
drug_417	822.5	822.5	651.5	794	-543	-363
drug_418	669	694	655.5	706	745.5	594
drug_419	819	816	-485	789.5	-600.5	-394
drug_42	-407.5	-366.5	-339	-523	336	706.5
drug_420	770.5	780.5	-578	772	-454	-542
drug_421	828.5	823.5	618.5	795	-587.5	-363
drug_422	718	704	653.5	721	722.5	593
drug_423	824	821	-564	796.5	-673.5	-569
drug_424	819	816	-507	789.5	-589.5	-402
drug_425	826.5	826.5	684.5	792	-606.5	-407
drug_426	679.5	672.5	-558	716	721.5	-632
drug_427	721	684	-531	724.5	674.5	583.5
drug_428	695.5	657.5	649.5	700	-596	526
drug_429	816.5	818.5	646.5	787	-592	-511.5
drug_43	-640.5	-715.5	-606.5	-563	-441.5	480
drug_430	816.5	818.5	646.5	787	-741.5	-342
drug_431	816.5	818.5	646.5	787	-591.5	-361
drug_432	702	615	-540.5	707.5	573.5	498.5
drug_433	752.5	768.5	-629	737	-542	-417
drug_434	-391.5	471	-618.5	439	594.5	-511.5
drug_435	453.5	-385	-683.5	-641.5	-656	-546.5
drug_436	367	445	553	-544.5	635.5	-688.5
drug_437	-686.5	-711.5	-556	-486	-554	845.5
drug_438	-329	-346	491.5	-423	482	872.5
drug_439	-572.5	-519.5	504.5	-383	570.5	845.5
drug_44	-558.5	-560.5	-611	-660	-467	-584
drug_440	-537.5	-603.5	-541.5	-559	463.5	845.5
drug_441	-396	-429	504.5	286.5	523.5	845.5
drug_442	-363.5	-360.5	-371.5	-444.5	-419	803.5
drug_443	-620	-693	-680.5	-746.5	-876	845.5
drug_444	-596	-594	-678	-756	-845	-932
drug_445	-493.5	-548.5	-602.5	-702	-605.5	-900
drug_446	-588.5	-601.5	-539	-528	-524.5	845.5
drug_447	-597.5	-480.5	504.5	286.5	-519.5	845.5
drug_448	-886	-840	-625	-541	-954	845.5
drug_449	-291	398.5	504.5	-357	564	845.5
drug_45	483	549	376	-523	-102.5	-580
drug_450	283.5	398.5	504.5	-390.5	526.5	845.5
drug_451	-499.5	-470.5	504.5	-301.5	517	845.5
drug_452	-680.5	-771.5	-871.5	-933.5	-909	932
drug_453	-649	-649	-650	-589	528.5	845.5
drug_454	-459.5	-535.5	-563.5	-632.5	483.5	872.5
drug_455	-415	-460	504.5	-502.5	517	845.5
drug_456	-415	-460	504.5	-502.5	528.5	845.5
drug_457	-671	-718	-571.5	-613	517	845.5
drug_458	-626	-625	504.5	-442	517	845.5
drug_459	-743.5	-740.5	-669	-533	-513.5	845.5
drug_46	-558.5	-560.5	-611	-660	-467	-584
drug_460	-668	-681	-571.5	-614	-476.5	868.5
drug_461	-712	-706	-550	-504	526.5	845.5
drug_462	-643	-598	504.5	-478	523.5	845.5
drug_463	-634.5	-671.5	-661	-665	-542.5	755.5
drug_464	-363.5	398.5	504.5	286.5	517	845.5
drug_465	-434	496.5	575.5	-520	551	908.5
drug_466	-651	-806	609	793	-790.5	656
drug_467	-925.5	-958.5	-782	-784	-834	697.5
drug_468	-756.5	-800.5	497.5	725.5	-903.5	534.5
drug_469	-490.5	-545.5	-562.5	786.5	-601	-791
drug_47	538.5	576.5	559.5	538.5	-188.5	454.5
drug_470	-624	-696	529.5	676.5	-548	697.5
drug_471	-689	-766	-602	676.5	-705	697.5
drug_472	-790	-866	609	793	-730	656
drug_473	-666.5	-857.5	609	793	-811.5	656
drug_474	-680.5	-836.5	609	-795.5	-798	656
drug_475	-730.5	-890.5	616	838	-686	755
drug_476	-672	-763	616	838	-787.5	755
drug_477	-837	-893	536	764	-849	763
drug_478	-821.5	-919.5	616	838	-836	755
drug_479	-800	-914	616	838	-771.5	755
drug_48	400.5	502.5	604.5	410	548.5	-626.5
drug_480	-666.5	-857.5	-500.5	-757	-832	534.5
drug_481	-730.5	-732.5	620.5	771.5	-868.5	793.5
drug_482	-800	-914	-469.5	814.5	-780	578.5
drug_483	-739.5	-827.5	497.5	725.5	-639	534.5
drug_484	-807	-897	609	793	-720	656
drug_485	-642	-713	609	793	-736.5	656
drug_486	809.5	-866	669	850	987	848
drug_487	-730.5	-890.5	616	838	-702.5	755
drug_488	-829	-928	497.5	725.5	-896.5	534.5
drug_489	-573	-738	609	793	-654	656
drug_49	-383	-448	590.5	333	601	522
drug_490	-739.5	-827.5	497.5	725.5	-890	534.5
drug_491	-829	-928	609	793	-896.5	656
drug_492	-829	-928	616	838	-886.5	755
drug_493	-829	-928	561.5	600.5	-911.5	706.5
drug_494	-946.5	-901.5	-769	803.5	-939	860.5
drug_495	-516.5	-686.5	547	626	-655.5	580
drug_496	-754	-918	547	-704.5	-668	580
drug_5	540.5	-572.5	693.5	-568.5	744.5	-484.5
drug_50	-424	-525	576.5	-482	636.5	493
drug_51	610.5	622.5	770.5	481	691.5	598
drug_52	-492	-710	-722	-492	-544.5	-520
drug_53	-814	-920	-819	-941	-737	-488
drug_54	472.5	529.5	582.5	-482	630.5	-413
drug_55	-699	-722	582.5	459	-498	387
drug_56	-486	-588	582.5	618	-485.5	578
drug_57	-693.5	-694.5	519.5	514	565	366
drug_58	-720	-733.5	-663.5	-609.5	-547.5	512
drug_59	-528.5	-510.5	590.5	-488	599.5	522
drug_6	-710	516	-645.5	574.5	564	-666.5
drug_60	-728	-731	-660	-631	630.5	387
drug_61	-617	-688	-630	-649	625.5	-400
drug_62	-743.5	-740.5	-613	-667	565	-563
drug_63	530.5	552.5	458.5	543	646.5	-413
drug_64	-602	-659	-594	-585	408.5	512
drug_65	-528.5	529.5	582.5	459	630.5	387
drug_66	-720	-733.5	-663.5	-609.5	-600.5	415
drug_67	-737.5	751	818	-652.5	693.5	649.5
drug_68	-741	-742	-668	-437	-514.5	415
drug_69	-634.5	-671.5	582.5	459	624.5	387
drug_7	627.5	620.5	650.5	-638	619	-695
drug_70	-576	-685	-623	-622	630.5	-402
drug_71	-649	-649	504	-464.5	-566.5	415
drug_72	-933.5	-955	-895	-905	-956	-548
drug_73	522.5	546.5	519.5	514	415.5	-413
drug_74	-634.5	-671.5	519.5	514	565	366
drug_75	-634.5	-671.5	582.5	459	-581	387
drug_76	472.5	529.5	582.5	-508	478	-458
drug_77	-576	-685	-623	-622	415.5	-402
drug_78	-737.5	-737.5	-666.5	-652.5	-516.5	462.5
drug_79	-930	-922.5	-762.5	-899.5	-806	526
drug_8	601.5	613.5	669.5	601	746.5	-672
drug_80	-634.5	-671.5	582.5	459	630.5	387
drug_81	-649	-649	590.5	-464.5	598.5	522
drug_82	787.5	762.5	421	757	405.5	-328
drug_83	798	765	394	765.5	384	-618.5
drug_84	-528.5	-510.5	340.5	372	467.5	507
drug_85	805.5	771.5	341.5	774	-439.5	-241.5
drug_86	-597.5	-480.5	338	425.5	-490.5	370.5
drug_87	801.5	754.5	-463.5	775	366.5	-389
drug_88	-668	-681	-510	-560	510.5	516
drug_89	-699	-722	-514.5	312	-496.5	530
drug_9	787.5	762.5	821.5	680	855.5	657
drug_90	-528.5	-510.5	338	425.5	446	370.5
drug_91	506.5	-429	359.5	368	455.5	419
drug_92	763.5	770.5	531.5	734	-518.5	-299.5
drug_93	-537.5	-603.5	-463.5	-446	482.5	436
drug_94	791	785	473	754.5	413.5	-318.5
drug_95	798	765	394	765.5	384	-318.5
drug_96	782	758	-475	757	367.5	-352
drug_97	800.5	786.5	368.5	770	370.5	-322.5
drug_98	803	792	440.5	764	-503	-215.5
drug_99	-584.5	-613.5	471.5	316	550.5	528
