	ad	density	cc	spath	eigencentr	betwcentr
drug_1	-820.5	-906.5	-921.5	-834.5	-886	-821.5
drug_10	367.5	-415.5	-565.5	-301.5	-640.5	-611.5
drug_100	-674	-682	288	252	-859.5	642
drug_101	634.5	574.5	551.5	556	617.5	545.5
drug_102	634.5	574.5	551.5	556	727.5	545.5
drug_103	-674	-682	379.5	525.5	-557	-619.5
drug_104	597.5	353.5	401.5	-455.5	-442.5	690.5
drug_105	634.5	574.5	551.5	556	479.5	545.5
drug_106	634.5	574.5	551.5	556	-546	545.5
drug_107	634.5	574.5	551.5	556	-442.5	545.5
drug_108	634.5	574.5	551.5	556	-546	545.5
drug_109	597.5	353.5	401.5	-455.5	293.5	690.5
drug_11	-540	-626	-648	-557	-797.5	-547
drug_110	489	627	631	606	712.5	480
drug_111	489	627	631	606	551.5	480
drug_112	489	627	631	606	529.5	480
drug_113	676	564	703	520.5	596	764
drug_114	489	627	631	606	516.5	480
drug_115	422.5	-415.5	529	-372.5	501	633
drug_116	422.5	-415.5	529	-372.5	614	633
drug_117	489	627	631	606	551.5	480
drug_118	422.5	-415.5	529	-372.5	504.5	633
drug_119	706	-695.5	-703.5	-703.5	732	697
drug_12	-889	-485	107	157	-490.5	525
drug_120	489	627	631	606	516.5	480
drug_121	489	627	631	606	551.5	480
drug_122	-540	-626	-648	-557	-626.5	-547
drug_123	489	627	631	606	469	480
drug_124	489	627	631	606	-469.5	480
drug_125	489	627	631	606	689.5	480
drug_126	489	627	631	606	816.5	480
drug_127	-540	-626	-648	-557	-835	-547
drug_128	681.5	583.5	520	674	604	597
drug_129	422.5	-415.5	529	-372.5	-529.5	633
drug_13	-745.5	-419.5	-436.5	-351.5	-361	567.5
drug_130	422.5	-415.5	529	-372.5	-350.5	633
drug_131	489	627	631	606	551.5	480
drug_132	-540	-626	-648	-557	-379.5	-547
drug_133	422.5	-415.5	529	-372.5	510	633
drug_134	-540	-626	-648	-557	584	-547
drug_135	489	627	631	606	758.5	480
drug_136	609	546	517	527	617	-374.5
drug_137	422.5	-415.5	529	-372.5	497.5	633
drug_138	489	627	631	606	551.5	480
drug_139	422.5	-415.5	529	-372.5	-392	633
drug_14	-540	-626	-648	-557	-626.5	-547
drug_140	422.5	-415.5	529	-372.5	497.5	633
drug_141	489	627	631	606	712.5	480
drug_142	690.5	711.5	713.5	702.5	766.5	672.5
drug_143	489	627	631	606	667.5	480
drug_144	708	701	687	691	837	604
drug_145	703	682	684	685	724.5	748
drug_146	703	682	684	685	589	748
drug_147	690.5	711.5	713.5	702.5	878.5	672.5
drug_148	690.5	711.5	713.5	702.5	763	672.5
drug_149	690.5	711.5	713.5	702.5	774.5	672.5
drug_15	-745.5	-419.5	-436.5	-351.5	-363.5	567.5
drug_150	690.5	711.5	713.5	702.5	770.5	672.5
drug_151	703	682	684	685	724.5	748
drug_152	543.5	518.5	497.5	505.5	-469.5	655.5
drug_153	690.5	711.5	713.5	702.5	766.5	672.5
drug_154	489	627	631	606	689.5	480
drug_155	690.5	711.5	713.5	702.5	628.5	672.5
drug_156	-540	-626	-648	-557	688	-547
drug_157	-631	673.5	693.5	-673	846.5	559.5
drug_158	-631	673.5	693.5	-673	-686	559.5
drug_159	690.5	711.5	713.5	702.5	770.5	672.5
drug_16	-540	-626	-648	-557	-474.5	-547
drug_160	690.5	711.5	713.5	702.5	636.5	672.5
drug_161	690.5	711.5	713.5	702.5	632.5	672.5
drug_162	690.5	711.5	713.5	702.5	515.5	672.5
drug_163	703	682	684	685	586.5	748
drug_164	489	627	631	606	816.5	480
drug_165	489	627	631	606	551.5	480
drug_166	690.5	711.5	713.5	702.5	874.5	672.5
drug_167	703	682	684	685	724.5	748
drug_168	690.5	711.5	713.5	702.5	774.5	672.5
drug_169	690.5	711.5	713.5	702.5	766.5	672.5
drug_17	-745.5	-419.5	-436.5	-351.5	-402	567.5
drug_170	489	627	631	606	771.5	480
drug_171	-540	-626	-648	-557	-561	-547
drug_172	-540	-626	-648	-557	-808	-547
drug_173	-540	-626	-648	-557	596	-547
drug_174	-540	-626	-648	-557	-561	-547
drug_175	-471.5	562	-575	545	639	600
drug_176	348.5	-415.5	-565.5	366	-516	-611.5
drug_177	-540	-626	-648	-557	-561	579
drug_178	-540	-626	-648	-557	668	-547
drug_179	-540	-626	-648	-557	-561	-547
drug_18	-745.5	-419.5	-436.5	-351.5	-365.5	567.5
drug_180	-540	-626	-648	-557	-680	579
drug_181	-540	-626	-648	-557	-655	579
drug_182	-540	-626	-648	-557	564	-547
drug_183	348.5	-415.5	-565.5	366	-516	-611.5
drug_184	-540	-626	-648	-557	-745.5	-547
drug_185	-540	-626	-648	-557	-599.5	579
drug_186	-540	-626	-648	-557	584	-547
drug_187	-540	-626	-648	-557	-745.5	579
drug_188	-540	-626	-648	-557	-536	-547
drug_189	-540	-626	-648	-557	700	-547
drug_19	-540	-626	-648	-557	668	-547
drug_190	-540	-626	-648	-557	-680	579
drug_191	-510	-618	-362	-576	-331	-874
drug_192	-540	-626	-648	-557	-599.5	579
drug_193	-540	-626	-648	-557	-626.5	579
drug_194	-540	-626	-648	-557	-680	-547
drug_195	348.5	-415.5	-565.5	366	-516	-611.5
drug_196	-540	-626	-648	-557	-745.5	-547
drug_197	-540	-626	-648	-557	-599.5	579
drug_198	348.5	-415.5	-565.5	366	-635	-611.5
drug_199	-540	-626	-648	-557	668	-547
drug_2	-540	-626	-648	-557	-474.5	-547
drug_20	-745.5	-419.5	-436.5	-351.5	-338.5	567.5
drug_200	-540	-626	-648	-557	542	-547
drug_201	-540	-626	-648	-557	-599.5	-547
drug_202	-631	557	515	-673	737	759
drug_203	-540	-626	-648	-557	-436	-547
drug_204	-631	557	515	-673	631.5	759
drug_205	-540	-626	-648	-557	-561	-547
drug_206	-631	691	678	-673	756.5	715
drug_207	-540	-626	-648	-557	-651	-547
drug_208	-471.5	-494.5	-575	479	551	722
drug_209	-540	-626	-648	-557	488	579
drug_21	-540	-626	-648	-557	-740	-547
drug_210	-631	691	678	-673	-646.5	715
drug_211	-540	-626	-648	-557	-407	579
drug_212	-540	-626	-648	-557	-626.5	-547
drug_213	-540	-626	-648	-557	-626.5	-547
drug_214	-631	-535	570	-673	-586.5	755
drug_215	-540	-626	-648	-557	-599.5	699.5
drug_216	-631	691	678	-673	860.5	715
drug_217	-631	-535	570	-673	635.5	755
drug_218	-540	-626	-648	-557	-626.5	699.5
drug_219	-631	691	678	-673	618.5	715
drug_22	-830.5	-908.5	-852.5	-840.5	-914	-830.5
drug_220	-631	691	678	-673	860.5	715
drug_221	664	538	586	-613.5	507	767
drug_222	-631	-535	570	-673	738	755
drug_223	-631	-535	-418	-673	-656.5	766
drug_224	-540	-626	-648	-557	-418	-547
drug_225	-540	-626	-648	-557	-599.5	579
drug_226	-540	-626	-648	-557	-474.5	579
drug_227	-540	-626	-648	-557	-436	-547
drug_228	-540	-626	-648	-557	-778.5	699.5
drug_229	-300.5	-415.5	-565.5	-301.5	-730	-611.5
drug_23	-471.5	562	-575	545	389.5	600
drug_230	-631	557	515	-673	735.5	759
drug_231	-540	-626	-648	-557	-561	579
drug_232	348.5	-415.5	-565.5	366	-635	-611.5
drug_233	-540	-626	-648	-557	-626.5	-547
drug_234	543.5	518.5	497.5	505.5	-469.5	655.5
drug_235	543.5	518.5	497.5	505.5	-350.5	655.5
drug_236	438.5	-415.5	-496.5	-372.5	-267	737
drug_237	-540	-626	-648	-557	-501.5	579
drug_238	422.5	-415.5	529	-372.5	-529.5	633
drug_239	422.5	-415.5	529	-372.5	366.5	633
drug_24	-826.5	677.5	657.5	-759.5	804	-822.5
drug_240	422.5	-415.5	529	-372.5	512	633
drug_241	489	627	631	606	529.5	480
drug_242	438.5	-415.5	-496.5	-372.5	-469.5	737
drug_243	422.5	-415.5	529	-372.5	504.5	633
drug_244	489	627	631	606	758.5	480
drug_245	-540	-626	-648	-557	-718.5	-547
drug_246	489	627	631	606	-571	480
drug_247	489	627	631	606	419	480
drug_248	543.5	518.5	497.5	505.5	474.5	655.5
drug_249	671	698	672	680	600.5	682
drug_25	570	532	540.5	505.5	633	521.5
drug_250	-540	-626	-648	-557	-599.5	-547
drug_251	-540	-626	-648	-557	-718.5	-547
drug_252	489	627	631	606	551.5	480
drug_253	-540	-626	-648	-557	-501.5	-547
drug_254	543.5	518.5	497.5	505.5	481.5	655.5
drug_255	489	627	631	606	647.5	480
drug_256	438.5	-415.5	-496.5	-372.5	-428	737
drug_257	438.5	-415.5	-496.5	-372.5	451	737
drug_258	422.5	-415.5	529	-372.5	601.5	633
drug_259	422.5	-415.5	529	-372.5	363	633
drug_26	654.5	434.5	411.5	489.5	553	-603
drug_260	317	-415.5	-585.5	240.5	-607	-629.5
drug_261	579	319	-389.5	380	-270	-475.5
drug_262	-300.5	-415.5	-585.5	270.5	-607	-629.5
drug_263	579	319	-389.5	380	378	-475.5
drug_264	579	319	-389.5	380	473.5	-475.5
drug_265	667.5	553.5	584.5	566	381.5	401.5
drug_266	579	319	-389.5	380	374.5	-475.5
drug_267	530.5	429.5	577.5	483.5	-435	-475.5
drug_268	783.5	-557.5	-660	585	-547	-748
drug_269	-300.5	-415.5	-585.5	270.5	-488	-629.5
drug_27	654.5	434.5	411.5	489.5	313.5	-603
drug_270	579	319	-389.5	380	473.5	-475.5
drug_271	679	566	592	651	503	525
drug_272	579	319	-389.5	380	478.5	-475.5
drug_273	-540	-626	-648	-557	-626.5	-547
drug_274	579	319	-389.5	380	369.5	-475.5
drug_275	579	319	-389.5	380	-464.5	-475.5
drug_276	674.5	702.5	700.5	689.5	761	719.5
drug_277	579	319	-389.5	380	374.5	-475.5
drug_278	530.5	429.5	577.5	483.5	514	300.5
drug_279	677.5	396.5	408.5	522.5	405	606.5
drug_28	-419.5	-282.5	-329	258.5	-506.5	-687
drug_280	530.5	429.5	577.5	483.5	294.5	-475.5
drug_281	530.5	429.5	577.5	483.5	620	-475.5
drug_282	677.5	396.5	408.5	522.5	404	606.5
drug_283	-631	546	563.5	-673	-467.5	705.5
drug_284	530.5	429.5	577.5	483.5	-381.5	-475.5
drug_285	-814	-901	-918.5	-828.5	-815.5	-819.5
drug_286	643	-508.5	-827.5	-492.5	-532	-693.5
drug_287	-499.5	-486.5	-519.5	-510	-488.5	-636.5
drug_288	530.5	429.5	577.5	483.5	518.5	-475.5
drug_289	801	-566	-665	662	581.5	-760
drug_29	-540	-626	-648	-557	668	-547
drug_290	741.5	867.5	872.5	853.5	823	-539.5
drug_291	741.5	867.5	872.5	853.5	869	-539.5
drug_292	741.5	867.5	872.5	853.5	845	-539.5
drug_293	741.5	867.5	872.5	853.5	845	-539.5
drug_294	741.5	867.5	872.5	853.5	811	-539.5
drug_295	741.5	867.5	872.5	853.5	847	-539.5
drug_296	898	827	824	895	809	-608
drug_297	898	827	824	895	809	-608
drug_298	-780	-860	-885	-790	-857	-779
drug_299	-926.5	-928.5	-939.5	-931.5	-937.5	-934.5
drug_3	-957.5	-966.5	-504	576	-972	-957
drug_30	-669.5	686	573	-691.5	729.5	733
drug_300	-929.5	-931.5	-942	-933	-933	-933
drug_301	741.5	867.5	872.5	853.5	869	-539.5
drug_302	741.5	867.5	872.5	853.5	868	-539.5
drug_303	-711.5	-728.5	-673	723.5	-764	-871
drug_304	741.5	867.5	872.5	853.5	918.5	-539.5
drug_305	741.5	867.5	872.5	853.5	892	-539.5
drug_306	741.5	867.5	872.5	853.5	869	-539.5
drug_307	741.5	867.5	872.5	853.5	869	-539.5
drug_308	741.5	867.5	872.5	853.5	833	-539.5
drug_309	741.5	867.5	872.5	853.5	834	-539.5
drug_31	-300.5	-415.5	-585.5	270.5	-371.5	-629.5
drug_310	741.5	867.5	872.5	853.5	845	-539.5
drug_311	741.5	867.5	872.5	853.5	810	-539.5
drug_312	741.5	867.5	872.5	853.5	847	-539.5
drug_313	-780	-860	-885	-790	-796.5	-779
drug_314	741.5	867.5	872.5	853.5	868	-539.5
drug_315	741.5	867.5	872.5	853.5	845	-539.5
drug_316	741.5	867.5	872.5	853.5	845	-539.5
drug_317	741.5	867.5	872.5	853.5	827	-539.5
drug_318	741.5	867.5	872.5	853.5	834	-539.5
drug_319	741.5	867.5	872.5	853.5	868	-539.5
drug_32	-669.5	686	573	-691.5	593	733
drug_320	621	-282.5	283	-455.5	-546	752
drug_321	648.5	237.5	-235	-289	-398.5	728.5
drug_322	422.5	-415.5	529	-372.5	-392	633
drug_323	422.5	-415.5	529	-372.5	369.5	633
drug_324	651	424	374.5	489.5	413	710.5
drug_325	648.5	237.5	-235	-289	389	728.5
drug_326	438.5	-415.5	-496.5	-372.5	-350.5	737
drug_327	597.5	353.5	401.5	-455.5	-442.5	690.5
drug_328	-631	-535	-358	-636	-659	725
drug_329	-631	-535	-358	-636	-464	725
drug_33	570	532	540.5	505.5	389.5	521.5
drug_330	597.5	353.5	401.5	-455.5	-245.5	690.5
drug_331	-969	-960	520	644	629	-975
drug_332	621	-282.5	283	-455.5	-535	752
drug_333	651	424	374.5	489.5	518	710.5
drug_334	-540	-626	-648	-557	-626.5	-547
drug_335	-631	-535	-358	-636	-645.5	725
drug_336	597.5	353.5	401.5	-455.5	-561.5	690.5
drug_337	707	552	376	646	225.5	757
drug_338	597.5	353.5	401.5	-455.5	-427	690.5
drug_339	597.5	353.5	401.5	-455.5	-302	690.5
drug_34	-540	-626	-648	-557	-436	-547
drug_340	597.5	353.5	401.5	-455.5	-546	690.5
drug_341	566	-332.5	-285	-477	-289	763
drug_342	-671.5	532	-572.5	645	334	-680.5
drug_343	671	698	672	680	842.5	682
drug_344	634.5	574.5	551.5	556	623.5	545.5
drug_345	621	-282.5	283	-455.5	-561.5	752
drug_346	624	390	-285	-477	-531	740
drug_347	543.5	518.5	497.5	505.5	474.5	655.5
drug_348	-631	-535	-358	-636	-534	-660
drug_349	-631	673.5	693.5	-673	611	559.5
drug_35	654.5	434.5	411.5	489.5	555.5	-603
drug_350	-691.5	-701.5	-709.5	-701.5	-701.5	-705.5
drug_351	-631	546	563.5	-673	605	705.5
drug_352	-631	673.5	693.5	-673	608.5	559.5
drug_353	-631	673.5	693.5	-673	742.5	559.5
drug_354	-540	-626	-648	-557	-778.5	579
drug_355	348.5	-415.5	-565.5	366	-710	-611.5
drug_356	367.5	-415.5	-565.5	-301.5	-521.5	-611.5
drug_357	-631	673.5	693.5	-673	608.5	559.5
drug_358	625	565	581	556	-490	-463
drug_359	-693	-700	-707	-706	-819	721
drug_36	-419.5	-282.5	-329	258.5	-319.5	-687
drug_360	-693	-700	-707	-706	-819	-704
drug_361	-631	546	563.5	-673	469	705.5
drug_362	-540	-626	-648	-557	-561	-547
drug_363	-631	673.5	693.5	-673	850.5	559.5
drug_364	-631	673.5	693.5	-673	751.5	559.5
drug_365	-631	673.5	693.5	-673	612	559.5
drug_366	681.5	583.5	568	677	421.5	761
drug_367	-631	673.5	693.5	-673	746.5	559.5
drug_368	-631	546	563.5	-673	471.5	705.5
drug_369	674.5	702.5	700.5	689.5	760	719.5
drug_37	-631	-535	363	-636	-520.5	-660
drug_370	-631	546	563.5	-673	-653	705.5
drug_371	-631	546	563.5	-673	711	705.5
drug_372	-631	546	563.5	-673	611.5	705.5
drug_373	348.5	-415.5	-565.5	366	-631	-611.5
drug_374	-631	546	563.5	-673	611.5	705.5
drug_375	-631	673.5	693.5	-673	751.5	559.5
drug_376	-631	673.5	693.5	-673	742.5	559.5
drug_377	-589	-687	531.5	-583	639.5	-889
drug_378	-540	-626	-648	-557	-474.5	-547
drug_379	-631	-535	-358	-636	-472	-660
drug_38	-631	-535	363	-636	-870.5	-660
drug_380	-540	-626	-648	-557	-718.5	579
drug_381	-540	-626	-648	-557	-599.5	-547
drug_382	-631	-535	-358	-636	-645.5	-660
drug_383	-631	-535	363	-636	-672.5	-660
drug_384	-631	-535	363	-636	-818	-660
drug_385	813.5	-603	-491.5	-744.5	697	857.5
drug_386	-631	-535	363	-636	-851.5	-660
drug_387	-631	-535	363	-636	-672.5	-660
drug_388	-631	-535	363	-636	-778	-660
drug_389	-631	-535	363	-636	562.5	-660
drug_39	-419.5	-282.5	-329	258.5	-503.5	-687
drug_390	-631	-535	-358	-636	-764.5	-660
drug_391	-631	-535	-358	-636	-824.5	-660
drug_392	-540	-626	-648	-557	-436	579
drug_393	-631	-535	-358	-636	-764.5	-660
drug_394	-631	-535	363	-636	-843.5	-660
drug_395	-540	-626	-648	-557	-436	-547
drug_396	-419.5	361.5	-281	358	-524.5	-683
drug_397	-631	-535	363	-636	-547.5	-660
drug_398	-540	-626	-648	-557	-626.5	579
drug_399	-631	-535	-358	-636	-659	-660
drug_4	-540	-626	-648	-557	-718.5	-547
drug_40	654.5	434.5	411.5	489.5	450	-603
drug_400	-631	-535	363	-636	-672.5	-660
drug_401	-764	-779	-835	-572	-801	-967
drug_402	-631	-535	363	-636	-659	-660
drug_403	-631	-535	-358	-636	-534	-660
drug_404	-631	-535	363	-636	-659	-660
drug_405	-631	-535	-358	-636	-778	-660
drug_406	-631	-535	-358	-636	-659	-660
drug_407	741.5	867.5	872.5	853.5	833	-539.5
drug_408	741.5	867.5	872.5	853.5	810	-539.5
drug_409	796	759	739	753	646	-539.5
drug_41	-419.5	-282.5	-329	258.5	-381.5	-687
drug_410	-780	-860	-885	-790	-818.5	-779
drug_411	796	759	739	753	665	-539.5
drug_412	741.5	867.5	872.5	853.5	869	-539.5
drug_413	741.5	867.5	872.5	853.5	868	-539.5
drug_414	741.5	867.5	872.5	853.5	834	-539.5
drug_415	-780	-860	-885	-790	-793.5	-779
drug_416	796	759	739	753	683	-539.5
drug_417	796	759	739	753	646	-539.5
drug_418	796	759	739	753	-649.5	-539.5
drug_419	741.5	867.5	872.5	853.5	856	-539.5
drug_42	-669.5	686	573	-691.5	-499.5	733
drug_420	-780	-860	-885	-790	-899	-779
drug_421	741.5	867.5	872.5	853.5	845	-539.5
drug_422	796	759	739	753	621	-539.5
drug_423	796	759	739	753	670	-539.5
drug_424	796	759	739	753	675	-539.5
drug_425	796	759	739	753	646	-539.5
drug_426	796	759	739	753	661	-539.5
drug_427	796	759	739	753	683	-539.5
drug_428	741.5	867.5	872.5	853.5	901.5	-539.5
drug_429	741.5	867.5	872.5	853.5	868	-539.5
drug_43	-419.5	-282.5	-329	258.5	-377.5	-687
drug_430	741.5	867.5	872.5	853.5	869	-539.5
drug_431	796	759	739	753	670	-539.5
drug_432	741.5	867.5	872.5	853.5	834	-539.5
drug_433	796	759	739	753	657	-539.5
drug_434	-780	-860	-885	-790	-857	-779
drug_435	796	759	739	753	657	-539.5
drug_436	741.5	867.5	872.5	853.5	892	-539.5
drug_437	489	627	631	606	816.5	480
drug_438	489	627	631	606	-548.5	480
drug_439	489	627	631	606	516.5	480
drug_44	-631	-535	363	-636	-764.5	-660
drug_440	489	627	631	606	750	480
drug_441	489	627	631	606	551.5	480
drug_442	-540	-626	-648	-557	596	-547
drug_443	-824.5	-904.5	-916.5	-835.5	-846.5	-825.5
drug_444	-817.5	-892.5	-851	-822	-837.5	-814
drug_445	-745.5	-419.5	-436.5	-351.5	-432	567.5
drug_446	878	-511	-603	889	-496.5	897
drug_447	699	720	705	694	883	743
drug_448	489	627	631	606	551.5	480
drug_449	671	698	672	680	736	682
drug_45	-540	-626	-648	-557	-680	-547
drug_450	489	627	631	606	574.5	480
drug_451	489	627	631	606	574.5	480
drug_452	-829.5	-898.5	658.5	-837.5	800	-829.5
drug_453	489	627	631	606	689.5	480
drug_454	489	627	631	606	689.5	480
drug_455	-689.5	-697.5	-705	-700	-696.5	-701
drug_456	489	627	631	606	551.5	480
drug_457	699	720	705	694	640	743
drug_458	710	722	721	710	884	765
drug_459	489	627	631	606	419	480
drug_46	-419.5	-282.5	-329	258.5	-379.5	-687
drug_460	699	720	705	694	528.5	743
drug_461	489	627	631	606	758.5	480
drug_462	671	698	672	680	842.5	682
drug_463	-540	-626	-648	-557	531	-547
drug_464	489	627	631	606	667.5	480
drug_465	489	627	631	606	-529.5	480
drug_466	-631	-535	363	-636	-639	-660
drug_467	-810.5	-895.5	-445.5	-820.5	-776.5	-812.5
drug_468	-631	-535	-358	-636	-870.5	-660
drug_469	-480.5	-332.5	-285	-477	471	730.5
drug_47	626	398	383	475	194.5	-491.5
drug_470	-827.5	-905.5	-853.5	-839.5	-879	-827.5
drug_471	-698	-705	-712	-703.5	-628	526.5
drug_472	-540	-626	-648	-557	-561	-547
drug_473	-540	-626	-648	-557	-436	699.5
drug_474	-480.5	-332.5	-285	-477	-285	730.5
drug_475	609	546	372.5	530	599	644.5
drug_476	-471.5	562	-575	545	391.5	600
drug_477	-679.5	-687.5	226.5	262.5	-561	-698.5
drug_478	-679.5	-687.5	226.5	262.5	-865	-698.5
drug_479	-631	-535	-358	-636	-645.5	-660
drug_48	-300.5	-415.5	-585.5	270.5	-696.5	-629.5
drug_480	-631	-535	-358	-636	-672.5	-660
drug_481	-471.5	-494.5	-436	-473	-529.5	643
drug_482	-631	-535	-358	-636	-491	-660
drug_483	-631	-535	-358	-636	-838	-660
drug_484	-631	-535	-358	-636	-659	-660
drug_485	-631	-535	363	-636	-659	-660
drug_486	-419.5	361.5	-281	358	-400.5	-683
drug_487	-540	-626	-648	-557	-561	-547
drug_488	-631	-535	-358	-636	-838	-660
drug_489	-540	-626	-648	-557	-599.5	-547
drug_49	680	704	702	692	762	762
drug_490	-631	-535	-358	-636	-672.5	725
drug_491	-698	-705	-712	-703.5	-628	526.5
drug_492	-631	-535	-358	-636	-838	-660
drug_493	-631	-535	-358	-636	-791.5	725
drug_494	-983	-972	-495	-970	-491	-767
drug_495	-631	-535	363	-636	-645.5	-660
drug_496	-540	-626	-648	-557	-561	-547
drug_5	-683.5	-691.5	315	366	-565.5	-693.5
drug_50	-631	691	678	-673	616	715
drug_51	-540	-626	-648	-557	-436	-547
drug_52	-695	-703	-713.5	-696.5	832	624
drug_53	-578	-682	545.5	551.5	-711	-900
drug_54	-300.5	-415.5	-585.5	270.5	-662.5	-629.5
drug_55	-300.5	-415.5	-585.5	270.5	-496.5	-629.5
drug_56	-300.5	-415.5	-585.5	270.5	-493	-629.5
drug_57	-300.5	-415.5	-585.5	270.5	-612	-629.5
drug_58	-540	-626	-648	-557	-474.5	-547
drug_59	-695	-703	-714.5	-693.5	-526.5	-372.5
drug_6	-540	-626	-648	-557	-797.5	-547
drug_60	-300.5	-415.5	-585.5	270.5	-488	-629.5
drug_61	-696.5	-706.5	-715.5	-697.5	-678.5	603
drug_62	683	405	395	524	547	741
drug_63	-300.5	-415.5	-585.5	270.5	-368	-629.5
drug_64	-683.5	-691.5	315	366	-565.5	-693.5
drug_65	-540	-626	-648	-557	584	-547
drug_66	-300.5	-415.5	-585.5	270.5	-498.5	-629.5
drug_67	651	424	377	520.5	448	745
drug_68	-540	-626	-648	-557	646	-547
drug_69	570	532	540.5	505.5	279	521.5
drug_7	-821.5	-907.5	-922.5	-836.5	-849.5	-823.5
drug_70	-540	-626	-648	-557	-501.5	579
drug_71	570	532	540.5	505.5	525.5	521.5
drug_72	317	-415.5	-585.5	240.5	-681.5	-629.5
drug_73	-300.5	-415.5	-585.5	270.5	-667	-629.5
drug_74	-300.5	-415.5	-585.5	270.5	-612	-629.5
drug_75	-631	691	678	-673	759	715
drug_76	570	532	540.5	505.5	525.5	521.5
drug_77	-689.5	-697.5	-708.5	-695.5	-817.5	-706.5
drug_78	570	532	540.5	505.5	386	521.5
drug_79	626.5	567.5	564	653.5	586	-690.5
drug_8	-540	-626	-648	-557	584	-547
drug_80	-677	-685	244	251	-559.5	-696.5
drug_81	317	-415.5	-585.5	240.5	-358.5	-629.5
drug_82	597.5	353.5	401.5	-455.5	-442.5	690.5
drug_83	597.5	353.5	401.5	-455.5	-625	690.5
drug_84	597.5	353.5	401.5	-455.5	-561.5	690.5
drug_85	-679.5	-687.5	268	355.5	-687.5	-698.5
drug_86	634.5	574.5	551.5	556	617.5	545.5
drug_87	634.5	574.5	551.5	556	485.5	545.5
drug_88	634.5	574.5	551.5	556	731.5	545.5
drug_89	-674	-682	379.5	525.5	-682	-619.5
drug_9	367.5	-415.5	-565.5	-301.5	-700.5	-611.5
drug_90	634.5	574.5	551.5	556	727.5	545.5
drug_91	634.5	574.5	551.5	556	407	545.5
drug_92	597.5	353.5	401.5	-455.5	-561.5	690.5
drug_93	634.5	574.5	551.5	556	-640.5	545.5
drug_94	634.5	574.5	551.5	556	614	545.5
drug_95	489	627	631	606	574.5	480
drug_96	634.5	574.5	551.5	556	617.5	545.5
drug_97	-540	-626	-648	-557	-797.5	-547
drug_98	634.5	574.5	551.5	556	613	545.5
drug_99	-677	-685	513	530	624	-492.5
