ad	density	cc	spath	eigencentr	betwcentr
10127622	1221	574	730	582	617	-1039
10184653	-1047	-1210	-1261	-1088	-1127.5	-1008
10607	1214	812	862	1257.5	739	1227
119607	-1113	704.5	736.5	710.5	771.5	-1145.5
119828	-1013.5	709	751	202.5	-913	647
123631	-1200.5	-828.5	-1164	-710	1031	-991
12560	-1266	1172.5	-692	-1303	-1159	-1266
135398744	-1108.5	-705.5	745.5	-711	-741	-1220
13791	-1322.5	-1323.5	-1346.5	-1257	-1360	-1328.5
149096	-1179.5	741.5	723	-721	-707	1230
16231	1224	1258	1270	1225.5	1325.5	1267
176870	-1265.5	-1028.5	-732	-990	-1109	-1156
19493	-1240.5	-1128.5	-761	-692	-1110	-1083
2153	1119.5	676.5	642	1093	752	1013
2244	1090.5	-678	-701	-646	658	-638
2520	-1280.5	-1201.5	-1327	-713	-1322	-1319
2540	1276	1218	835	1205	943	1095
2554	-1098	-987	-1131.5	689.5	-1031	1195
2581	-926	-598	-658	-487	-590	-961
2724385	1046	1023	988	971	1215	-982
2733526	-1262	1257.5	-687	-1272	-1276	1320
2796	-319.5	528	-517.5	633	-462	978
2907	1218.5	805.5	809	1192	772	1195
3016	-1045.5	-1176.5	-660	-1068	-1036.5	-971
3019	1213.5	1235	699	715.5	1202	1291
3034010	1007.5	-627	-651	783.5	-1010	-1215
3059	-1162.5	-1132.5	-1148	-1257	1227	1239.5
31307	822	-944	-1160.5	814.5	-1087.5	-1165.5
3182	-637.5	-684.5	-873	-752	-931	-1174
3308	-1070	1012	1216	938	1160	1271
3394	932.5	968.5	1047.5	947.5	1137	991.5
3463	202	335	-493	301	571.5	664
36462	-1285.5	-1285.5	-1204	-1288	-1305	-1231
3690	1202	833	848.5	752.5	783.5	1245.5
3715	-948.5	-1133.5	-672	-1009	-1132.5	952
3825	428.5	371.5	-650.5	332.5	-594.5	-781.5
3869	-1151	-522	509	-1115	-485.5	711
39147	-1228	-867	686	-605	-1048.5	-1310
392622	-1197	-1268	-1190	-1225	1307	1252
39912	-1265	-1321	-1200	-1271.5	-1307	-1282
4030	1281	1287	1272	-1313	-1280	1306
4037	-526.5	-663.5	-814.5	705	-831.5	-750.5
4044	-1318	-1340	-1330	-1336	-1343	-1334
4173	1336.5	1339.5	1257	1335	1318	1266
41774	-1234	-1248	-1151	-1221.5	-1082	-1156
41867	-1142	-933	-587	-1120.5	-848	1224
42611257	1250	774	-653	451	719	1043
4369359	1167	-773	772	950.5	-1048	-1169
4409	836.5	776.5	-870	-827	-1076	-1270
44093	-1222	545	-822	-1227	793.5	-1143
441243	-546	498	353	-594	-618	605
441401	-843.5	-1057.5	-1111	-934.5	-620.5	-851
444795	-1152.5	1097.5	1317	946	1142	1212
445643	-1069	-1207	-1260	-1037	-1214	-1063
449171	1023	-790	-836	-980	-789	1246
4497	-557	-528	-552	713.5	-124.5	-1204
451668	-633	-573	-742	740	-719	-760
4583	-526.5	-663.5	-645.5	634	731	-776.5
4614	-1278.5	-1262.5	-750	-1157	357	-1279
4680	-1218	-721	823	-1294	-742	1327
4740	-1058	-1198	-1216	-1095	-1094	-1060
4781	1233	1277	1282	1254	1353	1093
4814	1044	1015	-923	1157.5	-746	-852
4848	-823	-573	-605	-470	-589	710.5
4913	-1229	-1241	-910	-1268	1204	1207
5070	-775.5	-897.5	-1031	-759.5	-917	1207
5073	-1240	-1272	-732	-1285	-1285	1289
5090	665	-677.5	197.5	119.5	-702.5	-1183.5
5280805	-916	-385	-472.5	524	-405	-1239.5
5280961	-1123	-804	-700	-764	-1027	-1172
5282379	1144.5	703.5	618	938	669	-1224
5330286	-1120	929.5	804.5	-1188	-763	-1131
5405	-1262.5	-1297.5	-860.5	-1299.5	-1311	1178.5
54585	-1116.5	621.5	523	-667	-1228	-1174.5
5509	-1030	-1179	-1210	-1085.5	-1112.5	-1019
55245	-1041	-640	-666	-1050	-545.5	-1038
5591	1146	-644.5	-571	-1220	-500	-1099
5593	-610.5	-847.5	-897.5	-723.5	895.5	-642.5
57363	-1159.5	-1102.5	-1010	-1172	-1119	-1212.5
5743	-1062	-1071	-1129	-1027	1095.5	-1065
5770	-1142	-682	-303	582	-643	-363
5832	-1210	-1277	-643	649	-1294	-1236
5994	-1343	-1366	-1352	-1350	-1372	-1336
60606	-1276	-1273	-765	-1289.5	1208	-1244
60726	-899	-982	996.5	-965.5	-937	-931
60750	-1104.5	613	-378	-195	688	753
64143	1170.5	662.5	677	-556	-620	1262
6741	-1361	-1360	-1350	-1346	-1371	-1366
77999	-1217.5	621	418	-1132.5	-735	-1249
84029	-1240.5	-1156.5	1204	-1292.5	1306	1294
89594	-702	-710	-831	-773.5	-786	-1313
9875401	1230.5	1271.5	789	770	1330	1271
9926791	769	-670	-727	-665	-667	-1043
Acebutolol	-1109	750.5	744.5	765.5	778	-1240
Acetylsalicylic_acid	1090.5	-678	-701	-646	658	-638
Alprenolol	-1112.5	-681.5	-766.5	874	-695	-1270
Amiloride	1224	1258	1270	1225.5	1326.5	1267
Amlodipine	-1288.5	-1028.5	-721	-1289	-813	-892
Atenolol	-834	554.5	573.5	-587.5	536	1018.5
Atorvastatin	832	-692	-755	-785	-788	-1230
Benazepril	1280.5	1283.5	1293	1349	1339	1326
Bendroflumethiazide	-1152.5	-1089.5	-941.5	-1257.5	-652	-1242.5
Betaxolol	936	1145	1165.5	1109	1206	965.5
Bezafibrate	-632	281.5	134	409.5	334	1019
Bisoprolol	-1076	478	682	-633	676	1211
Bumetanide	-1092.5	469	437	-615	482	1060
Canrenoic_acid	1244	1245	1232	1277	1327	1344
Captopril	-1222	545	-822	-1227	794.5	-1143
Carteolol	-1355.5	-1336.5	-1325	-1366	-1353	-1354
Carvedilol	-1132.5	-987.5	-901	-1228	-1026	-1206
Cerivastatin	-1272	-1296	-660	-627	-1275	-1180
Chlorhexidine	-891	456	475	-1003	-535	-551
Chlorthalidone	-1232	1316	-1337.5	-1289.5	1338	-1148.5
Cilnidipine	-1267.5	-1305.5	-1317	-1315	-1313	-1245
Cilostazol	-1247.5	-1225.5	649	753	-1142	-1164
Clofibrate	-319.5	528	-517.5	633	-463	978
Clopidogrel	-1276	-1273	-765	-1289.5	1210	-1244
Cyclopenthiazide	1245	1279	695	691	1333	1310
DB00162	1279.5	1238.5	1079	663	1151	1302
DB00175	1102	721	720	1153	731	-754
DB00252	-1037.5	-519.5	184.5	83	-516	612
DB00465	-1139	-1001.5	-1030	-1212	754	1181
DB00472	-1189.5	-1254.5	807	1219.5	-1271	-1210.5
DB00502	930.5	1033.5	1045.5	971.5	-1101.5	1000.5
DB00586	1200	821	821	1235	809	795
DB00717	-928	-801	-888.5	991	-1001	-1240
DB00762	1355	1353	1321	1348	1347	1336
DB00788	-968.5	-1069	-1229	838.5	-1120.5	-1035
DB00867	679.5	782.5	812	716	777	1263
DB00997	-1017	751.5	789.5	-704	743	1225.5
DB01050	633	-664	-741	-642	-691	-1157
DB01132	-1181	863.5	802	790	868	-1233
DB01148	-1205	-695	-647	1218	-716	-1172
DB08911	-1053	-1180	-1234	-1089	-1116.5	-1017
Digoxin	1046	1023	988	971	1215	-982
Dipyridamole	-1281	-1280	-827	-1165	-1270	-1254
Dobutamine	-1148.5	-1211.5	735.5	-1206	-1165	1214.5
Dopamine	-902	755.5	584.5	767	783	1226.5
drug_1	-987	-1191	-1227	-1058	-1148.5	-999
drug_10	439	-568.5	-789	-443	-659.5	-739
drug_100	-849.5	-930.5	486.5	361	-891	809.5
drug_101	771.5	831.5	819	750.5	748.5	691
drug_102	771.5	831.5	819	750.5	-808	691
drug_103	-849.5	-930.5	602	702	-1040	-753.5
drug_104	719.5	539.5	629	-612.5	-773.5	868
drug_105	771.5	831.5	819	750.5	-810.5	691
drug_106	771.5	831.5	819	750.5	605	691
drug_107	771.5	831.5	819	750.5	748.5	691
drug_108	771.5	831.5	819	750.5	-787.5	691
drug_109	719.5	539.5	629	-612.5	-696.5	868
drug_11	-610.5	-847.5	-897.5	-723.5	-908	-642.5
drug_110	592	887	912	802.5	838	610
drug_111	592	887	912	802.5	1008	610
drug_112	592	887	912	802.5	647.5	610
drug_113	833.5	812.5	995.5	696	1063	972.5
drug_114	592	887	912	802.5	818.5	610
drug_115	509	-568.5	793.5	-523	604.5	800.5
drug_116	509	-568.5	793.5	-523	771	800.5
drug_117	592	887	912	802.5	1008	610
drug_118	509	-568.5	793.5	-523	-652.5	800.5
drug_119	881.5	969.5	-994.5	-977.5	1123.5	-890.5
drug_12	-1081	-717	291	270	-735.5	-686.5
drug_120	592	887	912	802.5	688	610
drug_121	592	887	912	802.5	859	610
drug_122	-610.5	-847.5	-897.5	-723.5	-930	-642.5
drug_123	592	887	912	802.5	688	610
drug_124	592	887	912	802.5	656.5	610
drug_125	592	887	912	802.5	988.5	610
drug_126	592	887	912	802.5	1008	610
drug_127	-610.5	-847.5	-897.5	-723.5	-985	679.5
drug_128	844	842	783.5	878.5	734	751.5
drug_129	509	-568.5	793.5	-523	614	800.5
drug_13	-829.5	-615.5	-643	-499.5	-540	710.5
drug_130	509	-568.5	793.5	-523	601	800.5
drug_131	592	887	912	802.5	838	610
drug_132	-610.5	-847.5	-897.5	-723.5	-953.5	679.5
drug_133	509	-568.5	793.5	-523	609.5	800.5
drug_134	-610.5	-847.5	-897.5	-723.5	-985	-642.5
drug_135	592	887	912	802.5	988.5	610
drug_136	732.5	786.5	780.5	705	789	428.5
drug_137	509	-568.5	793.5	-523	609.5	800.5
drug_138	592	887	912	802.5	797.5	610
drug_139	509	-568.5	793.5	-523	-616	800.5
drug_14	-610.5	-847.5	-897.5	-723.5	-1030.5	-642.5
drug_140	509	-568.5	793.5	-523	-729.5	800.5
drug_141	592	887	912	802.5	806.5	610
drug_142	853	993	1027	929.5	1108.5	849
drug_143	592	887	912	802.5	1029	610
drug_144	883.5	977.5	971.5	911	-1112.5	764.5
drug_145	867.5	949.5	966.5	900.5	1044	944.5
drug_146	867.5	949.5	966.5	900.5	750	944.5
drug_147	853	993	1027	929.5	1113.5	849
drug_148	853	993	1027	929.5	941.5	849
drug_149	853	993	1027	929.5	941.5	849
drug_15	-829.5	-615.5	-643	-499.5	-584.5	710.5
drug_150	853	993	1027	929.5	785.5	849
drug_151	867.5	949.5	966.5	900.5	1045	944.5
drug_152	658.5	746.5	756	677	-616	826
drug_153	853	993	1027	929.5	1104	849
drug_154	592	887	912	802.5	1008	610
drug_155	853	993	1027	929.5	1115.5	849
drug_156	-610.5	-847.5	-897.5	-723.5	-985	-642.5
drug_157	-713	940	980	861	914	706
drug_158	-713	940	980	861	764	706
drug_159	853	993	1027	929.5	933	849
drug_16	-610.5	-847.5	-897.5	-723.5	-803	-642.5
drug_160	853	993	1027	929.5	938.5	849
drug_161	853	993	1027	929.5	938.5	849
drug_162	853	993	1027	929.5	1108.5	849
drug_163	867.5	949.5	966.5	900.5	1110	944.5
drug_164	592	887	912	802.5	1008	610
drug_165	592	887	912	802.5	838	610
drug_166	853	993	1027	929.5	1105.5	849
drug_167	867.5	949.5	966.5	900.5	876.5	944.5
drug_168	853	993	1027	929.5	820.5	849
drug_169	853	993	1027	929.5	1115.5	849
drug_17	-829.5	-615.5	-643	-499.5	-584.5	710.5
drug_170	592	887	912	802.5	859	610
drug_171	-610.5	-847.5	-897.5	-723.5	-853	-642.5
drug_172	-610.5	-847.5	-897.5	-723.5	-908	-642.5
drug_173	-610.5	-847.5	-897.5	-723.5	-757.5	-642.5
drug_174	-610.5	-847.5	-897.5	-723.5	-803	-642.5
drug_175	-526.5	808.5	-803	733.5	777	756.5
drug_176	411	578	-789	500	679.5	-739
drug_177	-610.5	-847.5	-897.5	-723.5	-908	727.5
drug_178	-610.5	-847.5	-897.5	-723.5	-985	-642.5
drug_179	-610.5	-847.5	-897.5	-723.5	-908	-642.5
drug_18	-829.5	-615.5	-643	-499.5	-526.5	710.5
drug_180	-610.5	-847.5	-897.5	-723.5	-1030.5	727.5
drug_181	-610.5	-847.5	-897.5	-723.5	-757.5	727.5
drug_182	-610.5	-847.5	-897.5	-723.5	-853	-642.5
drug_183	411	578	-789	500	-810	-739
drug_184	-610.5	-847.5	-897.5	-723.5	-930	-642.5
drug_185	-610.5	-847.5	-897.5	-723.5	-985	727.5
drug_186	-610.5	-847.5	-897.5	-723.5	-717	-642.5
drug_187	-610.5	-847.5	-897.5	-723.5	-985	727.5
drug_188	-610.5	-847.5	-897.5	-723.5	-757.5	-642.5
drug_189	-610.5	-847.5	-897.5	-723.5	-908	-642.5
drug_19	-610.5	-847.5	-897.5	-723.5	-757.5	-642.5
drug_190	-610.5	-847.5	-897.5	-723.5	-803	727.5
drug_191	-581	-788	-566.5	-763.5	-517	-1044.5
drug_192	-610.5	-847.5	-897.5	-723.5	-985	727.5
drug_193	-610.5	-847.5	-897.5	-723.5	-908	727.5
drug_194	-610.5	-847.5	-897.5	-723.5	880.5	-642.5
drug_195	411	578	-789	500	-659.5	-739
drug_196	-610.5	-847.5	-897.5	-723.5	678	-642.5
drug_197	-610.5	-847.5	-897.5	-723.5	-702.5	727.5
drug_198	411	578	-789	500	684	-739
drug_199	-610.5	-847.5	-897.5	-723.5	-717	-642.5
drug_2	-610.5	-847.5	-897.5	-723.5	-757.5	-642.5
drug_20	-829.5	-615.5	-643	-499.5	-524.5	710.5
drug_200	-610.5	-847.5	-897.5	-723.5	823	-642.5
drug_201	-610.5	-847.5	-897.5	-723.5	-702.5	679.5
drug_202	742.5	800.5	778.5	-859.5	765	957.5
drug_203	-610.5	-847.5	-897.5	-723.5	-985	679.5
drug_204	742.5	800.5	778.5	-859.5	-818.5	957.5
drug_205	-610.5	-847.5	-897.5	-723.5	-985	-642.5
drug_206	-713	961.5	960.5	874.5	923	897.5
drug_207	-610.5	-847.5	-897.5	-723.5	-953.5	-642.5
drug_208	546	-663.5	-803	644	537	906.5
drug_209	-610.5	-847.5	-897.5	-723.5	-640	727.5
drug_21	-610.5	-847.5	-897.5	-723.5	-985	-642.5
drug_210	-713	961.5	960.5	874.5	1096	897.5
drug_211	-610.5	-847.5	-897.5	-723.5	-757.5	727.5
drug_212	-610.5	-847.5	-897.5	-723.5	-717	-642.5
drug_213	-610.5	-847.5	-897.5	-723.5	848	-642.5
drug_214	-713	-722	842.5	-859.5	770	952.5
drug_215	-610.5	-847.5	-897.5	-723.5	-814	878
drug_216	-713	961.5	960.5	874.5	923	897.5
drug_217	-713	-722	842.5	-859.5	771.5	952.5
drug_218	-610.5	-847.5	-897.5	-723.5	-757.5	878
drug_219	-713	961.5	960.5	874.5	750	897.5
drug_22	-1076	-1227	-1123	-1115	-1109	-1076
drug_220	-713	961.5	960.5	874.5	800	897.5
drug_221	814	774	862.5	-791.5	793	987.5
drug_222	-713	-722	842.5	-859.5	771.5	952.5
drug_223	-713	-722	-622.5	-859.5	-591	985.5
drug_224	-610.5	-847.5	-897.5	-723.5	-757.5	679.5
drug_225	-610.5	-847.5	-897.5	-723.5	-908	727.5
drug_226	-610.5	-847.5	-897.5	-723.5	-803	727.5
drug_227	-610.5	-847.5	-897.5	-723.5	-985	-642.5
drug_228	-610.5	-847.5	-897.5	-723.5	-757.5	878
drug_229	-340.5	-568.5	-789	-443	-933	-739
drug_23	-526.5	808.5	-803	733.5	777	756.5
drug_230	742.5	800.5	778.5	-859.5	936	957.5
drug_231	-610.5	-847.5	-897.5	-723.5	-908	727.5
drug_232	411	578	-789	500	-924	-739
drug_233	-610.5	-847.5	-897.5	-723.5	-985	-642.5
drug_234	658.5	746.5	756	677	579	826
drug_235	658.5	746.5	756	677	760.5	826
drug_236	532.5	-568.5	-713	-523	583.5	927.5
drug_237	-610.5	-847.5	-897.5	-723.5	-757.5	727.5
drug_238	509	-568.5	793.5	-523	-693	800.5
drug_239	509	-568.5	793.5	-523	-616	800.5
drug_24	-1036.5	935	932	-939	1085.5	-1001
drug_240	509	-568.5	793.5	-523	616	800.5
drug_241	592	887	912	802.5	1008	610
drug_242	532.5	-568.5	-713	-523	-425	927.5
drug_243	509	-568.5	793.5	-523	614	800.5
drug_244	592	887	912	802.5	838	610
drug_245	-610.5	-847.5	-897.5	-723.5	-757.5	-642.5
drug_246	592	887	912	802.5	656.5	610
drug_247	592	887	912	802.5	709	610
drug_248	658.5	746.5	756	677	573	826
drug_249	825.5	973.5	953.5	895.5	902.5	858.5
drug_25	688	762	808	677	640.5	652
drug_250	-610.5	-847.5	-897.5	-723.5	-964.5	-642.5
drug_251	-610.5	-847.5	-897.5	-723.5	-757.5	-642.5
drug_252	592	887	912	802.5	1008	610
drug_253	-610.5	-847.5	-897.5	-723.5	-908	-642.5
drug_254	658.5	746.5	756	677	819.5	826
drug_255	592	887	912	802.5	1029	610
drug_256	532.5	-568.5	-713	-523	-575.5	927.5
drug_257	532.5	-568.5	-713	-523	-729.5	927.5
drug_258	509	-568.5	793.5	-523	609.5	800.5
drug_259	509	-568.5	793.5	-523	774.5	800.5
drug_26	799	651	645	659	-579.5	741
drug_260	375.5	-568.5	-827	343	-493.5	-765
drug_261	698	501	616.5	514.5	-569	551.5
drug_262	-340.5	-568.5	-827	384	-838.5	-765
drug_263	698	501	616.5	514.5	-482.5	551.5
drug_264	698	501	616.5	514.5	-498	551.5
drug_265	821	796	859	761	733	524
drug_266	698	501	616.5	514.5	-482.5	551.5
drug_267	638.5	643.5	850	650	853.5	-547.5
drug_268	910	-738	-896	734	-710	-900
drug_269	-340.5	-568.5	-827	384	-603	-765
drug_27	799	651	645	659	543	741
drug_270	698	501	616.5	514.5	451	551.5
drug_271	840	820	872.5	853.5	951	655.5
drug_272	698	501	616.5	514.5	448	551.5
drug_273	-610.5	-847.5	-897.5	-723.5	880.5	-642.5
drug_274	698	501	616.5	514.5	-332	551.5
drug_275	698	501	616.5	514.5	-492	551.5
drug_276	830.5	980.5	988	908.5	928	902
drug_277	698	501	616.5	514.5	-482.5	551.5
drug_278	638.5	643.5	850	650	858	380
drug_279	838	598	639	698	656.5	770
drug_28	-465.5	437	-512	370	-630	-866
drug_280	638.5	643.5	850	650	792	-547.5
drug_281	638.5	643.5	850	650	792	-547.5
drug_282	838	598	639	698	336.5	770
drug_283	732.5	786.5	831	-859.5	912	885
drug_284	638.5	643.5	850	650	624.5	-547.5
drug_285	-939	-1168	-1208	-1032.5	-1084.5	-995
drug_286	744.5	-679.5	-1087.5	-640	-701.5	-830.5
drug_287	-601.5	-629.5	-700.5	-645.5	-619.5	-757.5
drug_288	638.5	643.5	850	650	622	-547.5
drug_289	1069.5	-804	-952	908	820	-986
drug_29	-610.5	-847.5	-897.5	-723.5	-985	-642.5
drug_290	997	1191	1198	1152.5	1085	-598
drug_291	997	1191	1198	1152.5	1140	-598
drug_292	997	1191	1198	1152.5	1122	-598
drug_293	997	1191	1198	1152.5	1078.5	-598
drug_294	997	1191	1198	1152.5	1073	-598
drug_295	997	1191	1198	1152.5	1141.5	-598
drug_296	1191.5	1149.5	1141	1195.5	1065.5	-670
drug_297	1191.5	1149.5	1141	1195.5	1064.5	-670
drug_298	-881.5	-1101.5	-1163.5	-975.5	-1082.5	-885.5
drug_299	1219	-1213.5	-1259.5	-1224.5	-1243	-1166.5
drug_3	-1190.5	-1269.5	-654.5	746.5	-1283.5	-1216.5
drug_30	807	954	845.5	-880	737.5	923.5
drug_300	1191.5	-1220.5	-1262	-1226	-1234	-1160
drug_301	997	1191	1198	1152.5	1060.5	-598
drug_302	997	1191	1198	1152.5	1099.5	-598
drug_303	871	940	-911.5	984	-1023.5	-1019.5
drug_304	997	1191	1198	1152.5	1162.5	-598
drug_305	997	1191	1198	1152.5	1099.5	-598
drug_306	997	1191	1198	1152.5	1110	-598
drug_307	997	1191	1198	1152.5	1125.5	-598
drug_308	997	1191	1198	1152.5	1141.5	-598
drug_309	997	1191	1198	1152.5	1104.5	-598
drug_31	-340.5	-568.5	-827	384	-838.5	-765
drug_310	997	1191	1198	1152.5	1140	-598
drug_311	997	1191	1198	1152.5	1173	-598
drug_312	997	1191	1198	1152.5	1078.5	-598
drug_313	-881.5	-1101.5	-1163.5	-975.5	-1152	-885.5
drug_314	997	1191	1198	1152.5	1141.5	-598
drug_315	997	1191	1198	1152.5	1141.5	-598
drug_316	997	1191	1198	1152.5	1122	-598
drug_317	997	1191	1198	1152.5	1162.5	-598
drug_318	997	1191	1198	1152.5	1104.5	-598
drug_319	997	1191	1198	1152.5	1085	-598
drug_32	807	954	845.5	-880	887.5	923.5
drug_320	747	-417.5	477.5	-612.5	-696.5	949.5
drug_321	790	383	401	-428	314	916
drug_322	509	-568.5	793.5	-523	454.5	800.5
drug_323	509	-568.5	793.5	-523	-616	800.5
drug_324	793	632	595	659	-560	890
drug_325	790	383	401	-428	-513	916
drug_326	532.5	-568.5	-713	-523	-465.5	927.5
drug_327	719.5	539.5	629	-612.5	-560	868
drug_328	-713	-722	-552	-815	-841.5	911.5
drug_329	-713	-722	-552	-815	-970	911.5
drug_33	688	762	808	677	640.5	652
drug_330	719.5	539.5	629	-612.5	-546	868
drug_331	-1286.5	-1246.5	754.5	881	884.5	-1296.5
drug_332	747	-417.5	477.5	-612.5	-546	949.5
drug_333	793	632	595	659	-773.5	890
drug_334	-610.5	-847.5	-897.5	-723.5	-908	679.5
drug_335	-713	-722	-552	-815	-819.5	911.5
drug_336	719.5	539.5	629	-612.5	687.5	868
drug_337	882.5	794.5	596.5	843.5	706	955.5
drug_338	719.5	539.5	629	-612.5	-534.5	868
drug_339	719.5	539.5	629	-612.5	-773.5	868
drug_34	-610.5	-847.5	-897.5	-723.5	678	-642.5
drug_340	719.5	539.5	629	-612.5	-546	868
drug_341	682	-477	-447	-635	-669.5	971.5
drug_342	-771	762	-796.5	842.5	416	-833.5
drug_343	825.5	973.5	953.5	895.5	902.5	858.5
drug_344	771.5	831.5	819	750.5	748.5	691
drug_345	747	-417.5	477.5	-612.5	-534.5	949.5
drug_346	753	585	454.5	636.5	-670.5	933.5
drug_347	658.5	746.5	756	677	-652.5	826
drug_348	-713	-722	-552	-815	-1000.5	-807
drug_349	-713	940	980	861	1084	706
drug_35	799	651	645	659	710	741
drug_350	-884.5	-978.5	-1001.5	-975.5	-935	-938.5
drug_351	732.5	786.5	831	-859.5	738.5	885
drug_352	-713	940	980	861	1079	706
drug_353	-713	940	980	861	1079	706
drug_354	-610.5	-847.5	-897.5	-723.5	-853	727.5
drug_355	411	578	-789	500	682	-739
drug_356	439	-568.5	-789	-443	-887	-739
drug_357	-713	940	980	861	914	706
drug_358	755	815	853.5	750.5	775	559.5
drug_359	-886.5	-974.5	-998	-982	-1202	-935
drug_36	-465.5	437	-512	370	-777.5	-866
drug_360	-886.5	-974.5	-998	-982	-928.5	-935
drug_361	732.5	786.5	831	-859.5	738.5	885
drug_362	-610.5	-847.5	-897.5	-723.5	-757.5	-642.5
drug_363	-713	940	980	861	918	706
drug_364	-713	940	980	861	909	706
drug_365	-713	940	980	861	1147.5	706
drug_366	844	842	838.5	885.5	953	959.5
drug_367	-713	940	980	861	914	706
drug_368	732.5	786.5	831	-859.5	736	885
drug_369	830.5	980.5	988	908.5	929	902
drug_37	-713	-722	583.5	-815	-1114.5	-807
drug_370	732.5	786.5	831	-859.5	975.5	885
drug_371	732.5	786.5	831	-859.5	-722	885
drug_372	732.5	786.5	831	-859.5	738.5	885
drug_373	411	578	-789	500	-810	-739
drug_374	732.5	786.5	831	-859.5	742	885
drug_375	-713	940	980	861	1077	706
drug_376	-713	940	980	861	914	706
drug_377	774	-874	772.5	818.5	893.5	-1105.5
drug_378	-610.5	-847.5	-897.5	-723.5	-757.5	-642.5
drug_379	-713	-722	-552	-815	-1129.5	-807
drug_38	-713	-722	583.5	-815	-819.5	-807
drug_380	-610.5	-847.5	-897.5	-723.5	706.5	727.5
drug_381	-610.5	-847.5	-897.5	-723.5	-930	-642.5
drug_382	-713	-722	-552	-815	-830.5	-807
drug_383	-713	-722	583.5	-815	-850	-807
drug_384	-713	-722	583.5	-815	-981	-807
drug_385	944.5	-781	-674.5	943.5	919.5	1085.5
drug_386	-713	-722	583.5	-815	-850	-807
drug_387	-713	-722	583.5	-815	-819.5	-807
drug_388	-713	-722	583.5	-815	-830.5	-807
drug_389	-713	-722	583.5	-815	-1058	-807
drug_39	-465.5	437	-512	370	-780.5	-866
drug_390	-713	-722	-552	-815	-1077.5	-807
drug_391	-713	-722	-552	-815	-830.5	-807
drug_392	-610.5	-847.5	-897.5	-723.5	-757.5	727.5
drug_393	-713	-722	-552	-815	-1095	-807
drug_394	-713	-722	583.5	-815	-1058	-807
drug_395	-610.5	-847.5	-897.5	-723.5	-908	-642.5
drug_396	496	549	465	491	-932.5	-857
drug_397	-713	-722	583.5	-815	-850	-807
drug_398	-610.5	-847.5	-897.5	-723.5	-670	727.5
drug_399	-713	-722	-552	-815	-1095	-807
drug_4	-610.5	-847.5	-897.5	-723.5	895.5	-642.5
drug_40	799	651	645	659	712	741
drug_400	-713	-722	583.5	-815	-830.5	-807
drug_401	-997	-1053	-1153.5	-826.5	-1085	-1277.5
drug_402	-713	-722	583.5	-815	-724	-807
drug_403	-713	-722	-552	-815	-1095	-807
drug_404	-713	-722	583.5	-815	-697.5	-807
drug_405	-713	-722	-552	-815	-992	-807
drug_406	-713	-722	-552	-815	-841.5	-807
drug_407	997	1191	1198	1152.5	1122	-598
drug_408	997	1191	1198	1152.5	1073	-598
drug_409	1063.5	1050.5	1042	1027	889.5	-598
drug_41	-465.5	437	-512	370	-630	-866
drug_410	-881.5	-1101.5	-1163.5	-975.5	-1142.5	-885.5
drug_411	1063.5	1050.5	1042	1027	860	-598
drug_412	997	1191	1198	1152.5	1162.5	-598
drug_413	997	1191	1198	1152.5	1104.5	-598
drug_414	997	1191	1198	1152.5	1141.5	-598
drug_415	-881.5	-1101.5	-1163.5	-975.5	-1069.5	-885.5
drug_416	1063.5	1050.5	1042	1027	889.5	-598
drug_417	1063.5	1050.5	1042	1027	845.5	-598
drug_418	1063.5	1050.5	1042	1027	882.5	-598
drug_419	997	1191	1198	1152.5	1188.5	-598
drug_42	807	954	845.5	-880	1059	923.5
drug_420	-881.5	-1101.5	-1163.5	-975.5	-1027.5	-885.5
drug_421	997	1191	1198	1152.5	1122	-598
drug_422	1063.5	1050.5	1042	1027	855.5	-598
drug_423	1063.5	1050.5	1042	1027	889.5	-598
drug_424	1063.5	1050.5	1042	1027	853	-598
drug_425	1063.5	1050.5	1042	1027	867	-598
drug_426	1063.5	1050.5	1042	1027	845.5	-598
drug_427	1063.5	1050.5	1042	1027	882.5	-598
drug_428	997	1191	1198	1152.5	1110	-598
drug_429	997	1191	1198	1152.5	1073	-598
drug_43	-465.5	437	-512	370	-630	-866
drug_430	997	1191	1198	1152.5	1078.5	-598
drug_431	1063.5	1050.5	1042	1027	878	-598
drug_432	997	1191	1198	1152.5	1140	-598
drug_433	1063.5	1050.5	1042	1027	889.5	-598
drug_434	-881.5	-1101.5	-1163.5	-975.5	-1042	-885.5
drug_435	1063.5	1050.5	1042	1027	860	-598
drug_436	997	1191	1198	1152.5	1140	-598
drug_437	592	887	912	802.5	859	610
drug_438	592	887	912	802.5	806.5	610
drug_439	592	887	912	802.5	1008	610
drug_44	-713	-722	583.5	-815	-841.5	-807
drug_440	592	887	912	802.5	859	610
drug_441	592	887	912	802.5	967.5	610
drug_442	-610.5	-847.5	-897.5	-723.5	886.5	-642.5
drug_443	-1012	-1187	-1204	-1067	-1188	-1012
drug_444	-955.5	-1142.5	-1115.5	-1011.5	-1108.5	-982.5
drug_445	-829.5	-615.5	-643	-499.5	-544	710.5
drug_446	1059.5	-697.5	-829	1133	729	1149
drug_447	863.5	1003.5	1016.5	919.5	951	937.5
drug_448	592	887	912	802.5	838	610
drug_449	825.5	973.5	953.5	895.5	900	858.5
drug_45	-610.5	-847.5	-897.5	-723.5	848	-642.5
drug_450	592	887	912	802.5	869.5	610
drug_451	592	887	912	802.5	869.5	610
drug_452	-1064	-1164	933	-1070	979	-1049
drug_453	592	887	912	802.5	806.5	610
drug_454	592	887	912	802.5	867	610
drug_455	-879.5	-966.5	-996	-974	-923	-917
drug_456	592	887	912	802.5	806.5	610
drug_457	863.5	1003.5	1016.5	919.5	952	937.5
drug_458	902.5	1024.5	1037.5	949.5	964	978.5
drug_459	592	887	912	802.5	838	610
drug_46	-465.5	437	-512	370	-780.5	-866
drug_460	863.5	1003.5	1016.5	919.5	950	937.5
drug_461	592	887	912	802.5	818.5	610
drug_462	825.5	973.5	953.5	895.5	900	858.5
drug_463	-610.5	-847.5	-897.5	-723.5	-930	-642.5
drug_464	592	887	912	802.5	838	610
drug_465	592	887	912	802.5	859	610
drug_466	-713	-722	583.5	-815	-830.5	-807
drug_467	-920	-1146	-688	-1010	-1089	1002.5
drug_468	-713	-722	-552	-815	-1000.5	-807
drug_469	550	-477	474	-635	-522	921
drug_47	760.5	600.5	608.5	631.5	668	-570.5
drug_470	-1038	-1190	-1124	-1096.5	-1124.5	-1023
drug_471	-910	-992	-1006	-977.5	-793.5	659
drug_472	-610.5	-847.5	-897.5	-723.5	-702.5	-642.5
drug_473	-610.5	-847.5	-897.5	-723.5	-853	878
drug_474	550	-477	474	-635	-524	921
drug_475	732.5	786.5	593	714	765.5	815
drug_476	-526.5	808.5	-803	733.5	777	756.5
drug_477	-856	-941	389	375	-1051.5	-912.5
drug_478	-856	-941	389	375	-1051.5	-912.5
drug_479	-713	-722	-552	-815	-850	-807
drug_48	-340.5	-568.5	-827	384	-611	-765
drug_480	-713	-722	-552	-815	-970	-807
drug_481	-526.5	-663.5	-645.5	-630.5	566	810.5
drug_482	-713	-722	-552	-815	-1058	-807
drug_483	-713	-722	-552	-815	-1077.5	-807
drug_484	-713	-722	-552	-815	-841.5	-807
drug_485	-713	-722	583.5	-815	-830.5	-807
drug_486	496	549	465	491	-817.5	-857
drug_487	-610.5	-847.5	-897.5	-723.5	-1031	-642.5
drug_488	-713	-722	-552	-815	-830.5	-807
drug_489	-610.5	-847.5	-897.5	-723.5	-757.5	679.5
drug_49	842.5	983.5	991.5	915	1102	965.5
drug_490	-713	-722	-552	-815	-1058	911.5
drug_491	-910	-992	-1006	-977.5	808	659
drug_492	-713	-722	-552	-815	-850	-807
drug_493	-713	-722	-552	-815	-1000.5	911.5
drug_494	-1314.5	-1287.5	-744	-1285	-726	-935
drug_495	-713	-722	583.5	-815	-1084	-807
drug_496	-610.5	-847.5	-897.5	-723.5	911.5	-642.5
drug_5	-862	-949	525	500	-908.5	-902
drug_50	-713	961.5	960.5	874.5	923	897.5
drug_51	-610.5	-847.5	-897.5	-723.5	-985	-642.5
drug_52	-904	-990	-1007.5	-958.5	1115.5	789.5
drug_53	-685.5	-863.5	794.5	772.5	-895.5	-1111.5
drug_54	-340.5	-568.5	-827	384	-611	-765
drug_55	-340.5	-568.5	-827	384	-838.5	-765
drug_56	-340.5	-568.5	-827	384	-618.5	-765
drug_57	-340.5	-568.5	-827	384	-611	-765
drug_58	-610.5	-847.5	-897.5	-723.5	-985	-642.5
drug_59	-904	-990	-1008.5	-949.5	-819.5	-421.5
drug_6	-610.5	-847.5	-897.5	-723.5	-757.5	-642.5
drug_60	-340.5	-568.5	-827	384	-604.5	-765
drug_61	-908.5	-993.5	-1009.5	-970.5	-868	762.5
drug_62	845.5	610.5	622.5	699.5	530	935.5
drug_63	-340.5	-568.5	-827	384	-611	-765
drug_64	-862	-949	525	500	-910.5	-902
drug_65	-610.5	-847.5	-897.5	-723.5	921	-642.5
drug_66	-340.5	-568.5	-827	384	-618.5	-765
drug_67	793	632	597.5	696	539	941.5
drug_68	-610.5	-847.5	-897.5	-723.5	-908	-642.5
drug_69	688	762	808	677	645	652
drug_7	-992	-1200	-1233	-1069	-1152.5	-1003
drug_70	-610.5	-847.5	-897.5	-723.5	-930	727.5
drug_71	688	762	808	677	643	652
drug_72	375.5	-568.5	-827	343	-611	-765
drug_73	-340.5	-568.5	-827	384	-604.5	-765
drug_74	-340.5	-568.5	-827	384	-493.5	-765
drug_75	-713	961.5	960.5	874.5	1156.5	897.5
drug_76	688	762	808	677	643	652
drug_77	-879.5	-966.5	-1000	-957	-925	-941.5
drug_78	688	762	808	677	813	652
drug_79	838.5	794.5	815	891.5	823	-823.5
drug_8	-610.5	-847.5	-897.5	-723.5	-757.5	-642.5
drug_80	-853	-938	429.5	358.5	-776.5	-910.5
drug_81	375.5	-568.5	-827	343	-611	-765
drug_82	719.5	539.5	629	-612.5	695.5	868
drug_83	719.5	539.5	629	-612.5	-546	868
drug_84	719.5	539.5	629	-612.5	-819.5	868
drug_85	-856	-941	458.5	485	-901	-912.5
drug_86	771.5	831.5	819	750.5	925	691
drug_87	771.5	831.5	819	750.5	745	691
drug_88	771.5	831.5	819	750.5	925	691
drug_89	-849.5	-930.5	602	702	-889.5	-753.5
drug_9	439	-568.5	-789	-443	-653	-739
drug_90	771.5	831.5	819	750.5	632	691
drug_91	771.5	831.5	819	750.5	759	691
drug_92	719.5	539.5	629	-612.5	-762	868
drug_93	771.5	831.5	819	750.5	598.5	691
drug_94	771.5	831.5	819	750.5	755	691
drug_95	592	887	912	802.5	838	610
drug_96	771.5	831.5	819	750.5	755	691
drug_97	-610.5	-847.5	-897.5	-723.5	-757.5	-642.5
drug_98	771.5	831.5	819	750.5	625.5	691
drug_99	-853	-938	775.5	714	-893	-580.5
Enalapril	-1167.5	-1024.5	766	-1268.5	-790	919
Eprosartan	1211	738	377	367	1122	1251
Esmolol	-1064	699	713	744	684	765
Etacrynic_acid	-1115.5	-1023.5	-430	-1148.5	-548	-1138.5
Etilefrine	1214	1196	-711	-1278	1264	1214
Ezetimibe	-1224	-1184	-1323	771	-1300	1280
Felodipine	926	1027	-1046.5	1045	1036	-1172.5
Fenofibrate	-1211.5	-1231.5	729	-1238.5	-1183	-1192
Fenoldopam	-992	-1200	-1224	-1071.5	-1115	-1024
Gemfibrozil	202	335	-493	301	572.5	664
Hydroflumethiazide	-1211.5	-693.5	-1188	-696	-729	-710
Iloprost	-1160.5	-1130.5	-864	-1273	-1280	-1232
Indapamide	-1228	817.5	737.5	292.5	-756.5	742.5
Irbesartan	1166	1221	1088	1301.5	1251	1330
Isradipine	-1139	-768	-756	-732	-1206	1045.5
Labetalol	-1151	-522	509	-1115	-486.5	711
Losartan	1240	811.5	-948	1298.5	706	-1233
Lovastatin	-1263.5	-751.5	-1194	-1177	-778	1129
Menadione	-1294	-1303	-760	-714	-1304	-1221
Mephentermine	-991	-1052	-1150.5	-1234.5	-969	1020.5
Metolazone	-1110.5	716.5	-1024	687	729	-1088
Metoprolol	-1140	-1095	-714.5	-750.5	-1246	-1173.5
Midodrine	-1167.5	595	613	623	659	-1175
Milrinone	1159.5	713.5	734	-1152.5	801	1318
Moexipril	-1073	579	-728	-532.5	587	-664
Nadolol	-1228	-867	686	-605	-1047.5	-1310
Niacin	-1265	-1332	-1324	-1263	1310	-1323
Nicardipine	1088	1024.5	892	-1177.5	948	1021
Nicotinyl_alcohol	1297	1316	1291	1299	1378	1339
Nifedipine	-1058.5	-707.5	571	757	863	-1005
Nimodipine	-557	-528	-552	713.5	-125.5	-1204
Nitrendipine	-1289.5	-1337.5	-1303	-1343	-1343	-1290
Nitrofural	-1111.5	852.5	-1008	1094.5	815	-1033
Olmesartan	908	-634	-330	885.5	487	-1212
Ouabain	-1245	-1313	-1317	-1302	-1331	1230.5
Oxprenolol	-1194	609	655	611	-709	1249
Perindopril	1151.5	800.5	784	1208.5	761	764
Pindolol	-1365	-1378	-1366	-1365	-1378	-1367
Piretanide	-1224	-680	-702	1259.5	-791	-1277
Practolol	-1223	-990	779	-1278	-780	-1119
Pravastatin	1102	721	720	1153	731	-754
Probucol	800.5	676.5	-947	708.5	807	-1251
Propranolol	-936.5	-434.5	703.5	928.5	521	-623
Quinapril	1226	815	848	721	1333	1315
Quinethazone	898	-632.5	616.5	405	-622	603.5
Ramipril	-1002.5	-368.5	212	-650	-658	-1242
Rivaroxaban	1230.5	1271.5	789	770	1330	1271
Rosuvastatin	-1320	-743	-751	-695	-741	-1357
Simvastatin	971.5	109.5	284.5	562.5	147	963.5
Sotalol	-1254.5	-1128.5	-559	-1320	-752	-992
Spironolactone	-1274.5	-1287.5	1276	1317	1330	1148
Synephrine	-1115	-653	-590	-724	-632	-906
Telmisartan	-1220.5	-1017.5	-837	-1290.5	-749	1194
Ticlopidine	-1204.5	-647.5	606	613.5	679	-681.5
Tienilic_acid	-1222	-737	-761	-1154	-748	-692
Timolol	-448.5	-116.5	-376	-135	-196	-1151
Torasemide	1240.5	484.5	-690	649	243	772
Treprostinil	550	451	-604.5	525.5	-536.5	-774.5
Triamterene	1215	869	772	1005	989	-1258
Valsartan	-1281	-1254	-1206	-1296	-1292	-1334
Warfarin	1152.5	812.5	773	1208.5	1212	1281.5
