ad	density	cc	spath	eigencentr	betwcentr
10127622	-327.5	-755.5	-868	-603.5	-700	-836.5
10184653	1143.5	718.5	-521	-627	674	-1206
10607	-1326	-1336	-1016	-1187	-940	-1370
119607	-1066	1087.5	1038	1082.5	976.5	954.5
119828	-717.5	-789.5	-804.5	404.5	-806	682.5
123631	-717.5	948	895	1085.5	1144.5	943.5
12560	-780	-1036	-868	935.5	-948.5	795.5
135398744	674.5	454.5	-615	417.5	388.5	-1210.5
13791	-686.5	-793.5	-808	900.5	-860	-1132.5
149096	-1323	-1344	-1032	917	1333.5	-700.5
16231	-793	-809	-945.5	-866.5	562.5	-1038
176870	-818	724	-905	-385.5	-454.5	-1080.5
19493	446.5	-474.5	804.5	-493.5	770	1013.5
2153	1354	1363	1042	-1227	1234	738
2244	406.5	675.5	796.5	490.5	588.5	-979
2520	-726	-990	-868	-979.5	636.5	-1106.5
2540	-646.5	-401.5	-940	-305.5	-397.5	1210
2554	1201.5	777.5	-918	590	526	-1069
2581	625	-755.5	-868	-603.5	-677	-836.5
2724385	-1335	-1358	-961	-709.5	-1348.5	-641
2733526	841	953	906	948.5	1142.5	811.5
2796	875	-514	-591.5	-460	-607	1024
2907	-1247	-1262	-1017	658.5	-1295.5	-715
3016	-1016.5	922.5	-927.5	-1174.5	592.5	-1225.5
3019	-940.5	1089	1040	1084.5	1017.5	944.5
3034010	1281	-1254	892	863	1351	975
3059	693	896	863	915.5	476.5	-1010.5
31307	884	-1054	-1026.5	-935	-1067.5	-1064
3182	-908.5	951.5	-917	949.5	1139.5	950.5
3308	-1286	-1282	-912	682	-704	965
3394	605	903	851.5	502	1114	-969.5
3463	638.5	910.5	858.5	908	665	-983.5
36462	-1327	-1321	-997	685.5	-1327.5	-646
3690	-1154.5	720	-1007	-1127.5	743	-1342
3715	622.5	881.5	-655	922.5	998.5	-717.5
3825	-1177	-996	-827	-487	-823.5	981.5
3869	-691	-528	815.5	-372	740	-1048
39147	605	903	-868	-603.5	988	-836.5
392622	-953.5	-1096.5	-725	-596	-845.5	-1230.5
39912	983.5	-338.5	-815	-871	596.5	-1128
4030	-698.5	-780.5	-804.5	423.5	-807	791.5
4037	711.5	949.5	889	945.5	862.5	751.5
4044	-649.5	-738.5	-829.5	-743	-288.5	1098.5
4173	1097.5	-856.5	902	908	1329	1217
41774	975	1105	851.5	750.5	712	1055
41867	-1264.5	-1278.5	-1014	-1299	-837.5	-1349.5
42611257	1059.5	1143.5	881.5	-597.5	1173.5	-1184
4369359	-606	-916	-927.5	887	966.5	-943
4409	1354.5	1327.5	1004	689	-727.5	728
44093	823	1071	1021.5	-1035	882	926
441243	-882.5	-740.5	-562	472.5	-749.5	785.5
441401	-1276	-960	-939	-612	-685	-615.5
444795	-654	418	-765	495.5	463.5	-1205
445643	-1161.5	-962.5	880	590	-860.5	937
449171	633	866	-868	927.5	-700	-836.5
4497	705	744	830	-842.5	-836.5	-682
451668	-690.5	682	792.5	-1011	731.5	1022.5
4583	-1211	1211.5	-1031	-1164.5	-821	-1341
4614	1138	1195	-1002	-917.5	742	-1071.5
4680	-1106	-687	-935	-1117.5	-332	-1294
4740	-1019.5	-976.5	896	904	1327	1030
4781	-711	-880	-825	-716.5	756	1183
4814	-1166.5	-1206.5	888	629.5	-1271.5	902.5
4848	1129	741	-902	-1011.5	328	-689
4913	1132.5	1194.5	851.5	-418.5	1192.5	-666.5
5070	-1268	-1274	-923	478.5	-746	689.5
5073	843	961	912	982.5	492.5	953.5
5090	-1198	-1133	907	839	-1024	1324
5280805	1081	1132	-950	-990.5	-1081.5	-1051.5
5280961	-554.5	-193.5	-822.5	-616.5	-321	1080.5
5282379	1208	1205	865	529	-713	-1301.5
5330286	1008.5	1112.5	-911	545.5	609	-1166.5
5405	1148.5	1148.5	392	-646	-981.5	-780.5
54585	-823.5	-1015.5	-948	-910	764	-1040.5
5509	677.5	922.5	-786	938.5	-733.5	-1185.5
55245	977	-103.5	845	671.5	82.5	1212.5
5591	-1198.5	-722.5	-1021	-678	-655.5	-1335
5593	1031	1096	-793	707	1220.5	-1254
57363	1075.5	1121.5	900	722	-240.5	-1130.5
5743	-327.5	-755.5	-868	-603.5	-715	-836.5
5770	-1308	-1315	-1033	-1359.5	-782.5	-1367.5
5832	-1004.5	-1150.5	-633.5	492.5	-1186	715.5
5994	-1085.5	-1209.5	-934	-623.5	-885	564.5
60606	-909.5	-605.5	-927.5	-539.5	-791	-1182.5
60726	-1199.5	-1216.5	-906	-1291	-477.5	-964
60750	-1004.5	1091	1005	1081.5	-805	942.5
64143	629	-404.5	804.5	759.5	-227	1155.5
6741	1371	1342	893	717	1365	538
77999	-1140	-490	875	610.5	-195	998.5
84029	-921.5	1089	911	1086.5	1007.5	947.5
89594	-1153.5	922.5	-813	926.5	974.5	-599
9875401	1359.5	1233.5	909.5	-1258	1243.5	-743
9926791	-1180.5	-1125.5	-937	-633	-682.5	-622
Acebutolol	926	-880	-919	1065.5	-724.5	1198.5
Acetylsalicylic_acid	406.5	675.5	796.5	490.5	-469.5	-979
Alprenolol	-1205	1123.5	884	1187.5	725	1100.5
Amiloride	-793	-809	-945.5	-866.5	563.5	-1038
Amlodipine	1158	1184	802.5	507	770.5	-921.5
Atenolol	559.5	663.5	835.5	688	271.5	-1136
Atorvastatin	-764	-1003	1002	946.5	513.5	952.5
Benazepril	-1309	-1301	-986	1148.5	-827	-662.5
Bendroflumethiazide	1070.5	1161.5	851.5	-389.5	1207.5	1004.5
Betaxolol	1210.5	1214.5	864	-1179	1183	-767.5
Bezafibrate	-658	-664	-606.5	710.5	-683.5	-1039.5
Bisoprolol	-1115.5	-1109.5	-914.5	1104.5	-872	1199.5
Bumetanide	-1153.5	-715.5	-932	1106.5	-479	982.5
Canrenoic_acid	-726	-990	-868	-979.5	543.5	-1106.5
Captopril	823	1071	1021.5	-1035	1038	926
Carteolol	1127	1117	-1034	-991.5	1237	-1105.5
Carvedilol	1114	713	813.5	518.5	-578	-722.5
Cerivastatin	627	480	-590	486.5	969.5	-828.5
Chlorhexidine	1143	-996.5	-947	-889.5	690	517
Chlorthalidone	1134	1196	851.5	-329.5	1217.5	-709.5
Cilnidipine	-1265	-1257	-909	763	-752	-1324.5
Cilostazol	-1353	-1312	-996	-617.5	-1322	-689.5
Clofibrate	875	-514	-591.5	-460	-607	1024
Clopidogrel	-909.5	-605.5	-927.5	-539.5	-785	-1182.5
Cyclopenthiazide	663.5	929.5	-655	-541	1010	-690.5
DB00162	1042	-952.5	-931	-438.5	-760.5	-572
DB00175	-649	-962	-907.5	-639	-654.5	-1012
DB00252	-1102	887.5	-904	-1138.5	508.5	-1258
DB00465	1027.5	-980	-943	1189	696	-1036.5
DB00472	-1092	-682	-903	-805	-605.5	-825
DB00502	-703.5	-784.5	-826	424.5	-787	812.5
DB00586	1190.5	570.5	-916	-598.5	-176.5	-1172
DB00717	1087	1142	-959	-683.5	562.5	-971.5
DB00762	-1238.5	-1268.5	-942	1271.5	-889	1239.5
DB00788	-1041	-1048	-941	-1220	1119.5	810.5
DB00867	677.5	922.5	899	899.5	-785	788.5
DB00997	-1077.5	-1096.5	-910	-1238	-725.5	-1214.5
DB01050	-1138.5	866	-920	902.5	-668	706.5
DB01132	663.5	929.5	-938	920.5	-589	-962.5
DB01148	-849.5	-787.5	-653	656.5	-784	602.5
DB08911	993	-1044	-1010	-923	-912.5	-1078.5
Digoxin	-1335	-1358	-961	-709.5	-1348.5	-641
Dipyridamole	-751	-1017	-868	414.5	-961	-1083.5
Dobutamine	-1042.5	-1163.5	1043	1094.5	1149.5	959.5
Dopamine	-403.5	-655.5	819.5	-808.5	677	712
drug_1	406.5	675.5	-666.5	695.5	783	-935
drug_10	828	-649	606	484	-865	850.5
drug_100	-549	675.5	606	-761	-962	-669
drug_101	406.5	675.5	606	695.5	-556.5	-534.5
drug_102	406.5	-755.5	-868	695.5	-856.5	-836.5
drug_103	-860	-1054	-1026.5	-935	-1067.5	-1064
drug_104	-711	-880	606	-870	-1021.5	-723.5
drug_105	406.5	-755.5	-868	695.5	909	-836.5
drug_106	406.5	675.5	-714.5	695.5	-817	458.5
drug_107	-498	675.5	606	-755.5	783	-480.5
drug_108	406.5	675.5	-714.5	695.5	909	458.5
drug_109	-498	675.5	606	-755.5	909	-480.5
drug_11	776.5	877.5	606	944	-816	791.5
drug_110	-413.5	675.5	-663.5	-741	909	-468
drug_111	-606	-916	-633.5	695.5	-1110	-618
drug_112	-606	-916	-633.5	695.5	-1128	-618
drug_113	-413.5	675.5	-663.5	-741	-948.5	-468
drug_114	-756.5	-817.5	606	695.5	-1031	-748
drug_115	-711	-880	606	695.5	-1190	-528
drug_116	-711	-880	606	695.5	-815	-528
drug_117	-699	675.5	606	695.5	-1176	-678
drug_118	-635	675.5	606	-875	-976	-716
drug_119	-711	-880	606	695.5	-1010.5	-528
drug_12	776.5	877.5	606	944	608.5	-888
drug_120	-606	-916	-633.5	695.5	-1128	-618
drug_121	-606	-916	-633.5	695.5	1071	-618
drug_122	-699	675.5	606	695.5	-995.5	-678
drug_123	-413.5	675.5	-663.5	-741	783	-468
drug_124	-606	-916	-633.5	695.5	-948.5	-618
drug_125	-711	-880	606	695.5	-1190	-528
drug_126	-793	-809	606	-775.5	-1048	-880
drug_127	-635	675.5	606	-875	-976	-716
drug_128	-413.5	675.5	-663.5	-741	783	-468
drug_129	-606	-916	-633.5	695.5	1071	-618
drug_13	1184	814	957	816	736.5	1251.5
drug_130	-606	-916	-633.5	695.5	-1128	-618
drug_131	-798.5	-956.5	606	-737.5	-1050.5	-773.5
drug_132	-763	-969	606	695.5	-1039.5	-652.5
drug_133	-428	-685	-818.5	-714	-800.5	-693
drug_134	-763	-969	606	695.5	-1039.5	-652.5
drug_135	406.5	-755.5	-868	695.5	783	-836.5
drug_136	-798.5	-956.5	606	-737.5	-899.5	-773.5
drug_137	-793	-809	606	-775.5	909	-880
drug_138	-711	-880	606	695.5	-858.5	-528
drug_139	-606	-916	-633.5	695.5	-930.5	-618
drug_14	1210	-715.5	-957.5	-1222.5	-760.5	1266.5
drug_140	-798.5	-956.5	606	-737.5	-1052.5	-773.5
drug_141	-606	-916	-633.5	695.5	-930.5	-618
drug_142	732.5	-586	606	-780.5	-513.5	850.5
drug_143	-902	-1077	-1012.5	-979	525.5	-1087
drug_144	645.5	-685	-702.5	892	483.5	-953
drug_145	645.5	-685	-702.5	892	-719	-953
drug_146	645.5	-576	606	892	-478.5	-985.5
drug_147	-664	-649	606	892	-622.5	-980.5
drug_148	-679	-862	606	-860.5	-970	677.5
drug_149	645.5	-685	-702.5	892	-536.5	-953
drug_15	1132.5	1208.5	957	1276	824.5	1192.5
drug_150	-902	-1077	-1012.5	-979	528	-1087
drug_151	645.5	-685	-702.5	892	-539.5	-953
drug_152	645.5	-813.5	606	892	-919	-948.5
drug_153	645.5	-685	-702.5	892	-539.5	-953
drug_154	732.5	-719.5	606	-895.5	-680.5	850.5
drug_155	-888.5	-1072.5	-1019	-964.5	-658	-1092.5
drug_156	645.5	-704	-698	892	507	-994.5
drug_157	-888.5	-1072.5	-1019	-964.5	-658	-1092.5
drug_158	-908.5	-1083.5	-1004	-982.5	986.5	-1043.5
drug_159	-753.5	-592.5	606	892	-512.5	-995.5
drug_16	1210	-715.5	-957.5	-1222.5	-715	1266.5
drug_160	-902	-1077	-1005.5	-976	-1028.5	-1073
drug_161	-459.5	-796.5	-900	-731.5	909	-931.5
drug_162	-902	-1077	-1005.5	-976	789.5	-1073
drug_163	645.5	-586	606	892	-656.5	-949.5
drug_164	645.5	-796.5	-688.5	-701	-760	677.5
drug_165	-555	675.5	606	-722	-814.5	-805
drug_166	732.5	-586	606	-780.5	-514.5	850.5
drug_167	-654.5	-495.5	606	-782.5	-672	677.5
drug_168	-888.5	-1072.5	-1019	-964.5	692.5	-1092.5
drug_169	-699	-673	606	-836	-1047.5	-698
drug_17	828	-1007	-981	-910	-961.5	-966.5
drug_170	406.5	675.5	606	695.5	909	-534.5
drug_171	-606	-916	-633.5	695.5	-1110	-618
drug_172	-743	-945	606	-518.5	-990	677.5
drug_173	645.5	-576	606	-749.5	585.5	-705
drug_174	-606	-916	-633.5	695.5	-1128	-618
drug_175	-782	-891	606	695.5	-959	-594
drug_176	-776.5	-692.5	606	-690.5	-977.5	677.5
drug_177	406.5	-755.5	-868	695.5	783	-836.5
drug_178	-413.5	675.5	606	-749.5	783	-795.5
drug_179	-679	-862	606	-827.5	-754.5	677.5
drug_18	1184	814	957	816	707.5	1251.5
drug_180	-413.5	675.5	606	-749.5	909	-795.5
drug_181	-699	675.5	606	695.5	909	-599
drug_182	406.5	-755.5	-868	695.5	-910.5	-836.5
drug_183	-575	-704	606	695.5	678.5	-767
drug_184	-782	-891	606	-644	-1208.5	-711
drug_185	-575	-704	606	695.5	-982	-767
drug_186	-575	-704	606	-822	909	-665
drug_187	-575	-704	606	695.5	783	-767
drug_188	-782	-891	606	-644	-833.5	-711
drug_189	-428	-685	-818.5	-714	-798.5	-693
drug_19	1184	814	-969	-1228	725	1251.5
drug_190	-782	-891	606	695.5	-959	-594
drug_191	-729.5	-719.5	606	-562	-860	677.5
drug_192	-699	675.5	606	695.5	-903	-599
drug_193	645.5	-576	606	-749.5	612.5	-705
drug_194	-729.5	-719.5	606	-562	-860	677.5
drug_195	-575	-704	606	695.5	-984.5	-767
drug_196	-428	-685	-818.5	-714	783	-693
drug_197	-743	-945	606	-518.5	-1169.5	677.5
drug_198	-575	-704	606	695.5	-808.5	-767
drug_199	-413.5	675.5	606	-749.5	955	-795.5
drug_2	828	-514	-659.5	484	-600	850.5
drug_20	-876.5	-1023.5	-956	-966.5	-869.5	889
drug_200	-886	-1049	-985	-915.5	-1075.5	-1029.5
drug_201	-844.5	-1019.5	-675	876.5	-1046.5	752.5
drug_202	-606	-916	-633.5	695.5	-948.5	-618
drug_203	-821.5	-1011.5	-821	876.5	-978.5	752.5
drug_204	-843	-1013	606	-648.5	-1195	831
drug_205	-788.5	-992.5	-834	-744.5	-636	831
drug_206	-575	-704	606	695.5	-1080	-489.5
drug_207	-743	-945	-613	695.5	-825	-753.5
drug_208	-606	-916	-633.5	695.5	-948.5	-618
drug_209	-763	-969	606	695.5	-1039.5	-652.5
drug_21	1184	814	-981	-1218.5	752.5	1251.5
drug_210	406.5	675.5	-714.5	695.5	783	458.5
drug_211	406.5	675.5	-714.5	695.5	678.5	458.5
drug_212	-606	-916	-633.5	695.5	909	-618
drug_213	-664	-649	606	-873.5	-919.5	-721.5
drug_214	406.5	675.5	-714.5	695.5	807	458.5
drug_215	-798.5	-956.5	606	-680	-1050	677.5
drug_216	645.5	-796.5	-688.5	-701	-751	677.5
drug_217	-606	-916	-633.5	695.5	949.5	-618
drug_218	-606	-916	-633.5	695.5	-1128	-618
drug_219	406.5	-755.5	-868	695.5	-677	-836.5
drug_22	-1084	1117	795	1130	-774.5	977.5
drug_220	-711	-880	-836	876.5	-840	752.5
drug_221	-820.5	-984.5	-610	876.5	-966.5	752.5
drug_222	645.5	-796.5	-688.5	-701	-751	677.5
drug_223	-575	-704	606	695.5	909	-489.5
drug_224	-606	-916	-633.5	695.5	-1128	-618
drug_225	-606	-916	-633.5	695.5	-948.5	-618
drug_226	-810	-980	606	-820.5	-872.5	-755.5
drug_227	-782	-891	-673	-778.5	-764.5	831
drug_228	-843	-1013	606	-648.5	-819	831
drug_229	645.5	-796.5	-688.5	-701	-751	677.5
drug_23	828	-514	-659.5	484	-782	850.5
drug_230	-575	-704	606	695.5	-898	-489.5
drug_231	-743	-945	606	-518.5	-794.5	677.5
drug_232	-679	-862	606	-827.5	-1086	677.5
drug_233	-729.5	-719.5	606	-562	-860	677.5
drug_234	-743	-945	606	-518.5	-838	677.5
drug_235	645.5	-576	606	-749.5	-591	-705
drug_236	828	-649	606	484	-866.5	850.5
drug_237	406.5	-755.5	-868	695.5	-879.5	-836.5
drug_238	776.5	877.5	-829.5	944	-532	791.5
drug_239	406.5	-755.5	-868	695.5	783	-836.5
drug_24	854	-975.5	-964	-925.5	-862.5	865.5
drug_240	776.5	877.5	-829.5	944	462.5	791.5
drug_241	-428	-685	-818.5	-714	-1032	-693
drug_242	406.5	-755.5	-868	695.5	909	-836.5
drug_243	406.5	-755.5	-868	695.5	-677	-836.5
drug_244	854	-1010.5	-972	-927.5	-1182	-992.5
drug_245	-679	-862	606	-827.5	-906.5	677.5
drug_246	-743	-945	606	695.5	-1019.5	-551
drug_247	776.5	877.5	606	944	-995.5	791.5
drug_248	-743	-945	606	-518.5	-990	677.5
drug_249	406.5	-755.5	-868	695.5	945	-836.5
drug_25	1001.5	719.5	957	-1089	892	1078.5
drug_250	-606	-916	-633.5	695.5	-930.5	-618
drug_251	-606	-916	-633.5	695.5	783	-618
drug_252	645.5	-796.5	-688.5	-701	-751	677.5
drug_253	-530	-835	-783	-726.5	-1025.5	-799.5
drug_254	-679	-862	606	-827.5	-911	677.5
drug_255	-852.5	-1031.5	-975	-974.5	-907.5	-1020.5
drug_256	406.5	-755.5	-868	695.5	-879.5	-836.5
drug_257	-743	-945	606	-518.5	-990	677.5
drug_258	-575	-704	606	-822	-1093.5	-665
drug_259	406.5	-755.5	-868	695.5	909	-836.5
drug_26	-1130	620.5	957	-1207	725	1232
drug_260	1132.5	1208.5	957	1276	778.5	1192.5
drug_261	1184	814	957	816	715.5	1251.5
drug_262	1001.5	719.5	957	-793.5	830	1078.5
drug_263	762.5	1006.5	957	1027.5	985	859.5
drug_264	1184	814	957	-860	736.5	1251.5
drug_265	1132.5	1208.5	957	1276	769	1192.5
drug_266	762.5	1006.5	957	1027.5	1060	859.5
drug_267	1132.5	1208.5	957	1276	813.5	1192.5
drug_268	1132.5	1208.5	957	1276	790	1192.5
drug_269	-1179	-727	-973	-1254	892	1078.5
drug_27	-1132	-665	957	-1196	715.5	1232
drug_270	1132.5	1208.5	957	1276	790	1192.5
drug_271	1132.5	1208.5	957	1276	824.5	1192.5
drug_272	1184	814	-981	-1218.5	707.5	1251.5
drug_273	-1033	719.5	957	-870.5	926.5	1078.5
drug_274	762.5	1006.5	957	1027.5	951.5	859.5
drug_275	-1046.5	669	904.5	-827	892.5	1127
drug_276	-909.5	1006.5	957	1027.5	1124	859.5
drug_277	-1033	719.5	957	732.5	865	1078.5
drug_278	1001.5	719.5	957	-1009.5	865	1078.5
drug_279	1132.5	1208.5	957	1276	814	1192.5
drug_28	-1137	-691	957	-1188.5	715.5	1232
drug_280	-909.5	1006.5	957	1027.5	1089.5	859.5
drug_281	955	669	904.5	-1099	892.5	1127
drug_282	1184	814	957	816	680.5	1251.5
drug_283	1132.5	1208.5	957	1276	769	1192.5
drug_284	-833.5	1006.5	957	-1117	1215.5	859.5
drug_285	1001.5	719.5	957	1224	803.5	1192.5
drug_286	-833.5	1006.5	957	-1035	1134.5	859.5
drug_287	762.5	1006.5	957	1027.5	1089.5	859.5
drug_288	1132.5	1208.5	957	1276	769	1192.5
drug_289	1132.5	1208.5	957	1276	813.5	1192.5
drug_29	1001.5	719.5	957	-1043.5	926.5	1078.5
drug_290	854	-983.5	-951	-977.5	-1005.5	-910.5
drug_291	888.5	-1049	-1001	-970.5	-725.5	-1069.5
drug_292	828	483	606	984	374	877
drug_293	907	-1029.5	-983	976	-431.5	-1052.5
drug_294	828	483	606	984	-674.5	877
drug_295	-918.5	-1090.5	-1038	-997.5	-985.5	-1096.5
drug_296	828	483	606	984	-515.5	-917
drug_297	907	-1033	-990	976	390.5	-1041.5
drug_298	854	-1001.5	-970.5	-948	-831.5	-1018
drug_299	828	483	606	984	-425.5	-964.5
drug_3	828	-495.5	606	484	-740.5	850.5
drug_30	1088.5	620.5	957	-1101.5	736.5	1232
drug_300	645.5	-685	-702.5	892	-539.5	-953
drug_301	828	483	606	984	-597	877
drug_302	-915.5	-1074.5	-1035	-992.5	-1160	-1102.5
drug_303	-919.5	-1087.5	-1036	-998.5	-963.5	-1100.5
drug_304	828	483	606	984	-696	-917
drug_305	828	483	606	984	-495	877
drug_306	907	-1024.5	-989	976	-667	-1068.5
drug_307	828	483	606	984	-440.5	877
drug_308	854	-1001.5	-970.5	-948	-1010	-1018
drug_309	828	-873.5	-966	-912.5	-1019	-996.5
drug_31	-801.5	1006.5	957	-1157	1215.5	859.5
drug_310	828	483	606	984	-571.5	877
drug_311	-914	-1089	-1039.5	-995	-874	-1099
drug_312	-914	-1089	-1039.5	-995	-1026	-1099
drug_313	-916.5	-1085.5	-1037	-993.5	-1013.5	-1101.5
drug_314	828	483	606	984	-441.5	877
drug_315	-917.5	-1092.5	-1042	-996.5	-1044.5	-1104.5
drug_316	854	-886.5	-944	-973.5	-1159	-960.5
drug_317	828	483	-668	984	-636	-923.5
drug_318	854	-975.5	-963	-958.5	-801.5	-907.5
drug_319	-920.5	-1093.5	-1041	-999.5	958	-1103.5
drug_32	-1137	-691	957	-1188.5	770	1232
drug_320	-852.5	1071	1021.5	-1069.5	1154.5	926
drug_321	823	1071	1021.5	966	1046	926
drug_322	-1021	1071	1021.5	966	1164	926
drug_323	-1154.5	784	1021.5	-1230	848.5	1145
drug_324	-1060	1071	1021.5	-995.5	1028.5	926
drug_325	-1046.5	1071	1021.5	966	908	926
drug_326	-1066.5	1071	1021.5	966	1028.5	926
drug_327	-1033	1071	1021.5	966	1195	926
drug_328	-878.5	1071	1021.5	966	1038	926
drug_329	-865	1071	1021.5	966	1028.5	926
drug_33	-1024	719.5	957	1208.5	790	1153.5
drug_330	-833.5	1071	1021.5	-1117	1046	926
drug_331	-878.5	1071	1021.5	966	1020	926
drug_332	-1137	784	1021.5	-1259	781	1145
drug_333	-1129	784	1021.5	-1255	875.5	1145
drug_334	-1158	784	1021.5	-1239	813.5	1145
drug_335	823	1071	1021.5	966	882	926
drug_336	823	1071	1021.5	966	1154.5	926
drug_337	-1127	784	1021.5	-1264.5	821.5	1145
drug_338	-1137	784	1021.5	-1261	858	1145
drug_339	-1141.5	784	1021.5	-1251.5	867.5	1145
drug_34	-1102	719.5	957	1208.5	756	1153.5
drug_340	823	1071	1021.5	966	1028.5	926
drug_341	823	1071	1021.5	-975.5	1020	926
drug_342	1244.5	878.5	1021.5	1260.5	1224	1290
drug_343	-878.5	1071	1021.5	966	941.5	926
drug_344	-909.5	1071	1021.5	966	1164	926
drug_345	823	1071	1021.5	-1157	1028.5	926
drug_346	-1185.5	784	1021.5	-1271	788.5	1145
drug_347	-1127	784	1021.5	-1264.5	840.5	1145
drug_348	-1141.5	784	1021.5	-1251.5	790.5	1145
drug_349	406.5	675.5	-772.5	695.5	-765.5	-900
drug_35	1001.5	719.5	957	-1169	919	1078.5
drug_350	-679	-862	606	-827.5	-908.5	677.5
drug_351	406.5	675.5	-772.5	695.5	783	-900
drug_352	776.5	877.5	-728	944	483.5	-872
drug_353	645.5	-628	606	-639	-643	677.5
drug_354	645.5	-796.5	-688.5	-701	-930.5	677.5
drug_355	406.5	-755.5	-868	695.5	-879.5	-836.5
drug_356	-679	-862	606	-827.5	-1084	677.5
drug_357	645.5	-796.5	-688.5	-701	-599	677.5
drug_358	645.5	-628	606	-639	-822.5	677.5
drug_359	406.5	-755.5	-868	695.5	-879.5	-836.5
drug_36	1001.5	719.5	957	-1186	926.5	1078.5
drug_360	406.5	-755.5	-868	695.5	909	-836.5
drug_361	406.5	675.5	-772.5	695.5	783	-900
drug_362	406.5	-755.5	-868	695.5	-663	-836.5
drug_363	406.5	675.5	-772.5	695.5	645	-900
drug_364	406.5	675.5	-772.5	695.5	783	-900
drug_365	406.5	-755.5	-868	695.5	783	-836.5
drug_366	645.5	-628	606	-639	-643	677.5
drug_367	828	-514	-659.5	484	-601.5	850.5
drug_368	406.5	675.5	-772.5	695.5	783	-900
drug_369	406.5	-755.5	-868	695.5	-856.5	-836.5
drug_37	-1092	-682	957	-1053	736.5	1232
drug_370	776.5	877.5	-829.5	944	-709	791.5
drug_371	406.5	-755.5	-868	695.5	783	-836.5
drug_372	-679	-862	606	-827.5	-759	677.5
drug_373	645.5	-796.5	-688.5	-701	-751	677.5
drug_374	645.5	-796.5	-688.5	-701	789	677.5
drug_375	645.5	-576	606	-749.5	762	-705
drug_376	776.5	877.5	606	944	521.5	-888
drug_377	-498	675.5	-652	-870	949.5	-684.5
drug_378	645.5	-796.5	-688.5	-701	-761.5	677.5
drug_379	406.5	-755.5	-868	695.5	-677	-836.5
drug_38	1088.5	620.5	957	-1149	707.5	1232
drug_380	-498	675.5	606	-853.5	909	-878.5
drug_381	-905.5	-1079.5	-992	-951.5	786.5	-1019.5
drug_382	-912.5	-1086.5	-987	-981.5	1140.5	-1001.5
drug_383	-882	-1047	-998	-954.5	975	-1056.5
drug_384	-906.5	-1063.5	-988	-926.5	975	-1027.5
drug_385	-561.5	675.5	606	695.5	909	-784.5
drug_386	-476	675.5	606	-852.5	783	-936.5
drug_387	406.5	675.5	-714.5	695.5	1085.5	458.5
drug_388	-561.5	675.5	606	695.5	-771.5	458.5
drug_389	-606	-916	-633.5	695.5	-753	-618
drug_39	762.5	1006.5	957	1027.5	1054.5	859.5
drug_390	-763	-969	606	695.5	-1219	-652.5
drug_391	-575	-704	606	695.5	-833.5	-675
drug_392	-911.5	-1084.5	-993	-953.5	975	-1070.5
drug_393	406.5	675.5	-772.5	695.5	645	-900
drug_394	406.5	675.5	-772.5	695.5	616	-900
drug_395	406.5	-755.5	-868	695.5	678.5	-836.5
drug_396	-530	-835	-744.5	-808.5	-879.5	-736
drug_397	406.5	675.5	-666.5	695.5	909	-935
drug_398	-575	-704	606	695.5	-808.5	-767
drug_399	-575	-704	606	695.5	783	-675
drug_4	776.5	877.5	606	944	-998.5	791.5
drug_40	1001.5	719.5	957	-1009.5	910	1078.5
drug_400	-756.5	-817.5	606	695.5	-1006.5	-679.5
drug_401	-664	675.5	-657	-897.5	909	-782.5
drug_402	-561.5	675.5	606	695.5	783	-524
drug_403	-723.5	675.5	606	695.5	724.5	-750.5
drug_404	-513.5	675.5	606	-766.5	909	-548.5
drug_405	-498	675.5	606	695.5	-1022	-686.5
drug_406	-763	-969	606	695.5	-887.5	-652.5
drug_407	828	483	-788	484	-466.5	850.5
drug_408	776.5	877.5	606	944	-871.5	791.5
drug_409	828	483	606	484	-882	850.5
drug_41	1001.5	719.5	957	-1186	849.5	1078.5
drug_410	828	-495.5	606	484	-920.5	850.5
drug_411	776.5	877.5	606	944	-1096	791.5
drug_412	776.5	877.5	606	944	-475.5	791.5
drug_413	776.5	877.5	606	944	-1214	791.5
drug_414	776.5	877.5	606	944	-611.5	791.5
drug_415	776.5	877.5	606	944	-667	791.5
drug_416	776.5	877.5	606	944	-1098	791.5
drug_417	776.5	877.5	606	944	-916.5	791.5
drug_418	828	483	-789	484	-418.5	-918.5
drug_419	645.5	-576	-655	-567.5	-796.5	-771.5
drug_42	1001.5	719.5	957	-1186	937	1078.5
drug_420	776.5	877.5	606	944	-966	791.5
drug_421	776.5	877.5	606	944	-667	791.5
drug_422	776.5	877.5	606	944	-1000.5	791.5
drug_423	776.5	877.5	606	944	-785.5	791.5
drug_424	776.5	877.5	-731.5	944	-738	791.5
drug_425	-606	-916	-633.5	695.5	-1110	-618
drug_426	-805.5	-851.5	606	-795.5	-997.5	-658.5
drug_427	776.5	877.5	-798.5	944	660	791.5
drug_428	776.5	877.5	-798.5	944	-653	791.5
drug_429	-711	-880	606	695.5	-1187	-528
drug_43	1001.5	719.5	957	-1043.5	862.5	1078.5
drug_430	-606	-916	-633.5	695.5	-930.5	-618
drug_431	776.5	877.5	-671.5	944	-501.5	791.5
drug_432	776.5	877.5	606	944	-916.5	791.5
drug_433	776.5	877.5	606	944	-837.5	791.5
drug_434	-763	-969	606	695.5	-1039.5	-652.5
drug_435	-642.5	-813.5	-676	-864.5	-994.5	-597.5
drug_436	776.5	877.5	-671.5	944	-502.5	791.5
drug_437	-530	-835	-744.5	-808.5	909	-736
drug_438	406.5	-755.5	-868	695.5	-879.5	-836.5
drug_439	-530	-835	-744.5	-808.5	783	-736
drug_44	-1014.5	719.5	957	1208.5	813.5	1153.5
drug_440	406.5	-755.5	-868	695.5	783	-836.5
drug_441	-530	-835	-744.5	-808.5	783	-736
drug_442	406.5	675.5	-714.5	695.5	909	458.5
drug_443	-530	-835	-744.5	-808.5	-879.5	-736
drug_444	-327.5	-755.5	-868	892	711	-836.5
drug_445	-327.5	-755.5	-868	892	711	-836.5
drug_446	-530	-835	-744.5	892	-888.5	-736
drug_447	406.5	-755.5	-868	695.5	678.5	-836.5
drug_448	-530	-835	-744.5	-808.5	783	-736
drug_449	406.5	-755.5	-868	695.5	959.5	-836.5
drug_45	1088.5	620.5	957	-1101.5	725	1232
drug_450	-498	675.5	606	-848.5	-856.5	-577.5
drug_451	406.5	-755.5	-868	695.5	959.5	-836.5
drug_452	-904.5	-1058.5	-1000	-980.5	-1240	-1059.5
drug_453	-860	-1054	-1026.5	-935	-1067.5	-1064
drug_454	406.5	-755.5	-868	695.5	783	-836.5
drug_455	-530	-835	-744.5	-808.5	-879.5	-736
drug_456	406.5	-755.5	-868	695.5	783	-836.5
drug_457	406.5	-755.5	-868	695.5	909	-836.5
drug_458	-860	-1054	-1026.5	-935	-920.5	-1064
drug_459	-860	-1054	-1026.5	-935	-1071	-1064
drug_46	-833.5	1006.5	957	-1117	1180.5	859.5
drug_460	406.5	-755.5	-868	695.5	909	-836.5
drug_461	406.5	-755.5	-868	695.5	-856.5	-836.5
drug_462	-498	675.5	606	-848.5	-853	-577.5
drug_463	-860	-1054	-1026.5	-935	-1247	-1064
drug_464	-530	-835	-744.5	-808.5	-1059	-736
drug_465	-854.5	-1039.5	-1008.5	-941	-1074	-1031
drug_466	-909.5	1006.5	957	1027.5	1124	859.5
drug_467	-1046.5	1006.5	957	1027.5	1089.5	859.5
drug_468	-1046.5	1006.5	957	1027.5	1250	859.5
drug_469	762.5	1006.5	957	1027.5	1089.5	859.5
drug_47	-1092	-682	957	-1053	781.5	1232
drug_470	-909.5	1006.5	957	1027.5	1089.5	859.5
drug_471	-833.5	1006.5	957	-1117	1089.5	859.5
drug_472	-909.5	1006.5	957	1027.5	1089.5	859.5
drug_473	-909.5	1006.5	957	1027.5	1250	859.5
drug_474	-833.5	1006.5	957	-1117	1215.5	859.5
drug_475	-833.5	1006.5	957	-1035	1215.5	859.5
drug_476	-833.5	1006.5	957	-1117	1180.5	859.5
drug_477	-1046.5	1006.5	957	1027.5	1089.5	859.5
drug_478	-1080	1006.5	957	1027.5	1089.5	859.5
drug_479	-909.5	1006.5	957	1027.5	985	859.5
drug_48	-699	675.5	606	-883.5	-1001.5	-724.5
drug_480	-1066.5	1006.5	957	1027.5	1089.5	859.5
drug_481	-909.5	1006.5	957	1027.5	1261.5	859.5
drug_482	-763	1006.5	957	-1040	985	859.5
drug_483	762.5	1006.5	957	1027.5	1256	859.5
drug_484	762.5	1006.5	957	1027.5	1124	859.5
drug_485	-1066.5	1006.5	957	1027.5	1089.5	859.5
drug_486	-1113.5	1006.5	957	-1042	1256	859.5
drug_487	-1046.5	1006.5	957	1027.5	1134.5	859.5
drug_488	-909.5	1006.5	957	1027.5	1054.5	859.5
drug_489	-909.5	1006.5	957	1027.5	1124	859.5
drug_49	406.5	675.5	606	695.5	909	-534.5
drug_490	-909.5	1006.5	957	1027.5	1215.5	859.5
drug_491	-833.5	1006.5	957	-1035	1215.5	859.5
drug_492	-833.5	1006.5	957	-1117	985	859.5
drug_493	762.5	1006.5	957	1027.5	1054.5	859.5
drug_494	1259	1283	957	-851	1320	610
drug_495	762.5	1006.5	957	1027.5	1215.5	859.5
drug_496	1228	1265	-1022	-1280	1326.5	-788
drug_5	-575	-704	606	695.5	-984.5	-767
drug_50	-498	675.5	606	-755.5	783	-480.5
drug_51	645.5	-486	606	-675	-608.5	677.5
drug_52	406.5	-755.5	-868	695.5	-901	-836.5
drug_53	-530	-835	-744.5	-808.5	-879.5	-736
drug_54	645.5	-796.5	-688.5	-701	-608	677.5
drug_55	-530	-835	-744.5	-808.5	-1068	-736
drug_56	645.5	-796.5	-688.5	-701	-930.5	677.5
drug_57	-679	-862	606	-860.5	-967.5	677.5
drug_58	-892.5	-1061.5	-994.5	-969	-1263	-1076
drug_59	645.5	-486	606	-675	-789	677.5
drug_6	776.5	877.5	606	944	-649.5	791.5
drug_60	-441	675.5	-707	-765	678.5	-592.5
drug_61	-892.5	-1061.5	-994.5	-969	-887	-1076
drug_62	-877.5	-1041.5	-991	-960.5	-1078.5	-1057.5
drug_63	645.5	-796.5	-688.5	-701	-751	677.5
drug_64	-679	-862	606	-860.5	-1206	677.5
drug_65	-530	-835	-783	-726.5	-848.5	-799.5
drug_66	-699	-673	606	-836	-868	-698
drug_67	-854.5	-1039.5	-1008.5	-941	-1253.5	-1031
drug_68	645.5	-628	606	-639	-822.5	677.5
drug_69	-555	675.5	-606.5	695.5	783	-889.5
drug_7	828	-514	-659.5	484	-600	850.5
drug_70	645.5	-796.5	-688.5	-701	774.5	677.5
drug_71	-679	-862	606	-860.5	-1149.5	677.5
drug_72	645.5	-419	606	-462.5	612.5	-749.5
drug_73	-771.5	-658.5	606	-886.5	-955	677.5
drug_74	-699	675.5	606	-761	783	-968.5
drug_75	-679	-862	606	-827.5	-911	677.5
drug_76	-498	675.5	606	-848.5	-853	-577.5
drug_77	645.5	-796.5	-688.5	-701	-751	677.5
drug_78	-679	-862	606	-827.5	-911	677.5
drug_79	-555	675.5	606	-722	945	-805
drug_8	776.5	877.5	606	944	-651.5	791.5
drug_80	-679	-862	606	-860.5	-1149.5	677.5
drug_81	645.5	-796.5	-688.5	-701	-924	677.5
drug_82	406.5	-755.5	-868	695.5	783	-836.5
drug_83	-860	-1054	-1026.5	-935	-1067.5	-1064
drug_84	-860	-1054	-1026.5	-935	-1071	-1064
drug_85	-530	-835	-744.5	-808.5	-1068	-736
drug_86	-498	675.5	606	-848.5	-1032.5	-577.5
drug_87	406.5	675.5	606	695.5	783	-534.5
drug_88	-498	675.5	606	-848.5	-856.5	-577.5
drug_89	-530	-835	-744.5	-808.5	945	-736
drug_9	-654.5	-495.5	606	-793	585.5	-883.5
drug_90	406.5	675.5	-772.5	695.5	645	-900
drug_91	406.5	675.5	-772.5	695.5	959.5	-900
drug_92	406.5	675.5	-714.5	695.5	783	458.5
drug_93	-530	-835	-744.5	-808.5	-879.5	-736
drug_94	-549	675.5	606	-761	-1016	-669
drug_95	-459.5	-796.5	-900	-731.5	783	-931.5
drug_96	406.5	675.5	-714.5	695.5	783	458.5
drug_97	406.5	-755.5	-868	695.5	1071	-836.5
drug_98	406.5	675.5	-714.5	695.5	1111.5	458.5
drug_99	-549	675.5	606	-761	783	-669
Enalapril	622.5	881.5	813.5	887	659	-900
Eprosartan	854.5	-862	-914.5	649.5	-597.5	1049.5
Esmolol	615.5	873.5	811.5	481.5	-432.5	-970.5
Etacrynic_acid	1113	-651	-512	762	-717.5	1146
Etilefrine	672.5	936.5	866.5	509	834.5	-922.5
Ezetimibe	-791.5	427	-811.5	469.5	-895.5	-1170
Felodipine	1094.5	1149.5	802.5	725.5	766.5	973.5
Fenofibrate	-258.5	-454.5	807.5	410.5	507.5	-912.5
Fenoldopam	700.5	883.5	799	936.5	868.5	-868
Gemfibrozil	638.5	910.5	858.5	908	-562.5	-983.5
Hydroflumethiazide	-1257.5	1173.5	-961	-736	1232	-1321
Iloprost	680.5	471.5	-674	413.5	1008.5	-915.5
Indapamide	1160.5	-592.5	898	-868.5	-569.5	-958.5
Irbesartan	-1128	-954	879	910.5	656.5	775.5
Isradipine	648.5	917.5	868.5	918	-774.5	-874.5
Labetalol	-691	-528	815.5	-372	738.5	-1048
Losartan	-684.5	483.5	-811.5	896	-859.5	-1130.5
Lovastatin	-829	-720	-762	-111	-707	-1128.5
Menadione	428.5	-414	839	611.5	-462.5	1060.5
Mephentermine	823	1071	1021.5	966	908	926
Metolazone	-1024	-677	-936	617	-990	-1203
Metoprolol	1345	925	1039	736	-657.5	778
Midodrine	854.5	586.5	-822.5	662.5	-790	-1166
Milrinone	1103	1175	851.5	-462.5	1209.5	507.5
Moexipril	845	1053	1003	1073.5	441.5	949.5
Nadolol	605	903	-868	-603.5	-879.5	-836.5
Niacin	709	747	830	-308.5	758	-961.5
Nicardipine	-1053.5	-1192.5	-927.5	941.5	-805.5	-566.5
Nicotinyl_alcohol	1189	1218	-832	-570.5	1209.5	-938.5
Nifedipine	-677.5	-797.5	807.5	-948	428.5	-1178.5
Nimodipine	705	744	830	-842.5	-837.5	-682
Nitrendipine	-878.5	-1059.5	-1011	-949.5	-1077.5	-1042.5
Nitrofural	-884	-1065	-1015	-961.5	-677	-1088.5
Olmesartan	-1360	-1357	-933	-713	-1379	653
Ouabain	-846.5	-1009.5	-999	-885.5	-1045.5	-1081.5
Oxprenolol	633	866	-868	898.5	991.5	-1069.5
Perindopril	-1169.5	1127.5	-953	-1293	-816	-756
Pindolol	703.5	943.5	886	915.5	-770.5	803.5
Piretanide	1026.5	710.5	-921	-890.5	530.5	-1006.5
Practolol	933	-1091.5	-1043	-972.5	1154	-1106.5
Pravastatin	-649	-962	-907.5	-639	-655.5	-1012
Probucol	-696.5	449.5	-523	416.5	1168	-1103.5
Propranolol	1174	1203	897	759	753.5	1013
Quinapril	645	878	826	-502	418	-900
Quinethazone	-638.5	-674.5	-763	-699.5	670	-1053.5
Ramipril	644.5	671.5	-761	-838	728	1067
Rivaroxaban	1359.5	1233.5	909.5	-1258	1244.5	-743
Rosuvastatin	-1110	1129.5	823	1185	1212	878
Simvastatin	-1222	-1218	-955	643	-764.5	-1263.5
Sotalol	1078	-1044	-952	-985.5	1206	-1055.5
Spironolactone	-711	-880	833	912.5	-763.5	-956.5
Synephrine	-952.5	-651.5	-949	-1006.5	496.5	-1179
Telmisartan	1216.5	1152.5	1041	-1290.5	1226	1078
Ticlopidine	1096.5	-851.5	903	1303.5	-918	605.5
Tienilic_acid	-960.5	938.5	871	942.5	-1102.5	714.5
Timolol	648.5	917.5	868.5	918	572	770
Torasemide	-441	-576	-699	-651.5	1091.5	-803.5
Treprostinil	998.5	-586	866.5	713	-707	1220
Triamterene	657.5	483.5	894	-839.5	-467.5	-1095
Valsartan	1217	1175	844	546	774	-528.5
Warfarin	577.5	677.5	824.5	-469	751.5	-778.5
