ad	density	cc	spath	eigencentr	betwcentr
10127622	-522	-499	-786	-566	-1031	1121
10184653	-839	-960	-1093	-899	-946	760.5
10607	-1207	931.5	-804	-690	-790	1197.5
119607	-680	-843	-1023	-828	-914	762.5
119828	-897	-979	-540	-846.5	-1077	-1117
123631	888.5	1047.5	1070.5	957.5	996.5	823.5
12560	-129	-717	865.5	291.5	832	203.5
135398744	-815	-720	-696	-784	-710	-696
13791	496.5	-675.5	-876	457.5	975	1205
149096	-806.5	-760.5	-803.5	-923.5	-846	1224
16231	424	-220.5	-610	309.5	-382	-1041
176870	-902	-696	205	84	-679	1231
19493	-1188.5	-678.5	-1072	-1029	925	-1291
2153	600	515	-484	-298	-483	1133
2244	-872.5	-957.5	992.5	-951	-1187	1001.5
2520	519	-886.5	-1233	571.5	750	1181.5
2540	-1173.5	-1010.5	-845	1113	-904	745
2554	1091	1096	1102	1106	1117	1179
2581	1166.5	1305.5	1379	1278	1302	1313
2724385	664.5	-559	-661	667	-574	-1202
2733526	-775	856.5	-924	-900.5	-839	819
2796	-1118	-1135	-1258	-1109.5	-1178	-1130
2907	1052.5	1113.5	749.5	694.5	1077	1275
3016	642	-1170.5	-1195.5	-704.5	-1241	755
3019	-856.5	-692.5	245	-745	-677	-1162
3034010	-1155	-556	-1291	-1016.5	-1206	1029
3059	-447.5	-917.5	-660	-662.5	-642.5	1098
31307	-992	-1056	1061.5	-1149	-1190	1109
3182	-1273	-699	-751	-621	-694	-1271
3308	408	444	-424.5	-766.5	373	-645
3394	-1157	-760	-460	-58	-946	1286
3463	-925.5	-864.5	-980	-897	-776	-826
36462	-672.5	-1194.5	-1289.5	-536.5	-1179	-588.5
3690	-808.5	-735.5	-860	-727	-733	1052
3715	774	-716	317	-722	-775	947
3825	1181	1127	1337.5	1174	1155	708
3869	-791	-792	-813	-771	420	618
39147	-705.5	-672.5	-718	-651	-116.5	1113
392622	864	1011	982.5	889.5	-856	651.5
39912	-726.5	-1215.5	-1204.5	-742.5	-1236	-762.5
4030	1176.5	1223.5	1338.5	1293.5	1261.5	1273.5
4037	-1176.5	-1138.5	-600	-665	-1253	-1281
4044	1077	547	476	1105	-884	1262
4173	-474.5	-910.5	-902.5	-523.5	-832	886
41774	-1153.5	-677.5	-1192	-556.5	-606	860
41867	-1166.5	-1217.5	-613	-904	-1241	-1211
42611257	-470.5	-1051.5	-1225	-567	-1151	-1140
4369359	936.5	-739.5	855.5	-812.5	211	1133
4409	663.5	558.5	696	664	565	617
44093	-235.5	-597.5	-616.5	-339.5	-745.5	963
441243	217.5	-784	-924.5	376	-771	373
441401	-551.5	-1103	-1242.5	437	-1173	-677.5
444795	1140	1102	686	-1212	783	1212
445643	988	-757	-777	-794	-841	-964
449171	-707	-712	-746	745	751	888
4497	805	748	750.5	1114	977.5	-1130
451668	402.5	383.5	-841	352.5	-999	788.5
4583	784	607	-476	533	-551	651
4614	-1150	-1099	708	-955	-1268	-1242
4680	-1118.5	-1261.5	814.5	-1279	-1225	-1253
4740	-623	-469	-642	-465	-1168	678
4781	1087.5	1102.5	1159	890	1074	1002
4814	-698	-575	-819	-592.5	162	1091
4848	-706	-648	503	401.5	-693	1012
4913	638	545	730	696	608	-894
5070	-1033	-1125	-1247	-1053.5	-1206	-1236
5073	1136.5	1151	-759	1184	1103	1100
5090	1170	1177	1283.5	1219	1180	-694
5280805	174.5	-523.5	-750	369.5	706.5	813
5280961	418	403	-645	-826	-433	-1096
5282379	-1046.5	-1049	-1285	-1159	-652	1191
5330286	164	130	-611	325.5	-103	-771
5405	945	811	-686	-688	998	1045
54585	-417	-510	-1184	507	-615	1206
5509	-684	1012	919	-712	826.5	1025.5
55245	1383	1375	1383	1360	1386	1382
5591	1081.5	1079.5	630	1125.5	955	1191
5593	890	1038	1043.5	951.5	-1005	822.5
57363	-1053	-934	-755	-1147	-1034	1246
5743	1133.5	1226.5	1339	851	1262	1242
5770	-1207	-1230	-1219	-1265	-1162	-1273
5832	565	423	695	-292	550	1322
5994	-1029	-652.5	-638	475	-631	1246
60606	-1172.5	-1263.5	-601	-1236	-1289.5	-1227
60726	986	1062.5	1038	1006	1006	1044
60750	1085.5	968.5	1008	-699	769	1320
64143	-845.5	-976.5	422.5	-874.5	-1012	-678.5
6741	1067	479	560	487	367	1327
77999	-647.5	-740.5	-1008	-687.5	-396	757.5
84029	-778.5	-657.5	-781	-638.5	177	-853
89594	938	710	705.5	648	657	-937
9875401	1114.5	1121.5	647	-955.5	1005	1268
9926791	491.5	-624	936.5	555.5	759	746.5
Acebutolol	-1068.5	-1228.5	-668	-621	-1259	-1228
Acetylsalicylic_acid	-872.5	-957.5	992.5	-951	-1187	1001.5
Alprenolol	-563	-1043	-1178	-537.5	-1128	307
Amiloride	424	-220.5	-610	309.5	-380	-1041
Amlodipine	-1235	-1220	-1212	-690	-1151	-1237
Atenolol	-750	-586	-683	-570.5	-539	605
Atorvastatin	741.5	-632.5	-291	253	-778	-829
Benazepril	-1210	-1253	-1279	-765	-1240	1318
Bendroflumethiazide	1072.5	-663	-658.5	632	530	1264
Betaxolol	1044.5	1074.5	1145	1133.5	934	1328
Bezafibrate	511	-587	-1041	1079.5	-1066	1073.5
Bisoprolol	693	419	-844	954	727.5	900.5
Bumetanide	-1216	-1297	-1291.5	-1243.5	-1283.5	-706.5
Canrenoic_acid	1143	1088	-704	1150	993	1345
Captopril	-235.5	-597.5	-616.5	-339.5	-745.5	963
Carteolol	876.5	1041.5	1058.5	944.5	-1030	824.5
Carvedilol	-274	-601	-668	-340	-777	-326
Cerivastatin	-1004.5	-944.5	-1193.5	-863	-1062	796
Chlorhexidine	990	820	750.5	643	729	-1022
Chlorthalidone	-527	-566	-724	-356.5	-684	702
Cilnidipine	-969	-660	-643	-813.5	-671.5	-1102.5
Cilostazol	-1324.5	-1328.5	-1339	-1308	-1356	-1361
Clofibrate	-1118	-1135	-1258	-1109.5	-1178	-1130
Clopidogrel	-1172.5	-1263.5	-601	-1236	-1290.5	-1227
Cyclopenthiazide	1223	1145.5	1361	715	1263	1345
DB00162	-112.5	-554	-845	-146.5	-749.5	816
DB00175	1089	1144	898	1093.5	913.5	1267
DB00252	-814	-902	-1003	-1077	-1165	-837
DB00465	-1258.5	-1293.5	-1303	-1296	-1302	1168
DB00472	951	445	346	711.5	220	1113
DB00502	-754.5	-1140.5	-1209	763.5	-1153	-1268
DB00586	-533	-1068	818.5	-653	-1194	-670.5
DB00717	-910.5	-1006.5	-911	-768.5	637	1111
DB00762	764.5	858.5	-1177.5	863	-1065	1200
DB00788	971	954	-1201.5	662.5	729	-1172.5
DB00867	854	926	958	791	866	1019
DB00997	917.5	958.5	1024	-754	-942	-1036
DB01050	911.5	1049.5	1048.5	961.5	996	834.5
DB01132	1081	564	-673.5	516.5	419.5	1263.5
DB01148	1117	1146	884	1137	874	1189
DB08911	-1024	-1088	-844	-1184	-1085	-1099
Digoxin	664.5	-559	-661	667	-574	-1202
Dipyridamole	-670	-662	-706	-674	-663	1199
Dobutamine	405.5	408.5	418.5	332.5	384	151.5
Dopamine	1063	1122	1176	-972.5	1091	1177
drug_1	877.5	890.5	1021	933	980	854
drug_10	1032.5	1068.5	973.5	1076.5	957.5	942.5
drug_100	477	629	663.5	634.5	518	-493.5
drug_101	477	629	663.5	634.5	507.5	-493.5
drug_102	609	757	774	683	782	435
drug_103	442.5	504.5	534	532	382	-700
drug_104	442.5	504.5	534	532	430	-700
drug_105	570.5	675.5	702	572.5	695	626.5
drug_106	442.5	504.5	534	532	723	-700
drug_107	477	629	663.5	634.5	-475.5	-436.5
drug_108	442.5	504.5	534	532	556.5	-700
drug_109	442.5	504.5	534	532	556.5	-700
drug_11	442.5	504.5	633.5	616	708	556
drug_110	-753	-740	-724.5	-590	-827.5	712.5
drug_111	-531	560	-576.5	-575.5	-732.5	504
drug_112	-659.5	-594.5	567.5	-664.5	-712.5	504
drug_113	-707.5	-515.5	-531	-721	-520.5	513
drug_114	-753	-740	-724.5	-590	-825	712.5
drug_115	-531	560	-576.5	-575.5	-731.5	504
drug_116	-664.5	-705.5	606	-517.5	-655	720
drug_117	-844	-764	-706.5	-639.5	-986	611
drug_118	-531	560	-576.5	-575.5	-733.5	504
drug_119	-655.5	-552.5	-661.5	-632.5	-689	471
drug_12	570.5	675.5	754	664	884	465
drug_120	-887	-823	-718.5	-764.5	-638	611
drug_121	-844	-764	-706.5	-639.5	-804.5	611
drug_122	-753	-740	-724.5	-590	-825	712.5
drug_123	-743	-729	-590.5	-583.5	-998	689.5
drug_124	-664.5	-705.5	606	-517.5	-833	720
drug_125	-738.5	-616.5	-665.5	-746.5	-649.5	471
drug_126	-655.5	-552.5	-661.5	-632.5	-689	471
drug_127	-537.5	-543.5	-712	-581.5	-760.5	563
drug_128	-753	-740	-724.5	-590	-822.5	712.5
drug_129	-707.5	-515.5	-531	-721	-521.5	513
drug_13	763.5	793.5	843.5	829.5	835	817.5
drug_130	477	629	744.5	-522	-794.5	531.5
drug_131	-863	-733	-580	-733	-549	-733
drug_132	-753	-740	-724.5	-590	-825	712.5
drug_133	-863	-733	-580	-733	-714.5	-733
drug_134	-537.5	-543.5	-712	-581.5	-759.5	563
drug_135	-664.5	-705.5	606	-517.5	-831.5	720
drug_136	-664.5	-705.5	606	-517.5	-834.5	720
drug_137	-844	-764	-706.5	-639.5	-642	611
drug_138	-753	-740	-724.5	-590	-657	712.5
drug_139	-655.5	-552.5	-661.5	-632.5	-690.5	471
drug_14	763.5	793.5	843.5	829.5	656.5	817.5
drug_140	-753	-740	-724.5	-590	-825	712.5
drug_141	477	629	744.5	-522	-793.5	531.5
drug_142	-1221.5	-1226.5	-1206.5	-1251.5	-1188	-722.5
drug_143	-1230.5	-1232.5	-1203.5	-1259.5	-1193	-758.5
drug_144	-1202.5	-1180.5	-1182	-1228	-1161	-746
drug_145	-1229	-1240	-1212	-1258	-1189	-749
drug_146	-1230.5	-1232.5	-1203.5	-1259.5	-1194	-758.5
drug_147	-1232.5	-1252.5	-1209.5	-1262.5	-1214	-753.5
drug_148	-1201	-1196	-1183	-1216	-1157	-721
drug_149	-1196	-1173	-1150	-1193	-1175	-738
drug_15	442.5	504.5	633.5	616	529.5	556
drug_150	-1225	-1207	-1205	-1254	-1210	-751
drug_151	-1200	-1163	-1176	-1188	-1110	-742
drug_152	-1090	-907	-1068	-879	-869	707
drug_153	-1221.5	-1226.5	-1206.5	-1251.5	-1187	-722.5
drug_154	-1223	-1202	-1185	-1250	-1198	-748
drug_155	-1220	-1195	-1181	-1249	-1160	-755
drug_156	847.5	777.5	-1111	1311	1295.5	1141.5
drug_157	-1232.5	-1252.5	-1209.5	-1262.5	-1215	-753.5
drug_158	-1228	-1255	-1208	-1261	-1216	-726
drug_159	-1224	-1234	-1213	-1253	-1192	-727
drug_16	763.5	793.5	843.5	829.5	656.5	817.5
drug_160	-1216.5	-1208.5	-1169	-1231	-1190	-739
drug_161	-1227	-1241	-1211	-1257	-1213	-745
drug_162	-1226	-1225	-1200	-1255	-1184	-756
drug_163	-1197	-1059	-1089	-1124	-995	740
drug_164	-1184	-1046	-1166	-1164	-1130	-740
drug_165	-950	-722	-1085	-676	-733	-613
drug_166	-1219	-1201	-1201	-1237	-1140	-743
drug_167	-928.5	-620.5	-812	-628	-599	620
drug_168	-1202.5	-1180.5	-1202	-1204	-1146	-719
drug_169	-1164	-1171	-1171	-1190	-1124	-707
drug_17	776	840	875.5	843.5	664.5	722.5
drug_170	-1160	-1178	-1199	-1191	-1139	-685
drug_171	-546	-588	696.5	-706	512.5	-508
drug_172	-776.5	-781.5	-802.5	-858.5	747	-608.5
drug_173	-844	-764	-714.5	-885.5	729.5	659.5
drug_174	-546	-588	696.5	-706	561	-508
drug_175	-776.5	-781.5	-802.5	-858.5	853.5	-608.5
drug_176	-546	-588	696.5	-706	512.5	-508
drug_177	-675	-718	-827.5	-740	765.5	585.5
drug_178	-844	-764	-714.5	-885.5	842	659.5
drug_179	-776.5	-781.5	-802.5	-858.5	913.5	-608.5
drug_18	763.5	793.5	843.5	829.5	705.5	817.5
drug_180	-546	-588	696.5	-706	802.5	-508
drug_181	-546	-588	696.5	-706	509	-508
drug_182	-675	-718	-827.5	-740	765.5	585.5
drug_183	570.5	675.5	754	664	-718	465
drug_184	-935.5	-846.5	-717.5	-936.5	650.5	776.5
drug_185	-641	-528	592.5	-767.5	410	507.5
drug_186	-844	-764	-714.5	-885.5	728.5	659.5
drug_187	-776.5	-781.5	-802.5	-858.5	747	-608.5
drug_188	-776.5	-781.5	-802.5	-858.5	747	-608.5
drug_189	-861.5	-839.5	-808.5	-890.5	747	-614.5
drug_19	763.5	793.5	843.5	829.5	711	817.5
drug_190	-776.5	-781.5	-802.5	-858.5	747	-608.5
drug_191	875	-482.5	-606	886	1015.5	795
drug_192	-546	-588	696.5	-706	687.5	-508
drug_193	570.5	675.5	754	664	884	465
drug_194	-776.5	-781.5	-802.5	-858.5	927	-608.5
drug_195	-683	-620	696.5	-781	691	-483.5
drug_196	-675	-718	-827.5	-740	765.5	585.5
drug_197	570.5	675.5	754	664	633.5	465
drug_198	-727	-700	-787.5	-798.5	754.5	-759.5
drug_199	1060.5	642.5	-111	989.5	1029.5	1150
drug_2	1023.5	1005.5	937.5	1072.5	1019.5	968.5
drug_20	763.5	793.5	843.5	829.5	656.5	817.5
drug_200	-675	-718	-827.5	-740	-943	585.5
drug_201	1003.5	1015.5	965.5	-980.5	-953.5	-974.5
drug_202	1003.5	1015.5	965.5	-980.5	982.5	-974.5
drug_203	992.5	1048.5	984.5	1026.5	-893.5	-958.5
drug_204	932	999	1034	938.5	880.5	-648.5
drug_205	1003.5	1015.5	958	1022	1111.5	-932
drug_206	932	999	1034	934.5	1128	-728.5
drug_207	-912	-910	-934	-957	-939.5	-954
drug_208	1003.5	1015.5	965.5	-980.5	1091	-974.5
drug_209	992.5	1048.5	984.5	1026.5	995	-958.5
drug_21	763.5	793.5	843.5	829.5	705.5	817.5
drug_210	1015	972	928	-992	1154.5	-950
drug_211	671.5	714.5	-818.5	701.5	-799.5	-640.5
drug_212	1003.5	1015.5	965.5	-980.5	-1130.5	-974.5
drug_213	1003.5	1015.5	965.5	-980.5	982.5	-974.5
drug_214	925	1043	1067	946	1135	-468.5
drug_215	1208.5	838.5	686	1256	1237.5	-639
drug_216	1003.5	1015.5	958	1022	1111.5	-932
drug_217	1003.5	1015.5	958	1022	914	-932
drug_218	1003.5	1015.5	965.5	-980.5	975.5	-974.5
drug_219	1003.5	1015.5	958	1022	1000	-932
drug_22	-698.5	-866.5	423.5	-760	-1007	-723
drug_220	1003.5	1015.5	965.5	-980.5	1087	-974.5
drug_221	1003.5	1015.5	965.5	-980.5	1142	-974.5
drug_222	1015	972	928	-992	-1106	-950
drug_223	992.5	1048.5	984.5	1026.5	-891.5	-958.5
drug_224	-912	-910	-934	-957	-940.5	-954
drug_225	992.5	1048.5	984.5	1026.5	-889.5	-958.5
drug_226	1219.5	805.5	-719	1200	1225.5	731
drug_227	1015	972	928	-992	988	-950
drug_228	1015	972	928	-992	-924	-950
drug_229	1003.5	1015.5	965.5	-980.5	-945	-974.5
drug_23	442.5	504.5	633.5	616	622	556
drug_230	1003.5	1015.5	965.5	-980.5	-950	-974.5
drug_231	988	961	1011.5	937.5	-814.5	-878.5
drug_232	1054	1065	902.5	1086.5	1137.5	-921.5
drug_233	1054	1065	910.5	1064.5	1153	-917.5
drug_234	1054	1065	910.5	1064.5	1041.5	-917.5
drug_235	1054	1065	910.5	1064.5	915	-917.5
drug_236	1054	1065	902.5	1086.5	1024.5	-921.5
drug_237	1043.5	1053.5	896.5	1067.5	1178	-934.5
drug_238	826.5	825.5	834.5	884.5	953	-898.5
drug_239	959.5	903	975.5	959.5	863.5	-912.5
drug_24	442.5	504.5	633.5	616	581.5	556
drug_240	826.5	825.5	848.5	874.5	-681	923.5
drug_241	-447	504.5	556	568.5	-385.5	-735.5
drug_242	959.5	903	975.5	959.5	737	-912.5
drug_243	-849.5	-792.5	-739.5	-853.5	-961	-888.5
drug_244	1326.5	1317.5	1152	1347	1306.5	825
drug_245	-881	828.5	868.5	-931.5	812.5	976.5
drug_246	944.5	932.5	989	1019.5	977	-890.5
drug_247	916.5	941.5	992	957.5	899.5	-800.5
drug_248	979	983	1035.5	995.5	918.5	-835.5
drug_249	1057.5	1083.5	972.5	1079.5	961.5	893.5
drug_25	570.5	-693	663.5	607	-749.5	646
drug_250	944.5	932.5	987.5	990.5	866.5	-868.5
drug_251	938.5	965.5	1029.5	1029.5	1034	-756.5
drug_252	1059.5	1079.5	932.5	1080.5	922	901.5
drug_253	1042	1058	906.5	1066.5	1010.5	-910.5
drug_254	1045.5	1072.5	952	1062.5	859	910.5
drug_255	1045.5	1072.5	913	1084	896.5	-856
drug_256	1045.5	1072.5	913	1084	1134.5	-856
drug_257	959.5	903	975.5	959.5	863.5	-912.5
drug_258	-735	-714	-811.5	778.5	699	-840.5
drug_259	844.5	852.5	869.5	881.5	851.5	-861.5
drug_26	-618	-663	544.5	-510.5	439.5	800.5
drug_260	886.5	953.5	1067	946	728	697.5
drug_261	899.5	919.5	1021	983	1110.5	833
drug_262	899.5	919.5	1021	983	944	833
drug_263	899.5	919.5	1021	983	1055.5	833
drug_264	1141	833	768.5	1175.5	1218.5	586
drug_265	899.5	919.5	1021	983	817.5	833
drug_266	899.5	919.5	1021	983	817.5	833
drug_267	886.5	953.5	1067	946	906.5	697.5
drug_268	899.5	919.5	1021	983	-955.5	833
drug_269	-697.5	-752.5	-784	578	-738	-706
drug_27	570.5	-693	663.5	607	-743.5	646
drug_270	899.5	919.5	1021	983	944	833
drug_271	899.5	919.5	1021	983	-950	833
drug_272	886.5	953.5	1067	946	906.5	697.5
drug_273	886.5	953.5	1067	946	906.5	697.5
drug_274	899.5	919.5	1021	983	949.5	833
drug_275	899.5	919.5	1021	983	944	833
drug_276	-483.5	629	-743	634.5	-752	-476
drug_277	899.5	919.5	1021	983	944	833
drug_278	-483.5	629	-743	634.5	-568.5	-476
drug_279	899.5	919.5	1021	983	1055.5	833
drug_28	570.5	-693	663.5	607	-930	646
drug_280	-697.5	-752.5	-784	578	-738	-706
drug_281	609	757	774	683	654.5	435
drug_282	-483.5	629	-743	634.5	-752	-476
drug_283	886.5	953.5	1067	946	1073	697.5
drug_284	-483.5	629	-743	634.5	634	-476
drug_285	477	629	663.5	634.5	756	403.5
drug_286	932	999	1021	983	1169.5	-684
drug_287	886.5	953.5	1067	946	826	697.5
drug_288	570.5	-693	663.5	607	-749.5	646
drug_289	932	999	1021	983	1003	-684
drug_29	570.5	-693	663.5	607	-749.5	646
drug_290	-592.5	-633.5	-669	-716	546	-535
drug_291	787.5	815.5	857.5	808.5	909.5	739.5
drug_292	787.5	815.5	857.5	808.5	806	739.5
drug_293	787.5	815.5	857.5	808.5	917.5	739.5
drug_294	787.5	815.5	857.5	808.5	806	739.5
drug_295	787.5	815.5	857.5	808.5	720	739.5
drug_296	570.5	675.5	715.5	-621.5	-508	634.5
drug_297	776	840	875.5	843.5	954.5	725
drug_298	787.5	815.5	857.5	808.5	806	739.5
drug_299	787.5	815.5	857.5	808.5	627.5	739.5
drug_3	1023.5	1005.5	937.5	1072.5	1131	968.5
drug_30	-618	-663	544.5	-510.5	-576	800.5
drug_300	787.5	815.5	857.5	808.5	964.5	739.5
drug_301	806	847	880	822	821	899
drug_302	787.5	815.5	857.5	808.5	671.5	739.5
drug_303	787.5	815.5	857.5	808.5	617	739.5
drug_304	-592.5	-633.5	-669	-716	460	-535
drug_305	787.5	815.5	857.5	808.5	806	739.5
drug_306	776	840	875.5	843.5	716.5	725
drug_307	787.5	815.5	857.5	808.5	720	739.5
drug_308	787.5	815.5	857.5	808.5	798	739.5
drug_309	787.5	815.5	857.5	808.5	679.5	739.5
drug_31	-618	-663	544.5	-510.5	-580.5	800.5
drug_310	-483.5	629	-743	634.5	737.5	-476
drug_311	806	847	880	822	930.5	899
drug_312	806	847	880	822	821	899
drug_313	806	847	880	822	819	899
drug_314	787.5	815.5	857.5	808.5	806	739.5
drug_315	787.5	815.5	857.5	808.5	806	739.5
drug_316	-483.5	629	-743	634.5	626	-476
drug_317	776	840	875.5	843.5	845.5	725
drug_318	787.5	815.5	857.5	808.5	627.5	739.5
drug_319	802.5	863.5	887.5	851.5	762.5	810.5
drug_32	570.5	-693	663.5	607	-743.5	646
drug_320	916.5	941.5	1049	1008	708.5	-677
drug_321	886.5	953.5	1067	946	728	697.5
drug_322	959.5	1033	1049	1008	927.5	-634.5
drug_323	916.5	941.5	1049	1008	708.5	-677
drug_324	916.5	941.5	1049	1008	760.5	-677
drug_325	959.5	1033	1049	1008	1089	-544.5
drug_326	916.5	941.5	1049	1008	892.5	-677
drug_327	916.5	941.5	1049	1008	1053.5	-677
drug_328	916.5	941.5	1049	1008	887	-677
drug_329	-664.5	-705.5	-752	765	-656.5	-601
drug_33	570.5	675.5	702	572.5	697	626.5
drug_330	959.5	1033	1049	1008	1034	-634.5
drug_331	825	547	475.5	912.5	913.5	644.5
drug_332	916.5	941.5	1049	1008	892.5	-677
drug_333	886.5	953.5	1067	946	1023.5	697.5
drug_334	916.5	941.5	1049	1008	756	-677
drug_335	-664.5	-705.5	-752	765	-839	-601
drug_336	916.5	941.5	1049	1008	887	-677
drug_337	886.5	953.5	1067	946	906.5	697.5
drug_338	916.5	941.5	1049	1008	760.5	-677
drug_339	886.5	953.5	1067	946	1018	697.5
drug_34	570.5	-693	663.5	607	-743.5	646
drug_340	916.5	941.5	1049	1008	887	-677
drug_341	886.5	953.5	1067	946	1018	697.5
drug_342	1090.5	666.5	-612	1135	947.5	1112
drug_343	-664.5	-705.5	-752	765	-659.5	-601
drug_344	701.5	734.5	738	776	-845	-462.5
drug_345	916.5	941.5	1049	1008	1004	-677
drug_346	959.5	1033	1049	1008	1034	-634.5
drug_347	-664.5	-705.5	-752	765	-838	-601
drug_348	959.5	1033	1049	1008	1034	-634.5
drug_349	-901	-843	825	-899	827.5	-873
drug_35	-618	-663	544.5	-510.5	641.5	800.5
drug_350	-901	-843	825	-899	-938	-873
drug_351	772.5	589.5	809.5	781.5	829.5	888.5
drug_352	-743	-729	630.5	-816	540.5	-746.5
drug_353	-890.5	-722.5	807.5	-866.5	813.5	907.5
drug_354	-901	-843	825	-899	-757.5	-873
drug_355	-901	-843	825	-899	827.5	-873
drug_356	1030	509	-539.5	1102.5	1088.5	1105.5
drug_357	-776.5	-781.5	-802.5	-858.5	742	-608.5
drug_358	-895	-871	-821.5	-911.5	835	-813.5
drug_359	-887	-823	-780.5	-874	-728.5	-859.5
drug_36	-618	-663	544.5	-510.5	-580.5	800.5
drug_360	-853.5	-814.5	-720.5	-829.5	-779.5	-876.5
drug_361	-901	-843	825	-899	-757.5	-873
drug_362	771	711	831.5	787.5	794.5	826.5
drug_363	-901	-843	825	-899	824	-873
drug_364	-887	-823	-780.5	-874	-730.5	-859.5
drug_365	-895	-871	-821.5	-911.5	-791	-813.5
drug_366	814	719	832.5	862.5	900	-877.5
drug_367	-895	-871	-821.5	-911.5	-626.5	-813.5
drug_368	-776.5	-781.5	-802.5	-858.5	742	-608.5
drug_369	-890.5	-722.5	807.5	-866.5	-694.5	907.5
drug_37	570.5	-693	663.5	607	-930	646
drug_370	-895	-871	-821.5	-911.5	835	-813.5
drug_371	-890.5	-722.5	807.5	-866.5	-876	907.5
drug_372	-835.5	719	821	873	839.5	896
drug_373	-924	-800	838.5	-921.5	905	-925.5
drug_374	-887	-823	-780.5	-874	897.5	-859.5
drug_375	640.5	-505.5	594.5	760	-530.5	-594.5
drug_376	-811.5	-599.5	-785.5	761.5	-716.5	-862.5
drug_377	1096	677	-652	1148	1097.5	1192
drug_378	-895	-871	-821.5	-911.5	835	-813.5
drug_379	442.5	504.5	556	520.5	657.5	-790.5
drug_38	609	757	774	683	492	435
drug_380	-456	504.5	556	-530	419.5	-689
drug_381	477	629	663.5	634.5	756	-642
drug_382	-456	504.5	556	-530	541.5	-689
drug_383	570.5	675.5	715.5	-621.5	-508	634.5
drug_384	-456	504.5	556	-530	551	-689
drug_385	477	629	663.5	634.5	634	-493.5
drug_386	609	757	774	683	-800	435
drug_387	-456	504.5	556	-530	546	-689
drug_388	570.5	675.5	715.5	-621.5	686.5	634.5
drug_389	-456	504.5	556	-530	424.5	-689
drug_39	609	757	774	683	-629.5	435
drug_390	570.5	675.5	715.5	-621.5	686.5	634.5
drug_391	570.5	675.5	715.5	-621.5	-508	634.5
drug_392	-456	504.5	556	-530	657.5	-689
drug_393	570.5	675.5	715.5	-621.5	-512.5	634.5
drug_394	-456	504.5	556	-530	546	-689
drug_395	477	629	663.5	634.5	466	-642
drug_396	477	629	663.5	634.5	811	-493.5
drug_397	442.5	504.5	534	532	664.5	-700
drug_398	609	757	774	683	-638.5	435
drug_399	570.5	675.5	715.5	-621.5	575	634.5
drug_4	1023.5	1005.5	937.5	1072.5	893	968.5
drug_40	-618	-663	544.5	-510.5	637	800.5
drug_400	609	757	774	683	782	435
drug_401	609	757	774	683	683	435
drug_402	-456	504.5	556	-530	546	-689
drug_403	836.5	874.5	-444.5	790.5	-654.5	926.5
drug_404	609	757	774	683	782	435
drug_405	825	547	475.5	912.5	920.5	644.5
drug_406	570.5	675.5	715.5	-621.5	741.5	634.5
drug_407	-1153.5	-974.5	-790.5	-1149.5	790.5	-620.5
drug_408	-1083.5	-895.5	-916.5	-1066.5	794.5	-585.5
drug_409	-1057.5	815.5	652.5	-1066.5	824	-603.5
drug_41	570.5	-693	663.5	607	-924	646
drug_410	-1083.5	-895.5	-916.5	-1066.5	-782	-585.5
drug_411	-1037	-888	732	-1070	692.5	-543
drug_412	-938	820.5	698	-1012	786.5	599
drug_413	-1017	-835	-957	-1024	-874	613
drug_414	-938	820.5	698	-1012	789	599
drug_415	-938	820.5	698	-1012	827.5	599
drug_416	-1094.5	-1034.5	-962.5	-1130.5	-831	-538.5
drug_417	-933	-804	786.5	-1021	741.5	-485
drug_418	-1014	-970	-1035	-1055.5	-915	-506
drug_419	-938	820.5	698	-1012	810	599
drug_42	-618	-663	544.5	-510.5	-580.5	800.5
drug_420	-830.5	-693.5	626	-814.5	-629	-414
drug_421	-930.5	820.5	662.5	-907	807.5	-493
drug_422	-1149.5	-1088.5	-924.5	-1160.5	-758.5	-572.5
drug_423	-1153.5	-974.5	-790.5	-1149.5	807	-620.5
drug_424	-1097.5	-938.5	-841.5	-1122.5	818	615.5
drug_425	-1094.5	-1034.5	-962.5	-1130.5	-867	-538.5
drug_426	-1097.5	-938.5	-841.5	-1122.5	801.5	615.5
drug_427	-938	820.5	698	-1012	786.5	599
drug_428	-1149.5	-1088.5	-924.5	-1160.5	-733	-572.5
drug_429	-1149.5	-1088.5	-924.5	-1160.5	-758.5	-572.5
drug_43	-618	-663	544.5	-510.5	-576	800.5
drug_430	-1131	-910	-730	-1129	627	-149
drug_431	-1149.5	-1088.5	-924.5	-1160.5	-760	-572.5
drug_432	-1057.5	815.5	652.5	-1066.5	805.5	-603.5
drug_433	-791.5	-884.5	-1030	-854	-955	-494
drug_434	-978.5	-1028.5	-1067	-1022.5	-955	-257
drug_435	-734.5	-654.5	640	-743	-678	-384
drug_436	-1094.5	-1034.5	-1031	-1115.5	-995.5	-602
drug_437	959.5	1033	1049	1008	922.5	-634.5
drug_438	959.5	1033	1049	1008	801	-634.5
drug_439	988	961	979.5	1046.5	1064	-820
drug_44	570.5	-693	663.5	607	776.5	646
drug_440	979	983	1001	1054	1045	-794
drug_441	979	983	1001	1054	1039	-794
drug_442	701.5	734.5	738	776	-698.5	-533.5
drug_443	959.5	1033	1049	1008	1034	-767
drug_444	979	983	1001	1054	878.5	-653
drug_445	671.5	714.5	612	758	519.5	-527
drug_446	959.5	1033	1049	1008	922.5	-634.5
drug_447	988	961	979.5	1046.5	897.5	-820
drug_448	1195	773	702.5	1283.5	1128.5	519.5
drug_449	979	983	1001	1054	984	-653
drug_45	824.5	843.5	398.5	653.5	642	932.5
drug_450	932	999	1009.5	993.5	1080.5	-485
drug_451	979	983	1001	1054	984	-653
drug_452	684.5	1255.5	1295.5	732.5	1182.5	-679
drug_453	938.5	965.5	981.5	991.5	1084	-708.5
drug_454	932	999	1009.5	993.5	915.5	-644.5
drug_455	979	983	1001	1054	752	-653
drug_456	979	983	1001	1054	786.5	-653
drug_457	979	983	1001	1054	990	-653
drug_458	979	983	1001	1054	1039	-653
drug_459	979	983	1001	1054	990	-653
drug_46	570.5	-693	663.5	607	615	646
drug_460	932	999	1009.5	993.5	735.5	-485
drug_461	988	961	979.5	1046.5	811.5	-867.5
drug_462	979	983	1032	996.5	843.5	-854.5
drug_463	671.5	714.5	612	758	-521	-527
drug_464	979	983	1001	1054	878.5	-794
drug_465	959.5	1033	1049	1008	927.5	-767
drug_466	-748	-1193	-1209.5	822.5	-1222.5	-1222.5
drug_467	714.5	-696.5	-1066.5	920	-1201.5	1061
drug_468	-683.5	-1138.5	-1196	-706	-1180	-1193
drug_469	689.5	-684.5	-1097	953	-1170.5	-779.5
drug_47	570.5	-693	663.5	607	-743.5	646
drug_470	-1223	-1293	-1271	-1303	-1298	-1253
drug_471	714.5	-696.5	-1066.5	920	-1202.5	1061
drug_472	-748	-1193	-1209.5	822.5	-1224	-1222.5
drug_473	-733.5	-1182.5	-1222	830	-1238	-1177
drug_474	-733.5	-1182.5	-1222	830	-1254.5	-1177
drug_475	-748	-1193	-1209.5	822.5	-1235	-1222.5
drug_476	-748	-1193	-1209.5	822.5	-1241	-1222.5
drug_477	-669.5	-1143.5	-1188	-674	-1242.5	-1155
drug_478	-733.5	-1182.5	-1222	830	-1244.5	-1177
drug_479	-748	-1193	-1209.5	822.5	-1237.5	-1222.5
drug_48	570.5	675.5	576	-727	-589.5	573
drug_480	-730.5	-1175.5	-1203	-714	-1225.5	-1204
drug_481	774.5	-1185	-1176.5	822.5	-1247	-1214.5
drug_482	-730.5	-1175.5	-1203	-714	-1225.5	-1204
drug_483	-707.5	-1150.5	-1219	-686	-1252.5	-1152
drug_484	-748	-1193	-1209.5	822.5	-1226.5	-1222.5
drug_485	-748	-1193	-1209.5	822.5	-1241	-1222.5
drug_486	774.5	-1185	-1176.5	822.5	1238	-1214.5
drug_487	-748	-1193	-1209.5	822.5	-1219	-1222.5
drug_488	-730.5	-1175.5	-1203	-714	-1225.5	-1204
drug_489	-748	-1193	-1209.5	822.5	-1232.5	-1222.5
drug_49	-592.5	-633.5	494	-841.5	607.5	760.5
drug_490	-683.5	-1138.5	-1196	-706	-1188.5	-1193
drug_491	825	1274	-1178	865	1279.5	-1240
drug_492	-748	-1193	-1209.5	822.5	-1230	-1222.5
drug_493	698	1178	1220.5	742	1211.5	-1021
drug_494	659	-646.5	-1056	1070.5	-1156.5	848.5
drug_495	667.5	1106.5	1220.5	742	1168	1083.5
drug_496	-703.5	-1117.5	1220.5	742	1165	1083.5
drug_5	1039	1060	937.5	1072.5	909.5	945
drug_50	-592.5	-633.5	494	-841.5	-651	760.5
drug_51	-592.5	-633.5	494	-841.5	-454.5	760.5
drug_52	570.5	675.5	715.5	-621.5	681	634.5
drug_53	786.5	465.5	277.5	948.5	725	782.5
drug_54	806.5	913.5	261.5	937.5	-377.5	836.5
drug_55	570.5	675.5	576	-727	-586	573
drug_56	-592.5	-633.5	494	-841.5	-457	760.5
drug_57	-592.5	-633.5	494	-841.5	-466	760.5
drug_58	-592.5	-633.5	494	-841.5	-461	760.5
drug_59	-592.5	-633.5	494	-841.5	-470.5	760.5
drug_6	1023.5	1005.5	937.5	1072.5	1019.5	968.5
drug_60	570.5	675.5	576	-727	-584.5	573
drug_61	-592.5	-633.5	494	-841.5	-646.5	760.5
drug_62	570.5	675.5	576	-727	-773.5	573
drug_63	-592.5	-633.5	494	-841.5	607.5	760.5
drug_64	-592.5	-633.5	494	-841.5	537	760.5
drug_65	-592.5	-633.5	494	-841.5	-457	760.5
drug_66	-592.5	-633.5	494	-841.5	-461	760.5
drug_67	-592.5	-633.5	494	-841.5	-466	760.5
drug_68	-592.5	-633.5	494	-841.5	-466	760.5
drug_69	570.5	675.5	576	-727	-589.5	573
drug_7	877.5	890.5	1021	933	743	854
drug_70	-592.5	-633.5	494	-841.5	-466	760.5
drug_71	-592.5	-633.5	494	-841.5	545.5	760.5
drug_72	786.5	465.5	417	792	829.5	844
drug_73	570.5	675.5	715.5	-621.5	-693	634.5
drug_74	-592.5	-633.5	494	-841.5	-461	760.5
drug_75	570.5	675.5	576	-727	-770	573
drug_76	570.5	675.5	576	-727	-421.5	573
drug_77	-592.5	-633.5	494	-841.5	545.5	760.5
drug_78	570.5	675.5	576	-727	-770	573
drug_79	-671	-832	465.5	436	-421	734.5
drug_8	1039	1060	937.5	1072.5	1147.5	945
drug_80	-573	675.5	576	-778	585.5	573
drug_81	-592.5	-633.5	494	-841.5	-457	760.5
drug_82	477	629	663.5	634.5	-676	-493.5
drug_83	442.5	504.5	534	532	727	-700
drug_84	442.5	504.5	534	532	430	-700
drug_85	442.5	504.5	534	532	560.5	-700
drug_86	570.5	675.5	702	572.5	584.5	626.5
drug_87	477	629	663.5	634.5	644.5	-493.5
drug_88	477	629	663.5	634.5	518	-493.5
drug_89	442.5	504.5	534	532	553	-700
drug_9	1023.5	1005.5	937.5	1072.5	1131	968.5
drug_90	609	757	774	683	-624	435
drug_91	477	629	663.5	634.5	737.5	-493.5
drug_92	609	757	774	683	849.5	435
drug_93	477	629	663.5	634.5	518	-493.5
drug_94	477	629	663.5	634.5	518	-493.5
drug_95	477	629	663.5	634.5	626	-493.5
drug_96	477	629	663.5	634.5	507.5	-493.5
drug_97	609	757	774	683	782	435
drug_98	477	629	663.5	634.5	800.5	-493.5
drug_99	477	629	663.5	634.5	745.5	-493.5
Enalapril	-1093.5	-1103.5	-1263	-1034	-1238	1185
Eprosartan	1037.5	1119.5	1190	1146	1007	1278
Esmolol	-1185.5	-1280.5	-1249	-1290	-1288	-1249
Etacrynic_acid	-769.5	-765.5	-717	-917.5	-774.5	964
Etilefrine	1295	1282	1346	1296	1267	-1087
Ezetimibe	1076	1097	-644	514	540.5	1144
Felodipine	354	-718.5	-992	451	859	240.5
Fenofibrate	415.5	515.5	-627	486.5	561.5	994.5
Fenoldopam	-838	-969	-938.5	-890.5	-993	772.5
Gemfibrozil	-925.5	-864.5	-980	-897	-776	-826
Hydroflumethiazide	1134	700	665	672	1138	-995
Iloprost	-1105.5	483	-1223	468	-582	1186
Indapamide	-1224	-1292	-688	-1076	-1272	-1245
Irbesartan	960.5	528	-772	453	189	1166
Isradipine	-1200	652	-1237	-1065	666	1217
Labetalol	-791	-792	-813	-771	420	618
Losartan	1049.5	1073.5	-180	940	-406	1267
Lovastatin	959	991	1076	1017	865	-1067
Menadione	445.5	-567.5	-1077	-452.5	-614	967
Mephentermine	585	605	1002	225	-635	719
Metolazone	-1149.5	-1203.5	-1279	-1254	-1272	-1339
Metoprolol	-680.5	-757.5	-998	285	-776	787.5
Midodrine	1040	999	-533	706.5	-731	1252
Milrinone	360.5	-571.5	-770	392.5	-822	-459
Moexipril	1073.5	1067.5	650	733	1066	1338
Nadolol	-705.5	-672.5	-718	-651	-117	1113
Niacin	390.5	-731.5	-765	927.5	-879.5	868.5
Nicardipine	-252.5	-879.5	-1033.5	-315.5	-875	692.5
Nicotinyl_alcohol	-962.5	-796.5	-744	-899	-706	-712
Nifedipine	592.5	642.5	1141	-725.5	1091.5	1143
Nimodipine	805	748	750.5	1114	976.5	-1130
Nitrendipine	-998	-978	721.5	-952.5	-939	1246.5
Nitrofural	1078	1137	-851	1138.5	1002.5	1218.5
Olmesartan	-771.5	-489.5	-619	-65	-567	1133
Ouabain	995.5	1053.5	915.5	797	855	1238
Oxprenolol	687.5	730.5	888.5	695	685	1034
Perindopril	435.5	380.5	-792.5	-623.5	-666	-891.5
Pindolol	-569	452	700	-799	171	379
Piretanide	1319	1361	1339	1331	1336	1312
Practolol	513	-660	1031.5	536.5	966	704.5
Pravastatin	1089	1144	898	1093.5	912.5	1267
Probucol	897	-980	1087.5	-1040	-1218	-1161
Propranolol	-671.5	-730.5	-994	-691	-777	-873
Quinapril	-400	-350.5	-653.5	-669	-896	-948.5
Quinethazone	732.5	-619	388	100.5	-675	-1200
Ramipril	-1186.5	-1132.5	-1011	-1024.5	-1077	1191
Rivaroxaban	1114.5	1121.5	647	-955.5	1005	1268
Rosuvastatin	968	966	981	1098	778	-1001
Simvastatin	-296.5	-631.5	904	-105	-641	528.5
Sotalol	1054	1083	1161	-755	1101	1246
Spironolactone	-1141.5	-926.5	-1262	-783	-1279	-1379
Synephrine	-986.5	-1078.5	-908	-875	-1000.5	-1083
Telmisartan	-846.5	-636.5	277.5	-643	-639	1178
Ticlopidine	580	613	721.5	1088.5	1035	1217.5
Tienilic_acid	-1175	-1128	-1241.5	-1229	727	-1275
Timolol	-705.5	753.5	888.5	778.5	853.5	777.5
Torasemide	-518.5	-653.5	-1024.5	127.5	-717	273.5
Treprostinil	-556.5	-967.5	-1188	-584.5	-1083.5	1191
Triamterene	-158	-534	-805	-71.5	-513.5	732
Valsartan	845	951	1075	974	-877	947
Warfarin	-1070.5	-1207.5	-1273	-1070.5	-1068	-1186
