ad	density	cc	spath	eigencentr	betwcentr
10127622	723	783	852	871.5	762	1227
10184653	1133	1189.5	1328.5	1155	1099	742.5
10607	965	706	592	966	1189	746
119607	910.5	701.5	-720	1136	-767	-784
119828	-218.5	-637.5	1027	-581.5	-655.5	-409.5
123631	399	-351	-393.5	480	-286	-425
12560	-1260.5	-863.5	-1327	517.5	-945	-694
135398744	-1359	-1329	732	-1364	-1382	1230
13791	1061	1032	868	1222	1169	-638
149096	687.5	-451	-298	793	667	-806
16231	-1349	-1292	863	-1358.5	823	-1352.5
176870	-586	-681	792.5	580	602	692.5
19493	-854.5	857.5	855	933	1171	-835
2153	1177	-814.5	-792	1198	-825	1326
2244	-439	-449	-1032.5	-456.5	-426.5	-291.5
2520	-647.5	958	1009.5	765.5	810	716.5
2540	-1357	-1359	-1346	-1347	-1331	1134
2554	865	1116	1150	1098	1146.5	930
2581	1178.5	952.5	975	1195	753	1112
2724385	-625.5	524	718.5	714.5	859.5	612.5
2733526	1147.5	850.5	884	940	1220	907
2796	-1283.5	-1252.5	1268	-1297	-967	791
2907	953	895	847	1000.5	854.5	1227.5
3016	1167	835	-1058.5	1153	-1030	676.5
3019	929.5	-861.5	-707	-848	-1346	1099
3034010	1033	962	-537	723	-727	-1189
3059	937	662	-824	932	381	977
31307	880	912.5	938.5	1122.5	-793	-782.5
3182	1227	1218	1229	1228	1238	1347
3308	-862.5	-864.5	1000	-862	-572	449
3394	-763.5	-645.5	584	-669	-714	-750
3463	-740.5	-824.5	-856.5	1092	-809.5	-751.5
36462	-771	1129.5	1204	1243.5	1291	838
3690	339.5	1051.5	1024	990	776.5	-492.5
3715	-649	-676	-757	-619.5	-435	980
3825	-765.5	1114.5	-763	1139.5	969.5	-646
3869	874.5	-478.5	220.5	-627	-751	-514
39147	727	689	727	824.5	-1225	-430
392622	-791	-799	-771.5	-715.5	-828	-782.5
39912	1099	1170	1071	1175	1198.5	-715.5
4030	-656.5	-447.5	983.5	-678	521	965
4037	850	1096	-795	1097	1076.5	675
4044	-617	1092.5	1157	1057	836	-686
4173	1311	1322	1281	1253	1289.5	243
41774	-495	199	427.5	-157	-152.5	608.5
41867	-613	-613	736.5	779.5	-1032	-692
42611257	847	-711	-725	1119.5	-769	-759
4369359	1079.5	819.5	990	1005	797	-684.5
4409	768.5	834.5	830	1026	895	1207
44093	1312.5	1240.5	665.5	681.5	1228	1338.5
441243	-779.5	-791.5	-716	-759	-964	-354
441401	607	551	674	665	-66	759
444795	1301	854	566	820	1261	1321
445643	1204	1216	725	-1003	1199	1304
449171	-1249	-1010	785	-1289.5	-1035	1165
4497	1160	972	-836	908	-535	-629
451668	-1341	-1358	-1338	-1349.5	-1367	-760
4583	559.5	1102.5	816.5	554.5	1110	764.5
4614	-405	460	965.5	-314	427.5	573.5
4680	-696	-655	-676	-573.5	-618.5	794.5
4740	-1246	-964	-1021.5	-1273	-1064	-750
4781	-1181.5	-1002.5	875	-1227	-1062	671
4814	1361	1363	1341	1350	1384	1372
4848	-717	-777	-772.5	-640.5	-803	-595.5
4913	838	1098	931	1094	1093.5	688
5070	-218.5	1024.5	1085.5	977.5	1042.5	-409.5
5073	-712.5	-692.5	-669.5	538.5	878	744
5090	719	768	1005	892	947.5	711
5280805	-1116.5	-877.5	573.5	-540	-1060	552.5
5280961	952.5	675.5	-666	-680.5	1205	1223
5282379	820.5	694.5	574.5	835.5	-696	702.5
5330286	-1060.5	1108	1040	989	-1314	660
5405	-731	-781	-671.5	-734	-686.5	-622.5
54585	584	778	889	801	846	701
5509	927.5	859.5	1222	1110.5	1090	696
55245	-639.5	1099	1013.5	-797	1131.5	-722
5591	995	-834.5	-790.5	1178.5	-1064	-681.5
5593	-218.5	1024.5	1085.5	977.5	1042.5	-409.5
57363	694	849	903	833.5	854	751
5743	-632	814.5	823.5	785.5	868.5	-731
5770	771	-725.5	-559.5	1127	1162	608.5
5832	586.5	859.5	1121.5	909.5	859	705.5
5994	899	896	878	983.5	837.5	669.5
60606	-446.5	814.5	983	833.5	-770	-615
60726	1223	1198	1185	1188.5	1288	1342
60750	1120.5	896.5	947.5	1135.5	-809	-843
64143	-674	-669	835	-656.5	-740	-752
6741	-1189.5	-1229	-849	-965.5	-1311	-897
77999	-606.5	-636.5	-711	1057	681	-590
84029	-1363	-1369	-1363	-1378	1362	1016
89594	-329	-471	881.5	569.5	875	721.5
9875401	-634	555	686	566	562.5	-848
9926791	1350	1356	1333	684	1325	1372
Acebutolol	-1359	-1348	-1370	-1309	-1367	-838
Acetylsalicylic_acid	-439	-449	-1032.5	-456.5	424.5	-291.5
Alprenolol	325	-555.5	-571.5	-498.5	1017.5	885
Amiloride	-1349	-1292	863	-1358.5	821	-1352.5
Amlodipine	-530	638.5	721	777	-817.5	-723
Atenolol	870	-1172.5	-1245.5	-1138.5	1151.5	-1024.5
Atorvastatin	1135	1185	1184.5	1149.5	921	1226.5
Benazepril	-301	1024.5	1085.5	977.5	1051	333.5
Bendroflumethiazide	-702	1246.5	1261.5	1212.5	1265	-750
Betaxolol	891.5	546.5	1002.5	847.5	-606	-699
Bezafibrate	-1351	-1346	-1334	-1361	1111	-1327
Bisoprolol	-1371.5	-1376.5	-1316	-1387	-869	-1383
Bumetanide	1100.5	898.5	-779	1140.5	698	-645
Canrenoic_acid	1179	1099	1278	844	1122	967
Captopril	1312.5	1240.5	665.5	681.5	1225	1338.5
Carteolol	544	1109	1159.5	631	1122	718.5
Carvedilol	692.5	822.5	-748.5	801	619	1046
Cerivastatin	1200.5	-804	-724	-1098	-1036	693
Chlorhexidine	-1313	-1345	-1322	-1303	-1333.5	794
Chlorthalidone	890.5	765.5	-440.5	519.5	605.5	1057.5
Cilnidipine	1294	720	711	947	696	676
Cilostazol	-758	-569	862	-601	-393	1201
Clofibrate	-1283.5	-1252.5	1268	-1297	-968	791
Clopidogrel	-446.5	814.5	983	833.5	-723	-615
Cyclopenthiazide	-614.5	640	655.5	804	-800.5	-746
DB00162	562	587	1017.5	564.5	863.5	1100.5
DB00175	1238.5	927.5	670	1324.5	-1327.5	1117
DB00252	-696	1092.5	955.5	1070.5	955	-736
DB00465	1165.5	854.5	403	683	1208	721
DB00472	-1111.5	-813.5	-806	949.5	-1067	-651
DB00502	1168	1192	1066	890	1236	1267
DB00586	1152.5	1159	1262	691.5	829	779
DB00717	1109.5	859.5	713	855	862	985
DB00762	1356	1338	1369	1337	1240	1123
DB00788	-1019	-1016	-1038	-1204.5	840	-1259
DB00867	-855.5	-1173.5	-1246.5	-1136.5	981.5	-1017.5
DB00997	1228	1235	1350	1244	1087	326
DB01050	860	1107	715	1101	1071	915
DB01132	1163	1157	1107	1268	1025	795
DB01148	-328	-622	935	-599.5	747.5	665
DB08911	-701	-669	-698.5	636.5	-749	-666.5
Digoxin	-625.5	524	718.5	714.5	860.5	612.5
Dipyridamole	-1291	-1300	-1326	-1294	-783	-1301
Dobutamine	-691	-645	-435	-728.5	-699	-829.5
Dopamine	-595	814.5	1011	910	-752	-580.5
drug_1	-1002.5	1213.5	1161.5	1190.5	-926	-451.5
drug_10	-926	1254.5	1180	-1189.5	959.5	-342.5
drug_100	-898	-879	-904.5	-906.5	-840.5	-605.5
drug_101	-898	-879	-904.5	-906.5	-759	-605.5
drug_102	-898	-879	-904.5	-906.5	772	-605.5
drug_103	-916.5	-652.5	-685.5	-613	570.5	-652.5
drug_104	-916.5	-652.5	-685.5	-613	-563	-652.5
drug_105	-916.5	-652.5	-685.5	-613	-567.5	-652.5
drug_106	-898	-879	-904.5	-906.5	-763	-605.5
drug_107	-898	-879	-904.5	-906.5	-759	-605.5
drug_108	-916.5	-652.5	-685.5	-613	-485.5	-652.5
drug_109	-898	-879	-904.5	-906.5	-759	-605.5
drug_11	-1019.5	-1221.5	1202.5	1235	-1283	-817.5
drug_110	-585	-553	-722.5	459.5	-545.5	1056
drug_111	-502.5	-784.5	-854.5	-732.5	-648	-915.5
drug_112	-502.5	-784.5	-854.5	-732.5	-749.5	-915.5
drug_113	-502.5	-784.5	-854.5	-732.5	-755	-915.5
drug_114	-502.5	-784.5	-854.5	-732.5	-749.5	-915.5
drug_115	-502.5	-784.5	-854.5	-732.5	-733	-915.5
drug_116	-585	-553	-722.5	459.5	-582	1056
drug_117	-502.5	-784.5	-854.5	-732.5	-756.5	-915.5
drug_118	-502.5	-784.5	-854.5	-732.5	739.5	-915.5
drug_119	-502.5	-784.5	-854.5	-732.5	-648	-915.5
drug_12	-1019.5	-1221.5	1202.5	1235	-1283	-817.5
drug_120	-502.5	-784.5	-854.5	-732.5	-755	-915.5
drug_121	-585	-553	-722.5	459.5	-550.5	1056
drug_122	-502.5	-784.5	-854.5	-732.5	-632.5	-915.5
drug_123	-502.5	-784.5	-854.5	-732.5	657.5	-915.5
drug_124	-502.5	-784.5	-854.5	-732.5	-868	-915.5
drug_125	-502.5	-784.5	-854.5	-732.5	-755	-915.5
drug_126	-502.5	-784.5	-854.5	-732.5	-733	-915.5
drug_127	-585	-553	-722.5	459.5	-660	1056
drug_128	-585	-553	-722.5	459.5	-537	1056
drug_129	-585	-553	-722.5	459.5	-612.5	1056
drug_13	-1002.5	1213.5	1161.5	1190.5	-943.5	-451.5
drug_130	-502.5	-784.5	-854.5	-732.5	-755	-915.5
drug_131	-502.5	-784.5	-854.5	-732.5	-820.5	-915.5
drug_132	-585	-553	-722.5	459.5	-565	1056
drug_133	-502.5	-784.5	-854.5	-732.5	739.5	-915.5
drug_134	-585	-553	-722.5	459.5	-550.5	1056
drug_135	-502.5	-784.5	-854.5	-732.5	-802.5	-915.5
drug_136	-502.5	-784.5	-854.5	-732.5	-755	-915.5
drug_137	-502.5	-784.5	-854.5	-732.5	-795	-915.5
drug_138	-585	-553	-722.5	459.5	-644	1056
drug_139	-502.5	-784.5	-854.5	-732.5	-688	-915.5
drug_14	-1019.5	-1221.5	1202.5	1235	-1289.5	-817.5
drug_140	-585	-553	-722.5	459.5	-505.5	1056
drug_141	-502.5	-784.5	-854.5	-732.5	-842.5	-915.5
drug_142	828	-577.5	-665.5	-576.5	-524.5	881.5
drug_143	-730	-1034	-1097	-984	-1078.5	-717
drug_144	-812.5	-802.5	-965	766	-831.5	-836
drug_145	895	791	-842.5	-770.5	833.5	659.5
drug_146	-812.5	-802.5	-965	766	-718	-836
drug_147	828	-577.5	-665.5	-576.5	-621	881.5
drug_148	828	-577.5	-665.5	-576.5	-528.5	881.5
drug_149	-730	-1034	-1097	-984	-974	-717
drug_15	-926	1254.5	1180	-1189.5	940	-342.5
drug_150	895	791	-842.5	-770.5	768.5	659.5
drug_151	895	791	-842.5	-770.5	665.5	659.5
drug_152	-730	-1034	-1097	-984	-892.5	-717
drug_153	-730	-1034	-1097	-984	934	-717
drug_154	-730	-1034	-1097	-984	1027	-717
drug_155	895	791	-842.5	-770.5	869.5	659.5
drug_156	895	791	-842.5	-770.5	732.5	659.5
drug_157	895	791	-842.5	-770.5	794.5	659.5
drug_158	895	791	-842.5	-770.5	768.5	659.5
drug_159	-812.5	-802.5	-965	766	-823	-836
drug_16	-1019.5	-1221.5	1202.5	1235	-1283	-817.5
drug_160	895	791	-842.5	-770.5	768.5	659.5
drug_161	-730	-1034	-1097	-984	-997.5	-717
drug_162	895	791	-842.5	-770.5	794.5	659.5
drug_163	828	-577.5	-665.5	-576.5	518	881.5
drug_164	-730	-1034	-1097	-984	-974	-717
drug_165	895	791	-842.5	-770.5	768.5	659.5
drug_166	895	791	-842.5	-770.5	830.5	659.5
drug_167	895	791	-842.5	-770.5	732.5	659.5
drug_168	828	-577.5	-665.5	-576.5	451	881.5
drug_169	895	791	-842.5	-770.5	768.5	659.5
drug_17	-1019.5	-1221.5	1202.5	1235	-1268.5	-817.5
drug_170	895	791	-842.5	-770.5	869.5	659.5
drug_171	1108	1042	920	1037	990.5	-543.5
drug_172	1131	1105	954.5	-1075	1038.5	-508
drug_173	1057	1012	909.5	1089	1074.5	-1002.5
drug_174	1100	1017	903.5	1050	1044.5	-627.5
drug_175	1131	1105	954.5	-1075	1139.5	-508
drug_176	1108	1042	920	1037	995.5	-543.5
drug_177	1108	1042	927.5	1037	966.5	607.5
drug_178	-1083	-1125	-1004.5	-1127.5	1127.5	-789.5
drug_179	1131	1105	954.5	-1075	1050	-508
drug_18	-967.5	-1243.5	1217	-1242	-1190	-624
drug_180	1108	1042	927.5	1037	1021.5	607.5
drug_181	1131	1105	954.5	-1075	1028	-508
drug_182	1131	1105	954.5	-1075	1129	-508
drug_183	1108	1042	920	1037	1101.5	-543.5
drug_184	1131	1105	954.5	-1075	1038.5	-508
drug_185	1108	1042	920	1037	1096.5	-543.5
drug_186	-1097	1032	931	1081.5	1014	-867
drug_187	1131	1105	954.5	-1075	1038.5	-508
drug_188	1108	1042	920	1037	995.5	-543.5
drug_189	1108	1042	927.5	1037	1124	607.5
drug_19	-926	1254.5	1180	-1189.5	934	-342.5
drug_190	1131	1105	954.5	-1075	982	-508
drug_191	-1010.5	1191.5	1145.5	-1205	916	-238
drug_192	1108	1042	920	1037	1053.5	-543.5
drug_193	1131	1105	954.5	-1075	1038.5	-508
drug_194	1131	1105	954.5	-1075	1028	-508
drug_195	1131	1105	954.5	-1075	1050	-508
drug_196	1108	1042	920	1037	995.5	-543.5
drug_197	1108	1042	920	1037	1096.5	-543.5
drug_198	1131	1105	954.5	-1075	1151	-508
drug_199	-1083	-1125	-1004.5	-1127.5	1171.5	-789.5
drug_2	-926	1254.5	1180	-1189.5	948	-342.5
drug_20	-926	1254.5	1180	-1189.5	929.5	-342.5
drug_200	-1097	1032	931	1081.5	1115	-867
drug_201	-502.5	-784.5	-854.5	-732.5	657.5	-915.5
drug_202	-502.5	-784.5	-854.5	-732.5	-842.5	-915.5
drug_203	-585	-553	-722.5	459.5	-627	1056
drug_204	-502.5	-784.5	-854.5	-732.5	-754	-915.5
drug_205	-585	-553	-722.5	459.5	-520	1056
drug_206	-585	-553	-722.5	459.5	-644	1056
drug_207	-502.5	-784.5	-854.5	-732.5	-781	-915.5
drug_208	-502.5	-784.5	-854.5	-732.5	724	-915.5
drug_209	-585	-553	-722.5	459.5	-550.5	1056
drug_21	-1002.5	1213.5	1161.5	1190.5	-926	-451.5
drug_210	-585	-553	-722.5	459.5	-644	1056
drug_211	-502.5	-784.5	-854.5	-732.5	-749.5	-915.5
drug_212	-502.5	-784.5	-854.5	-732.5	657.5	-915.5
drug_213	-502.5	-784.5	-854.5	-732.5	-693	-915.5
drug_214	-502.5	-784.5	-854.5	-732.5	739.5	-915.5
drug_215	-502.5	-784.5	-854.5	-732.5	-802.5	-915.5
drug_216	-585	-553	-722.5	459.5	-520	1056
drug_217	-502.5	-784.5	-854.5	-732.5	-802.5	-915.5
drug_218	-502.5	-784.5	-854.5	-732.5	-749.5	-915.5
drug_219	-502.5	-784.5	-854.5	-732.5	-802.5	-915.5
drug_22	558.5	1113.5	780.5	569.5	846	269.5
drug_220	-502.5	-784.5	-854.5	-732.5	-733	-915.5
drug_221	-585	-553	-722.5	459.5	-627	1056
drug_222	-502.5	-784.5	-854.5	-732.5	-802.5	-915.5
drug_223	-502.5	-784.5	-854.5	-732.5	-693	-915.5
drug_224	-502.5	-784.5	-854.5	-732.5	-693	-915.5
drug_225	-585	-553	-722.5	459.5	-565	1056
drug_226	-502.5	-784.5	-854.5	-732.5	-755	-915.5
drug_227	-502.5	-784.5	-854.5	-732.5	-693	-915.5
drug_228	-585	-553	-722.5	459.5	-565	1056
drug_229	-502.5	-784.5	-854.5	-732.5	-755	-915.5
drug_23	-1019.5	-1221.5	1202.5	1235	-1288	-817.5
drug_230	-502.5	-784.5	-854.5	-732.5	739.5	-915.5
drug_231	-812.5	-802.5	-965	766	-695	-836
drug_232	895	791	-842.5	-770.5	810.5	659.5
drug_233	895	791	-842.5	-770.5	833.5	659.5
drug_234	-730	-1034	-1097	-984	-1022	-717
drug_235	828	-577.5	-665.5	-576.5	-528.5	881.5
drug_236	895	791	-842.5	-770.5	833.5	659.5
drug_237	895	791	-842.5	-770.5	768.5	659.5
drug_238	-812.5	-802.5	-965	766	-806	-836
drug_239	-730	-1034	-1097	-984	914.5	-717
drug_24	-1019.5	-1221.5	1202.5	1235	-1278	-817.5
drug_240	-730	-1034	-1097	-984	-990.5	-717
drug_241	895	791	-842.5	-770.5	768.5	659.5
drug_242	-730	-1034	-1097	-984	-974	-717
drug_243	-730	-1034	-1097	-984	-901.5	-717
drug_244	-730	-1034	-1097	-984	944	-717
drug_245	-730	-1034	-1097	-984	944	-717
drug_246	895	791	-842.5	-770.5	712	659.5
drug_247	-730	-1034	-1097	-984	-974	-717
drug_248	-730	-1034	-1097	-984	-1022	-717
drug_249	895	791	-842.5	-770.5	732.5	659.5
drug_25	537.5	-498	700.5	-566.5	-853	733.5
drug_250	-730	-1034	-1097	-984	-974	-717
drug_251	-730	-1034	-1097	-984	-934	-717
drug_252	-730	-1034	-1097	-984	-990.5	-717
drug_253	-730	-1034	-1097	-984	-1062	-717
drug_254	895	791	-842.5	-770.5	768.5	659.5
drug_255	-730	-1034	-1097	-984	-934	-717
drug_256	895	791	-842.5	-770.5	833.5	659.5
drug_257	895	791	-842.5	-770.5	833.5	659.5
drug_258	-730	-1034	-1097	-984	-885.5	-717
drug_259	895	791	-842.5	-770.5	768.5	659.5
drug_26	-612.5	-803.5	889.5	-729.5	-1181.5	-793
drug_260	-632	-374	-398	-471.5	-545	1102
drug_261	-689	-403	-505	-348.5	-605	-1197
drug_262	674	-472	-600	-519	485	919
drug_263	-730.5	-679.5	-695.5	-669	-783	-1080.5
drug_264	-632	-374	-398	-471.5	-500.5	1102
drug_265	-632	-374	-398	-471.5	-497.5	1102
drug_266	-730.5	-679.5	-695.5	-669	-787.5	-1080.5
drug_267	-632	-374	-398	-471.5	-500.5	1102
drug_268	-689	-403	-505	-348.5	-543	-1197
drug_269	-632	-374	-398	-471.5	462	1102
drug_27	537.5	-498	700.5	-566.5	-883	733.5
drug_270	-632	-374	-398	-471.5	-494.5	1102
drug_271	-632	-374	-398	-471.5	462	1102
drug_272	-632	-374	-398	-471.5	-542	1102
drug_273	-730.5	-679.5	-695.5	-669	-781.5	-1080.5
drug_274	674	-472	-600	-519	508	919
drug_275	-730.5	-679.5	-695.5	-669	-851.5	-1080.5
drug_276	-689	-403	-505	-348.5	-607.5	-1197
drug_277	674	-472	-600	-519	508	919
drug_278	-730.5	-679.5	-695.5	-669	-784.5	-1080.5
drug_279	-730.5	-679.5	-695.5	-669	-843.5	-1080.5
drug_28	537.5	-498	700.5	-566.5	-843.5	733.5
drug_280	-689	-403	-505	-348.5	-545.5	-1197
drug_281	-730.5	-679.5	-695.5	-669	-899	-1080.5
drug_282	-632	-374	-398	-471.5	520.5	1102
drug_283	-632	-374	-398	-471.5	522.5	1102
drug_284	-730.5	-679.5	-695.5	-669	-894	-1080.5
drug_285	-502.5	-784.5	-854.5	-732.5	-859	-915.5
drug_286	-730.5	-679.5	-695.5	-669	-786	-1080.5
drug_287	-689	-403	-505	-348.5	-652.5	-1197
drug_288	-730.5	-679.5	-695.5	-669	-742.5	-1080.5
drug_289	-514	-498	625	-590	-794.5	713
drug_29	537.5	-498	700.5	-566.5	-868.5	733.5
drug_290	895	791	-842.5	-770.5	794.5	659.5
drug_291	-812.5	-802.5	-965	766	-823	-836
drug_292	895	791	-842.5	-770.5	833.5	659.5
drug_293	828	-577.5	-665.5	-576.5	-533	881.5
drug_294	895	791	-842.5	-770.5	768.5	659.5
drug_295	895	791	-842.5	-770.5	732.5	659.5
drug_296	895	791	-842.5	-770.5	712	659.5
drug_297	895	791	-842.5	-770.5	732.5	659.5
drug_298	895	791	-842.5	-770.5	794.5	659.5
drug_299	895	791	-842.5	-770.5	-735	659.5
drug_3	-926	1254.5	1180	-1189.5	929.5	-342.5
drug_30	412	-452	569	-443.5	-637	752
drug_300	895	791	-842.5	-770.5	869.5	659.5
drug_301	895	791	-842.5	-770.5	732.5	659.5
drug_302	895	791	-842.5	-770.5	869.5	659.5
drug_303	895	791	-842.5	-770.5	830.5	659.5
drug_304	895	791	-842.5	-770.5	732.5	659.5
drug_305	895	791	-842.5	-770.5	768.5	659.5
drug_306	895	791	-842.5	-770.5	732.5	659.5
drug_307	-730	-1034	-1097	-984	-1022	-717
drug_308	828	-577.5	-665.5	-576.5	580	881.5
drug_309	895	791	-842.5	-770.5	665.5	659.5
drug_31	-612.5	-803.5	889.5	-729.5	-1173.5	-793
drug_310	895	791	-842.5	-770.5	768.5	659.5
drug_311	895	791	-842.5	-770.5	712	659.5
drug_312	895	791	-842.5	-770.5	-708.5	659.5
drug_313	-812.5	-802.5	-965	766	-735	-836
drug_314	895	791	-842.5	-770.5	898	659.5
drug_315	895	791	-842.5	-770.5	768.5	659.5
drug_316	895	791	-842.5	-770.5	810.5	659.5
drug_317	-812.5	-802.5	-965	766	-823	-836
drug_318	895	791	-842.5	-770.5	-735	659.5
drug_319	-730	-1034	-1097	-984	-974	-717
drug_32	412	-452	569	-443.5	-641	752
drug_320	-995	-671	-653.5	677	-854	-1012.5
drug_321	-958	-929	-775.5	-862.5	-1081	-922.5
drug_322	895	791	-842.5	-770.5	833.5	659.5
drug_323	953.5	639.5	-593.5	-699.5	-732	863
drug_324	953.5	639.5	-593.5	-699.5	-637.5	863
drug_325	-958	-929	-775.5	-862.5	-993	-922.5
drug_326	-958	-929	-775.5	-862.5	-1081	-922.5
drug_327	953.5	639.5	-593.5	-699.5	-806.5	863
drug_328	953.5	639.5	-593.5	-699.5	-738.5	863
drug_329	-884	-560	-556.5	-564.5	-552	930.5
drug_33	537.5	-498	700.5	-566.5	-859	733.5
drug_330	-884	-560	-556.5	-564.5	-555	930.5
drug_331	-614.5	-1152.5	-1211.5	-1098.5	-1105.5	-551.5
drug_332	-884	-560	-556.5	-564.5	-557.5	930.5
drug_333	953.5	639.5	-593.5	-699.5	-734	863
drug_334	-958	-929	-775.5	-862.5	-1081	-922.5
drug_335	-958	-929	-775.5	-862.5	-1059.5	-922.5
drug_336	895	791	-842.5	-770.5	768.5	659.5
drug_337	953.5	639.5	-593.5	-699.5	-725.5	863
drug_338	-958	-929	-775.5	-862.5	-1096.5	-922.5
drug_339	-958	-929	-775.5	-862.5	-1081	-922.5
drug_34	-612.5	-803.5	889.5	-729.5	-1209	-793
drug_340	-958	-929	-775.5	-862.5	-1102.5	-922.5
drug_341	-958	-929	-775.5	-862.5	-1059.5	-922.5
drug_342	895	791	-842.5	-770.5	869.5	659.5
drug_343	-958	-929	-775.5	-862.5	-1055.5	-922.5
drug_344	953.5	639.5	-593.5	-699.5	-725.5	863
drug_345	-958	-929	-775.5	-862.5	-1081	-922.5
drug_346	-958	-929	-775.5	-862.5	-1014.5	-922.5
drug_347	-995	-671	-653.5	677	-854	-1012.5
drug_348	-958	-929	-775.5	-862.5	-1184.5	-922.5
drug_349	1131	1105	954.5	-1075	1151	-508
drug_35	537.5	-498	700.5	-566.5	-853	733.5
drug_350	-1083	-1125	-1004.5	-1127.5	1176	-789.5
drug_351	1108	1042	920	1037	1062.5	-543.5
drug_352	1108	1042	920	1037	1125	-543.5
drug_353	1131	1105	954.5	-1075	1157.5	-508
drug_354	-1083	-1125	-1004.5	-1127.5	1162.5	-789.5
drug_355	1131	1105	954.5	-1075	1038.5	-508
drug_356	-1097	1032	931	1081.5	1117	-867
drug_357	-1083	-1125	-1004.5	-1127.5	1070.5	-789.5
drug_358	-1083	-1125	-1004.5	-1127.5	-1038	-789.5
drug_359	-1083	-1125	-1004.5	-1127.5	1065.5	-789.5
drug_36	537.5	-498	700.5	-566.5	-853	733.5
drug_360	-730	-1034	-1097	-984	815	-717
drug_361	-1083	-1125	-1004.5	-1127.5	-1038	-789.5
drug_362	1131	1105	954.5	-1075	1151	-508
drug_363	-1097	1032	931	1081.5	1016	-867
drug_364	1131	1105	954.5	-1075	1028	-508
drug_365	1108	1042	920	1037	939	-543.5
drug_366	-1083	-1125	-1004.5	-1127.5	1191	-789.5
drug_367	-1083	-1125	-1004.5	-1127.5	-1132.5	-789.5
drug_368	1131	1105	954.5	-1075	1050	-508
drug_369	1131	1105	954.5	-1075	1050	-508
drug_37	-538.5	-434.5	549	-431.5	-693	801
drug_370	-1083	-1125	-1004.5	-1127.5	1059	-789.5
drug_371	1131	1105	954.5	-1075	1050	-508
drug_372	1131	1105	954.5	-1075	971.5	-508
drug_373	828	-577.5	-665.5	-576.5	-528.5	881.5
drug_374	1131	1105	954.5	-1075	982	-508
drug_375	1131	1105	954.5	-1075	1038.5	-508
drug_376	-1083	-1125	-1004.5	-1127.5	1070.5	-789.5
drug_377	664	985	-810.5	1081	-738	-824.5
drug_378	-1083	-1125	-1004.5	-1127.5	1171.5	-789.5
drug_379	732.5	-374	-351	-448	-493	1122.5
drug_38	-649.5	-545.5	609	493	-1000	-883
drug_380	-730.5	-679.5	-533	-611	-814.5	-1121
drug_381	732.5	-374	-351	-448	-557.5	1122.5
drug_382	-730.5	-679.5	-533	-611	-934	-1121
drug_383	732.5	-374	-351	-448	-484.5	1122.5
drug_384	-656.5	-310.5	-314	-313	-373	1190
drug_385	674	-472	-600	-519	544	919
drug_386	-730.5	-679.5	-533	-611	-824.5	-1121
drug_387	674	-472	-600	-519	508	919
drug_388	-730.5	-679.5	-533	-611	-880.5	-1121
drug_389	732.5	-374	-351	-448	-546.5	1122.5
drug_39	-538.5	-434.5	549	-431.5	-664.5	801
drug_390	674	-472	-600	-519	574.5	919
drug_391	732.5	-374	-351	-448	-537	1122.5
drug_392	-730.5	-679.5	-533	-611	-902	-1121
drug_393	-656.5	-310.5	-314	-313	-376	1190
drug_394	732.5	-374	-351	-448	-484.5	1122.5
drug_395	732.5	-374	-351	-448	-587	1122.5
drug_396	-730.5	-679.5	-533	-611	-795	-1121
drug_397	-585	-553	-722.5	459.5	-523.5	1056
drug_398	-656.5	-310.5	-314	-313	-376	1190
drug_399	-730.5	-679.5	-533	-611	-824.5	-1121
drug_4	-1002.5	1213.5	1161.5	1190.5	-940.5	-451.5
drug_40	-612.5	-803.5	889.5	-729.5	-1193.5	-793
drug_400	-767.5	-421.5	-411	370.5	-675	-1211
drug_401	479	-596	780.5	-637.5	-724	530
drug_402	732.5	-374	-351	-448	-495.5	1122.5
drug_403	-730.5	-679.5	-533	-611	-771	-1121
drug_404	-767.5	-421.5	-411	370.5	-728	-1211
drug_405	-502.5	-784.5	-854.5	-732.5	-795	-915.5
drug_406	732.5	-374	-351	-448	-497.5	1122.5
drug_407	796.5	1020.5	1170	996	1298.5	-718
drug_408	796.5	1020.5	1170	996	1286	-718
drug_409	696.5	961.5	1118	943	1263.5	-541
drug_41	537.5	-498	700.5	-566.5	-853	733.5
drug_410	796.5	1020.5	1170	996	1286	-718
drug_411	796.5	1020.5	1170	996	1286	-718
drug_412	796.5	1020.5	1170	996	1286	-718
drug_413	696.5	961.5	1118	943	1278	-541
drug_414	796.5	1020.5	1170	996	1304.5	-718
drug_415	796.5	1020.5	1170	996	1281.5	-718
drug_416	796.5	1020.5	1170	996	1263.5	-718
drug_417	796.5	1020.5	1170	996	1276	-718
drug_418	796.5	1020.5	1170	996	1295	-718
drug_419	796.5	1020.5	1170	996	1295	-718
drug_42	-612.5	-803.5	889.5	-729.5	-1208.5	-793
drug_420	664	906	1038.5	866.5	1164	1066.5
drug_421	696.5	961.5	1118	943	1273	-541
drug_422	796.5	1020.5	1170	996	1286	-718
drug_423	796.5	1020.5	1170	996	1285	-718
drug_424	796.5	1020.5	1170	996	1295	-718
drug_425	796.5	1020.5	1170	996	1276	-718
drug_426	796.5	1020.5	1170	996	1286	-718
drug_427	796.5	1020.5	1170	996	1270	-718
drug_428	796.5	1020.5	1170	996	1307.5	-718
drug_429	796.5	1020.5	1170	996	1278.5	-718
drug_43	-538.5	-434.5	549	-431.5	-685	801
drug_430	796.5	1020.5	1170	996	1286	-718
drug_431	796.5	1020.5	1170	996	1286	-718
drug_432	696.5	961.5	1118	943	1285.5	-541
drug_433	719	1003	1157.5	979.5	607.5	1085.5
drug_434	696.5	961.5	1118	943	1282.5	-541
drug_435	719	1003	1157.5	979.5	605	1085.5
drug_436	295.5	783.5	955	736	1080	642
drug_437	674	-472	-600	-519	544	919
drug_438	674	-472	-600	-519	544	919
drug_439	674	-472	-600	-519	485	919
drug_44	-612.5	-803.5	889.5	-729.5	-1224	-793
drug_440	479	-596	780.5	-637.5	-748	530
drug_441	-502.5	-784.5	-854.5	-732.5	-761	-915.5
drug_442	-384.5	-908.5	992	-851	-1061.5	-587.5
drug_443	479	-596	780.5	-637.5	-796	530
drug_444	479	-596	780.5	-637.5	-727.5	530
drug_445	479	-596	780.5	-637.5	-739.5	530
drug_446	-384.5	-908.5	992	-851	-1083	-587.5
drug_447	674	-472	-600	-519	544	919
drug_448	479	-596	780.5	-637.5	-774.5	530
drug_449	479	-596	780.5	-637.5	-774.5	530
drug_45	-612.5	-803.5	889.5	-729.5	-1224	-793
drug_450	674	-472	-600	-519	508	919
drug_451	674	-472	-600	-519	544	919
drug_452	-614.5	-1152.5	-1211.5	-1098.5	-1049.5	-551.5
drug_453	674	-472	-600	-519	-535.5	919
drug_454	674	-472	-600	-519	-489	919
drug_455	674	-472	-600	-519	419	919
drug_456	-384.5	-908.5	992	-851	-1061.5	-587.5
drug_457	674	-472	-600	-519	455	919
drug_458	674	-472	-600	-519	633	919
drug_459	-384.5	-908.5	992	-851	-1101.5	-587.5
drug_46	-649.5	-545.5	609	493	-966.5	-883
drug_460	674	-472	-600	-519	626	919
drug_461	479	-596	780.5	-637.5	-759.5	530
drug_462	674	-472	-600	-519	508	919
drug_463	479	-596	780.5	-637.5	-717	530
drug_464	674	-472	-600	-519	590	919
drug_465	674	-472	-600	-519	508	919
drug_466	-730.5	-679.5	-533	-611	-840	-1121
drug_467	-502.5	-784.5	-854.5	-732.5	-693	-915.5
drug_468	-502.5	-784.5	-854.5	-732.5	-755	-915.5
drug_469	-730.5	-679.5	-533	-611	-840	-1121
drug_47	537.5	-498	700.5	-566.5	-853	733.5
drug_470	-502.5	-784.5	-854.5	-732.5	-693	-915.5
drug_471	-730.5	-679.5	-533	-611	-855.5	-1121
drug_472	-585	-553	-722.5	459.5	-565	1056
drug_473	-767.5	-421.5	-411	370.5	-728	-1211
drug_474	-767.5	-421.5	-411	370.5	-675	-1211
drug_475	-730.5	-679.5	-533	-611	-902	-1121
drug_476	-502.5	-784.5	-854.5	-732.5	-755	-915.5
drug_477	-730.5	-679.5	-533	-611	-816.5	-1121
drug_478	-730.5	-679.5	-533	-611	-902	-1121
drug_479	-502.5	-784.5	-854.5	-732.5	-615.5	-915.5
drug_48	-384.5	-908.5	992	-851	-1133.5	-587.5
drug_480	-730.5	-679.5	-533	-611	-917.5	-1121
drug_481	-730.5	-679.5	-533	-611	-902	-1121
drug_482	-730.5	-679.5	-533	-611	-934	-1121
drug_483	-767.5	-421.5	-411	370.5	-728	-1211
drug_484	-730.5	-679.5	-533	-611	-949.5	-1121
drug_485	-767.5	-421.5	-411	370.5	-748	-1211
drug_486	-730.5	-679.5	-533	-611	-949.5	-1121
drug_487	-730.5	-679.5	-533	-611	-917.5	-1121
drug_488	-730.5	-679.5	-533	-611	-886.5	-1121
drug_489	-730.5	-679.5	-533	-611	-840	-1121
drug_49	-467	-677	-841.5	582	-923.5	-706.5
drug_490	-730.5	-679.5	-533	-611	-880.5	-1121
drug_491	-730.5	-679.5	-533	-611	-795	-1121
drug_492	-767.5	-421.5	-411	370.5	-672	-1211
drug_493	-730.5	-679.5	-533	-611	-949.5	-1121
drug_494	581.5	638	-572.5	743.5	-709.5	-860.5
drug_495	-730.5	-679.5	-533	-611	-810.5	-1121
drug_496	-730.5	-679.5	-533	-611	-861.5	-1121
drug_5	-1002.5	1213.5	1161.5	1190.5	-940.5	-451.5
drug_50	-585	-553	-722.5	459.5	-565	1056
drug_51	-585	-553	-722.5	459.5	-582	1056
drug_52	-384.5	-908.5	992	-851	-1029	-587.5
drug_53	-384.5	-908.5	992	-851	-1118	-587.5
drug_54	-502.5	-784.5	-854.5	-732.5	-713.5	-915.5
drug_55	-502.5	-784.5	-854.5	-732.5	-660.5	-915.5
drug_56	-585	-553	-722.5	459.5	-574	1056
drug_57	-585	-553	-722.5	459.5	-674.5	1056
drug_58	-502.5	-784.5	-854.5	-732.5	701.5	-915.5
drug_59	-502.5	-784.5	-854.5	-732.5	-755	-915.5
drug_6	-1019.5	-1221.5	1202.5	1235	-1288	-817.5
drug_60	-502.5	-784.5	-854.5	-732.5	-693	-915.5
drug_61	-502.5	-784.5	-854.5	-732.5	-648	-915.5
drug_62	-502.5	-784.5	-854.5	-732.5	-822.5	-915.5
drug_63	-502.5	-784.5	-854.5	-732.5	701.5	-915.5
drug_64	-585	-553	-722.5	459.5	-627	1056
drug_65	-502.5	-784.5	-854.5	-732.5	724	-915.5
drug_66	-585	-553	-722.5	459.5	-691.5	1056
drug_67	-502.5	-784.5	-854.5	-732.5	-755	-915.5
drug_68	-585	-553	-722.5	459.5	-627	1056
drug_69	-502.5	-784.5	-854.5	-732.5	-722.5	-915.5
drug_7	-1019.5	-1221.5	1202.5	1235	-1268.5	-817.5
drug_70	-502.5	-784.5	-854.5	-732.5	657.5	-915.5
drug_71	-502.5	-784.5	-854.5	-732.5	-755	-915.5
drug_72	-502.5	-784.5	-854.5	-732.5	-755	-915.5
drug_73	-585	-553	-722.5	459.5	-537	1056
drug_74	-585	-553	-722.5	459.5	-582	1056
drug_75	-502.5	-784.5	-854.5	-732.5	-648	-915.5
drug_76	-585	-553	-722.5	459.5	-674.5	1056
drug_77	-502.5	-784.5	-854.5	-732.5	724	-915.5
drug_78	-502.5	-784.5	-854.5	-732.5	-802.5	-915.5
drug_79	-467	-677	-841.5	582	-933.5	-706.5
drug_8	-926	1254.5	1180	-1189.5	965.5	-342.5
drug_80	-502.5	-784.5	-854.5	-732.5	-795	-915.5
drug_81	-502.5	-784.5	-854.5	-732.5	-755	-915.5
drug_82	-898	-879	-904.5	-906.5	766	-605.5
drug_83	-898	-879	-904.5	-906.5	759.5	-605.5
drug_84	-730	-1034	-1097	-984	-1062	-717
drug_85	-898	-879	-904.5	-906.5	-752.5	-605.5
drug_86	-898	-879	-904.5	-906.5	-755.5	-605.5
drug_87	-916.5	-652.5	-685.5	-613	-573.5	-652.5
drug_88	-898	-879	-904.5	-906.5	766	-605.5
drug_89	-916.5	-652.5	-685.5	-613	570.5	-652.5
drug_9	-1002.5	1213.5	1161.5	1190.5	-940.5	-451.5
drug_90	-898	-879	-904.5	-906.5	759.5	-605.5
drug_91	-916.5	-652.5	-685.5	-613	-571.5	-652.5
drug_92	-916.5	-652.5	-685.5	-613	-567.5	-652.5
drug_93	-916.5	-652.5	-685.5	-613	-567.5	-652.5
drug_94	-898	-879	-904.5	-906.5	766	-605.5
drug_95	-898	-879	-904.5	-906.5	-759	-605.5
drug_96	-916.5	-652.5	-685.5	-613	-571.5	-652.5
drug_97	-916.5	-652.5	-685.5	-613	-563	-652.5
drug_98	-916.5	-652.5	-685.5	-613	-567.5	-652.5
drug_99	-916.5	-652.5	-685.5	-613	-563	-652.5
Enalapril	32	-117.5	886.5	-125.5	-277	738
Eprosartan	809	745	-1150.5	1053	-873	-1102.5
Esmolol	-700	1137.5	1268.5	1174.5	1225.5	-760
Etacrynic_acid	-559	-157	258	-279	-418.5	722
Etilefrine	1177	868	-662	1184	1330	742
Ezetimibe	1104	-766.5	-855	1164	-561	-399
Felodipine	-402.5	678.5	711	674	810.5	682
Fenofibrate	1229	1227	1013	1219	1276	596
Fenoldopam	996.5	680.5	-681	1148	-693	-712
Gemfibrozil	-740.5	-824.5	-856.5	1092	-824.5	-751.5
Hydroflumethiazide	-706	-521	-322	-584	-573	-802
Iloprost	1043.5	998.5	907.5	781	1002	1042
Indapamide	1231	821	1192	1245	583	1329
Irbesartan	-652	1077.5	1174.5	1091	563	-662
Isradipine	793.5	756.5	487	1046.5	1113.5	663
Labetalol	874.5	-478.5	220.5	-627	-753	-514
Losartan	-643.5	814.5	821	833.5	963	-734.5
Lovastatin	1067.5	1003.5	912.5	814	1043	1036
Menadione	1140.5	1166.5	985	690	1188	1340
Mephentermine	-1351.5	-1048.5	-826	768	-707	-1108
Metolazone	1248	1252	1232	1247	1248	1348
Metoprolol	1145	-883	-753	1180.5	-1372	-729
Midodrine	-659.5	-656.5	-257.5	-622.5	851	762
Milrinone	1202.5	1234.5	1201	1207	1327	767
Moexipril	865.5	-717	-702.5	809.5	1164	1205
Nadolol	727	689	727	824.5	-1225	-430
Niacin	-301	717	753.5	885.5	792.5	604.5
Nicardipine	917.5	789.5	911.5	889.5	1113	1111.5
Nicotinyl_alcohol	1264	910	-1327	997	-780	1329
Nifedipine	-1234.5	1176.5	-1327	1173	907	-1259
Nimodipine	1160	972	-836	908	-535	-629
Nitrendipine	671.5	-603.5	-153	-668.5	947	1217
Nitrofural	938.5	-707.5	895	-842	1189	-763
Olmesartan	845.5	-1167.5	1133	-1114.5	1160.5	-375.5
Ouabain	1216	1198	983	1187.5	690	-178
Oxprenolol	1178	1188	408	1196	1337	745
Perindopril	1131	-673.5	671	870	-679	-858
Pindolol	-968.5	-739.5	-781	-750.5	-973	-1304
Piretanide	-760.5	-786.5	-817	827.5	887.5	1012
Practolol	-446.5	814.5	983	833.5	-739	-615
Pravastatin	1238.5	927.5	670	1324.5	-1328.5	1117
Probucol	-1193.5	-746.5	-702	-790	-707	740
Propranolol	1126	878	1102.5	-956.5	552	678
Quinapril	627.5	720.5	979.5	810	805.5	-660
Quinethazone	-553	562.5	-729	-567	425	497
Ramipril	940.5	307.5	-690	547	-644	-694
Rivaroxaban	-634	555	686	566	563.5	-848
Rosuvastatin	-708.5	654	-148	875	696	697
Simvastatin	1135	830	-695	879	840	548
Sotalol	954	922	894.5	955	1052	739.5
Spironolactone	451.5	-438.5	706	559	-495	-728.5
Synephrine	639	851	1168.5	596	834.5	680
Telmisartan	-1216.5	870	-560	-1190.5	-978	827.5
Ticlopidine	723	987	1243	1259.5	671	1109
Tienilic_acid	1160	1142	963	1153	-665	-914
Timolol	1109.5	1104.5	-1339	1144.5	-978	1200.5
Torasemide	1121.5	1154.5	798	1174	1197	1085
Treprostinil	852	744	1101	993	970.5	928
Triamterene	1204	901	1085.5	1215	-1290.5	-770.5
Valsartan	-599	795	762	773	-838.5	-696
Warfarin	992	768	868	934.5	803	-690.5
