ad	density	cc	spath	eigencentr	betwcentr
10127622	-1082	-1167	-1089	-1147.5	-1087	1055
10184653	1269	-1118	925	-1183.5	963	1290
10607	1231.5	1239.5	1336	-1230	1295	1259
119607	967	951	908	-859.5	912	1070
119828	1275	1297	1307	1299.5	1314	1286
123631	-1272	-1307	-1304	-1306	-1317	-1267
12560	1096	1165	1190	1177.5	1277	1226
135398744	997.5	764.5	979	872	878	-468
13791	655	660	659	678	661	606
149096	1238	1184	889	1235	1093	-1230
16231	-1070	-1071	-989	-1074	-1132.5	-1055
176870	1119.5	1180.5	1298	1171	1304	-982
19493	-932.5	-1140.5	-1229.5	-1124.5	-1249.5	-952.5
2153	1190	907	980	1016	1080	469
2244	-1029	689	692	-818	689.5	-1022
2520	962.5	945.5	964	1045	1122	1154
2540	1244	745	1222	1247.5	746	1197
2554	-989.5	607	645	662	619	816
2581	-963.5	647	742	710	668	-1039
2724385	-1220	-1257	-706	-1255.5	-1264	-807
2733526	-1014	-878	-833	-927.5	-933	-1053
2796	1312	1213	1225	1216	1303	1325
2907	1354	1346	1342	1334	1335	1348
3016	-1294	-1317	-1351	-1321	-1302	-1323
3019	1360	1337	1338	1347	-1324	-1286
3034010	1014	894	953	931.5	947	655
3059	-1315.5	983	1156	1191	968	-1316
31307	-1005	-529	-1071	-544	-1053	-1025
3182	1158	745	1156	782	942	1343
3308	949.5	-819	-842	-856.5	-850	994
3394	-946.5	187	348	329.5	307	359
3463	1298.5	1335.5	1350	1326.5	1342	1332
36462	-1237.5	-791.5	-741	-1198	-961	-1228
3690	819	-730	-939	716.5	-760	1008
3715	905	658	649	703	-684	692
3825	-1195	-707	-862	-810.5	-1247	-1203
3869	-787	-860	1022	-852	-762.5	-841
39147	1200.5	-696	-696	-706	-695	912
392622	878	-349.5	-383	-826	-767	742
39912	1178.5	1273.5	1306	1250	1295	1305
4030	-1346	-1357	-1363	-1377	-1366	-1321
4037	-1247	-781	-954	-749	-863	-1193
4044	1005	703	692	731.5	740	1122
4173	583	826	892	819.5	670.5	679
41774	1067	1202	731	-677	1138	1078
41867	-977.5	-1034.5	-1115.5	-1030.5	-1135	-1069.5
42611257	1217	744	424	505	382	-1122
4369359	-881	-204	-208	-198	-83	-593
4409	-1276	-1291	-1305	-1287.5	-1293	-1201
44093	1245	1196	650	1222	975	1037
441243	1197	-726	-743	745	-779	1258
441401	1272	1162	-819	1264.5	687	1249
444795	1256	1254	1335	1290	1296	1317
445643	-1341	-1338	-1321	-1336	-1351	-1260
449171	-1328	1207.5	-1259	-1277	-1279	-1350
4497	-1019	-992	767	-1006	-1094.5	-1039
451668	-1271	-724	-1235	-1117	652	-648
4583	-1218	731.5	743	-1123	-735	-1093
4614	-1172	-1172	-862	-1151.5	-822	-699
4680	1104.5	1274.5	1266	1291	1299	1353
4740	1264	1279	1287	1287	1270	654
4781	1209	1243	1165	1263	1233	1152
4814	1341	1357	1339	1373	1310	1346
4848	-1137	-826	-1268	-816.5	-823	-689
4913	-1175	876.5	-848	915.5	740	714
5070	1304	1335	1310	1337.5	1267	1323
5073	1080	1046	981	1078.5	1114	874
5090	1092.5	1133.5	1168	1145	988	995
5280805	-744.5	-897.5	-1061	-940.5	-1005	-801
5280961	1154.5	1169.5	1118	600.5	1116	1298
5282379	-1181	936	932	943.5	924	914
5330286	1190	703	702	710.5	692	1160
5405	1122	1111	-920	1203.5	-1098	1113
54585	1056	754	786	858.5	761	1184
5509	1258.5	1278.5	1302	1262	1345	1297
55245	1361	1359	1353	1371	1336	1339
5591	1335	1321	732	1357	735	1330
5593	-1270	-1269	-1297	-1255	-1254	-1299
57363	1153	666	699	674	668	509
5743	-1052	886	-802	907	842	-653
5770	1313	1320	1308	1319	1321	1282
5832	-1231	680	642	686	686	-1252
5994	-1257.5	-1243.5	1021	762.5	-951	-1231
60606	1255.5	1235.5	1268	1238	1237	1227
60726	1160	-885	-869	-872	-874	1054
60750	1015	424.5	536	912	310	432
64143	-918	673	550	692.5	685	-657
6741	-1377	-1382	-1383	-1382	-1349	-1372
77999	1222	1124	1074	-655	717	1213
84029	1052	683	643	719	679	688
89594	-1098	-1061	-1020	-1057	-937	1065
9875401	486	264	164	265.5	132.5	663
9926791	-1331	-878	-865	-1271	-854	-1329
Acebutolol	1274	1169	783	1267	756	1233
Acetylsalicylic_acid	-1029	689	692	-818	688.5	-1022
Alprenolol	1371	1379	1376	1371	1378	1349
Amiloride	-1070	-1071	-989	-1074	-1133.5	-1055
Amlodipine	909	855	-906	875.5	-897	-1144
Atenolol	-1273	-1036	-1311	-758	-1269	752
Atorvastatin	-685	717	1141	-719	726	1168
Benazepril	-935.5	-1009.5	-1082.5	-1006.5	-1109	-1009.5
Bendroflumethiazide	1216	-772	-739	-859	-796	1141
Betaxolol	943	1133	1164	1105	1115	991
Bezafibrate	-1028.5	296	617	281	485	-1133
Bisoprolol	1199	710	1196	696.5	711	-1097
Bumetanide	-1035	-432	594	-530	-417	-597
Canrenoic_acid	-1317	-1308	-1295	-1309	1311	1319
Captopril	1245	1196	650	1222	975	1037
Carteolol	952	747	1083	833.5	770	889
Carvedilol	-1263	-899	-1293	-1291	-1268	1007
Cerivastatin	-1276	-1318	-1340	-1299	-1310	973
Chlorhexidine	-1361.5	-1359.5	-1365	-1337	-1366	-1335
Chlorthalidone	770.5	1021.5	1073.5	986.5	1111	867.5
Cilnidipine	1283	1010	1171	1174	1184	1300
Cilostazol	-1000	694	663	-760.5	671	-1018
Clofibrate	1312	1213	1225	1216	1303	1325
Clopidogrel	1255.5	1235.5	1268	1238	1237	1227
Cyclopenthiazide	1021	698	715	714	341	1216
DB00162	-1232	-1274	-1310	-1282	-1295	-1236
DB00175	1049	-873	-877	-871	-966	-872
DB00252	1215	1096	1017	1103	1146	1225
DB00465	-905	634.5	699	653.5	-803	1215
DB00472	1372	1383	1378	1384	1369	1377
DB00502	-1338	-1349	-1309	-1351	-1357	-1361
DB00586	1320	1329	1330	1341	1343	1325
DB00717	-1245.5	-742.5	-1285	-713	-877	-1298
DB00762	1247	911	790	942	793	843
DB00788	-1353	-1351	-1338	-1364	-1314	-1352
DB00867	1155	-685	-689	-778	-726	585
DB00997	1216	-1225	-1253	-1264	1283	-1305
DB01050	-1345.5	-1358.5	-1331	-1377	-1331	-1300
DB01132	1212	646	1226	674	551	685
DB01148	-1219	-857	-866	-844	-842	-1098
DB08911	1145.5	1091.5	738.5	1095.5	901	962.5
Digoxin	-1220	-1257	-706	-1255.5	-1264	-807
Dipyridamole	-1195	-685	-721	-770	-712	-1279
Dobutamine	-1300	-1061	-1249	912	-1129	-1236
Dopamine	1139.5	1205.5	947.5	1186.5	1096	1069.5
drug_1	891.5	768.5	637	769	716	498
drug_10	-582.5	-858.5	-952.5	-827.5	-1087	-655.5
drug_100	-815	-798	804.5	-871.5	747	-797.5
drug_101	832	887	905	872.5	806	829
drug_102	626	774	-813	752.5	-865	671
drug_103	-820	-949	809	-925	-918	-831
drug_104	-806	-789	819.5	-779	772	-726.5
drug_105	634.5	571.5	-669.5	-446.5	-413	870.5
drug_106	832	887	905	872.5	1010.5	829
drug_107	832	887	905	872.5	704	829
drug_108	832	887	905	872.5	917	829
drug_109	844.5	793.5	791.5	-438.5	560	953.5
drug_11	838.5	894.5	878.5	883	-791.5	849.5
drug_110	-296.5	925.5	959.5	890.5	998	-385.5
drug_111	539	1081	1075	1071	1168	444
drug_112	-296.5	925.5	959.5	890.5	981.5	-385.5
drug_113	-296.5	925.5	959.5	890.5	1002	-385.5
drug_114	-296.5	925.5	959.5	890.5	963.5	-385.5
drug_115	-296.5	925.5	959.5	890.5	989	-385.5
drug_116	-296.5	925.5	959.5	890.5	987	-385.5
drug_117	-296.5	925.5	959.5	890.5	906.5	-385.5
drug_118	323	804	687	787	936.5	183
drug_119	-296.5	925.5	959.5	890.5	976.5	-385.5
drug_12	566	-625	-846	-596	576.5	-438
drug_120	-296.5	925.5	959.5	890.5	976.5	-385.5
drug_121	-434	1060	1139	1045	1075.5	-511
drug_122	-296.5	925.5	959.5	890.5	981.5	-385.5
drug_123	-296.5	925.5	959.5	890.5	993	-385.5
drug_124	-296.5	925.5	959.5	890.5	972.5	-385.5
drug_125	-296.5	925.5	959.5	890.5	1018	-385.5
drug_126	-296.5	925.5	959.5	890.5	979.5	-385.5
drug_127	-499.5	-695.5	815.5	-668.5	700.5	-534.5
drug_128	-296.5	925.5	959.5	890.5	930.5	-385.5
drug_129	-296.5	925.5	959.5	890.5	963.5	-385.5
drug_13	1005.5	1095.5	579.5	1080	662	881.5
drug_130	323	804	687	787	916	183
drug_131	-296.5	925.5	959.5	890.5	1040.5	-385.5
drug_132	-296.5	925.5	959.5	890.5	930.5	-385.5
drug_133	-296.5	925.5	959.5	890.5	1031.5	-385.5
drug_134	-296.5	925.5	959.5	890.5	919	-385.5
drug_135	-499.5	-695.5	815.5	-668.5	664.5	-534.5
drug_136	-296.5	925.5	959.5	890.5	917.5	-385.5
drug_137	-499.5	-695.5	815.5	-668.5	656	-534.5
drug_138	-296.5	925.5	959.5	890.5	943	-385.5
drug_139	352.5	997.5	837.5	973.5	1140	294.5
drug_14	986.5	1049.5	595.5	629.5	438.5	1149.5
drug_140	-296.5	925.5	959.5	890.5	938	-385.5
drug_141	-499.5	-695.5	815.5	-668.5	664.5	-534.5
drug_142	471	969	854	966.5	856.5	-304
drug_143	689	1030	894	1049	849.5	683
drug_144	-633.5	1092	1092	1106	1057	-710
drug_145	637	1113	1087.5	1110.5	1111.5	530.5
drug_146	-641.5	878.5	900.5	993.5	840	-683.5
drug_147	-616	688	649	773	618	-655
drug_148	-641.5	878.5	900.5	993.5	876	-683.5
drug_149	-641.5	878.5	900.5	993.5	837.5	-683.5
drug_15	977.5	1163.5	683.5	1142.5	674.5	1003.5
drug_150	698	1135	1081	1144	1119.5	729
drug_151	698	1135	1081	1144	1051.5	729
drug_152	-609.5	862.5	848.5	958.5	857	-698.5
drug_153	473.5	1086.5	1052.5	1091.5	1148	484.5
drug_154	-616	688	649	773	675.5	-655
drug_155	-641.5	878.5	900.5	993.5	873.5	-683.5
drug_156	-594.5	-708.5	-614.5	-700.5	-596	-650.5
drug_157	-671	-764	655	-751	607	-722
drug_158	-609.5	862.5	848.5	958.5	857	-698.5
drug_159	708	1166	1189	1167	1195.5	742
drug_16	977.5	1163.5	683.5	1142.5	676	1003.5
drug_160	-641.5	878.5	900.5	993.5	835	-683.5
drug_161	-616	688	649	773	677	-655
drug_162	-633.5	1092	1092	1106	1092.5	-710
drug_163	-641.5	878.5	900.5	993.5	840	-683.5
drug_164	-633.5	1092	1092	1106	1074	-710
drug_165	-583.5	-745.5	-733.5	-730.5	748.5	-669.5
drug_166	-641.5	878.5	900.5	993.5	878.5	-683.5
drug_167	477	975	1046	951	946	417
drug_168	-641.5	878.5	900.5	993.5	814.5	-683.5
drug_169	-633.5	1092	1092	1106	1096	-710
drug_17	-582.5	-858.5	-952.5	-827.5	-945	-655.5
drug_170	637	1113	1087.5	1110.5	1132.5	530.5
drug_171	618	561	-557	561.5	578	517
drug_172	-508	-702	-778	-685.5	-954	-542
drug_173	382.5	-495	-673.5	-460	-538	-826.5
drug_174	452.5	-592.5	-875.5	-489	-709.5	-857.5
drug_175	-508	-702	-778	-685.5	-877	-542
drug_176	-797.5	-927.5	-693.5	-895.5	-795	-747.5
drug_177	663	591	-609	596	575	514
drug_178	-508	-702	-778	-685.5	-773	-542
drug_179	-508	-702	-778	-685.5	-639	-542
drug_18	977.5	1163.5	683.5	1142.5	670	1003.5
drug_180	764	577	-481	580.5	-628	496
drug_181	561	-436.5	-522	-414	-429	521
drug_182	-508	-702	-778	-685.5	-753	-542
drug_183	382.5	-495	-673.5	-460	-538	-826.5
drug_184	-797.5	-927.5	-693.5	-895.5	-577	-747.5
drug_185	-582.5	-858.5	-952.5	-827.5	-750.5	-655.5
drug_186	-508	-702	-778	-685.5	-625.5	-542
drug_187	382.5	-495	-673.5	-460	-704	-826.5
drug_188	-508	-702	-778	-685.5	-659	-542
drug_189	-797.5	-927.5	-693.5	-895.5	-857	-747.5
drug_19	1088.5	1106.5	587.5	632.5	444	1173.5
drug_190	-797.5	-927.5	-693.5	-895.5	-520.5	-747.5
drug_191	-1028.5	-993.5	-760.5	-984.5	-763	-834.5
drug_192	618	561	-557	561.5	488	517
drug_193	-508	-702	-778	-685.5	-954	-542
drug_194	588	525	-629.5	532.5	-608	417.5
drug_195	-508	-702	-778	-685.5	-857	-542
drug_196	-508	-702	-778	-685.5	-788	-542
drug_197	-508	-702	-778	-685.5	-753	-542
drug_198	-508	-702	-778	-685.5	-939	-542
drug_199	-797.5	-927.5	-693.5	-895.5	-697.5	-747.5
drug_2	838.5	894.5	878.5	883	791.5	849.5
drug_20	733.5	850.5	887.5	833.5	780.5	783.5
drug_200	-508	-702	-778	-685.5	-857	-542
drug_201	-823.5	-811.5	-868.5	-720.5	-655.5	-998.5
drug_202	-869.5	-1031.5	-1014.5	-1010.5	-998.5	-939.5
drug_203	-869.5	-1031.5	-1014.5	-1010.5	-895.5	-939.5
drug_204	-839.5	-964.5	-997.5	-957.5	-860	-862.5
drug_205	-869.5	-1031.5	-1014.5	-1010.5	-828	-939.5
drug_206	-785.5	-981.5	-886.5	-948.5	-881.5	-804.5
drug_207	-869.5	-1031.5	-1014.5	-1010.5	-1164.5	-939.5
drug_208	-834.5	-956.5	-1002.5	-884	-871	-1003.5
drug_209	-869.5	-1031.5	-1014.5	-1010.5	-1171	-939.5
drug_21	977.5	1163.5	683.5	1142.5	671	1003.5
drug_210	-582.5	-858.5	-952.5	-827.5	-961	-655.5
drug_211	-869.5	-1031.5	-1014.5	-1010.5	-1009.5	-939.5
drug_212	-869.5	-1031.5	-1014.5	-1010.5	-839	-939.5
drug_213	-839.5	-964.5	-997.5	-957.5	-860	-862.5
drug_214	-834.5	-956.5	-1002.5	-884	-755	-1003.5
drug_215	-823.5	-811.5	-868.5	-720.5	-654.5	-998.5
drug_216	-834.5	-956.5	-1002.5	-884	-871	-1003.5
drug_217	-869.5	-1031.5	-1014.5	-1010.5	-1009.5	-939.5
drug_218	-869.5	-1031.5	-1014.5	-1010.5	-1102.5	-939.5
drug_219	-582.5	-858.5	-952.5	-827.5	-1025	-655.5
drug_22	-382.5	-466.5	-572.5	-435.5	-589.5	811.5
drug_220	-869.5	-1031.5	-1014.5	-1010.5	-884.5	-939.5
drug_221	-869.5	-1031.5	-1014.5	-1010.5	-998.5	-939.5
drug_222	-869.5	-1031.5	-1014.5	-1010.5	-998.5	-939.5
drug_223	-869.5	-1031.5	-1014.5	-1010.5	-1102.5	-939.5
drug_224	-834.5	-956.5	-1002.5	-884	-869	-1003.5
drug_225	452.5	-592.5	-875.5	-489	-908.5	-857.5
drug_226	-582.5	-858.5	-952.5	-827.5	-847	-655.5
drug_227	-582.5	-858.5	-952.5	-827.5	-1077	-655.5
drug_228	-869.5	-1031.5	-1014.5	-1010.5	-1005	-939.5
drug_229	-869.5	-1031.5	-1014.5	-1010.5	-1102.5	-939.5
drug_23	733.5	850.5	887.5	833.5	-837.5	783.5
drug_230	-869.5	-1031.5	-1014.5	-1010.5	-1009.5	-939.5
drug_231	-797.5	-927.5	-693.5	-895.5	-577	-747.5
drug_232	-785.5	-981.5	-886.5	-948.5	-978	-804.5
drug_233	-508	-702	-778	-685.5	-753	-542
drug_234	-582.5	-858.5	-952.5	-827.5	851.5	-655.5
drug_235	-508	-702	-778	-685.5	-773	-542
drug_236	-582.5	-858.5	-952.5	-827.5	-945	-655.5
drug_237	-508	-702	-778	-685.5	-939	-542
drug_238	-508	-702	-778	-685.5	-639	-542
drug_239	-582.5	-858.5	-952.5	-827.5	-961	-655.5
drug_24	733.5	850.5	887.5	833.5	-946	783.5
drug_240	-582.5	-858.5	-952.5	-827.5	-961	-655.5
drug_241	566	-625	-846	-596	580	-438
drug_242	629	569	-680	-440	-698.5	847
drug_243	-508	-702	-778	-685.5	-753	-542
drug_244	-781	-634	-719	-616	-732.5	-436
drug_245	649	578	-564	584.5	-525.5	922
drug_246	-508	-702	-778	-685.5	-674	-542
drug_247	-508	-702	-778	-685.5	-753	-542
drug_248	-508	-702	-778	-685.5	-919	-542
drug_249	-508	-702	-778	-685.5	-753	-542
drug_25	555	-519	-618	-517	494	-408
drug_250	746	-916	851	-907.5	-1005.5	800
drug_251	-582.5	-858.5	-952.5	-827.5	-807	-655.5
drug_252	-582.5	-858.5	-952.5	-827.5	-807	-655.5
drug_253	-582.5	-858.5	-952.5	-827.5	-1065	-655.5
drug_254	-508	-702	-778	-685.5	-877	-542
drug_255	-508	-702	-778	-685.5	-659	-542
drug_256	-508	-702	-778	-685.5	-797	-542
drug_257	-582.5	-858.5	-952.5	-827.5	-1115.5	-655.5
drug_258	626	774	-813	752.5	884.5	671
drug_259	595.5	744.5	-860.5	725.5	769	535.5
drug_26	618	561	-557	561.5	-436	517
drug_260	-508	-702	-778	-685.5	-608	-542
drug_261	-508	-702	-778	-685.5	-788	-542
drug_262	576	-549	566	-548.5	-542.5	-491
drug_263	588	525	-629.5	532.5	776	417.5
drug_264	-508	-702	-778	-685.5	-857	-542
drug_265	-508	-702	-778	-685.5	-773	-542
drug_266	-508	-702	-778	-685.5	-843.5	-542
drug_267	-508	-702	-778	-685.5	-939	-542
drug_268	-508	-702	-778	-685.5	-639	-542
drug_269	631.5	779.5	-739.5	763.5	-730	687.5
drug_27	-508	-702	-778	-685.5	-939	-542
drug_270	595.5	744.5	-860.5	725.5	881.5	535.5
drug_271	-703	-465	-549	-294.5	-476.5	-777
drug_272	675	596	797	-482.5	-538.5	900
drug_273	-508	-702	-778	-685.5	-639	-542
drug_274	-508	-702	-778	-685.5	-753	-542
drug_275	-797.5	-927.5	-693.5	-895.5	-696	-747.5
drug_276	-508	-702	-778	-685.5	-840.5	-542
drug_277	-582.5	-858.5	-952.5	-827.5	865	-655.5
drug_278	-508	-702	-778	-685.5	-892	-542
drug_279	-797.5	-927.5	-693.5	-895.5	-691	-747.5
drug_28	-508	-702	-778	-685.5	-877	-542
drug_280	-582.5	-858.5	-952.5	-827.5	-807	-655.5
drug_281	-582.5	-858.5	-952.5	-827.5	-961	-655.5
drug_282	-508	-702	-778	-685.5	-659	-542
drug_283	-797.5	-927.5	-693.5	-895.5	-520.5	-747.5
drug_284	-508	-702	-778	-685.5	-919	-542
drug_285	582	-519	-576	-530	-521.5	541
drug_286	-508	-702	-778	-685.5	-773	-542
drug_287	588	525	-629.5	532.5	682.5	417.5
drug_288	-508	-702	-778	-685.5	-739.5	-542
drug_289	772	796	-643	792.5	1003	837
drug_29	555	-519	-618	-517	586	-408
drug_290	806.5	755.5	767.5	757.5	739.5	740.5
drug_291	901	787	605	785.5	917	718
drug_292	688.5	609.5	753.5	689	720.5	708.5
drug_293	806.5	755.5	767.5	757.5	647.5	740.5
drug_294	595.5	744.5	-860.5	725.5	971	535.5
drug_295	618	561	-578	561.5	662	501
drug_296	-933	-975	-999	-969	-989.5	-916
drug_297	-851	-1017	-1031	-994	-1017.5	-894
drug_298	688.5	609.5	753.5	689	-773	708.5
drug_299	704.5	819.5	861.5	810.5	-923	814.5
drug_3	838.5	894.5	878.5	883	794	849.5
drug_30	-508	-702	-778	-685.5	-877	-542
drug_300	688.5	609.5	753.5	689	511	708.5
drug_301	903	880	806	878	839	835
drug_302	688.5	609.5	753.5	689	508.5	708.5
drug_303	-841	-752	-700	-781	-752.5	-775
drug_304	901	787	605	785.5	918	718
drug_305	842	582	548.5	592.5	528.5	549.5
drug_306	901	787	605	785.5	711	718
drug_307	688.5	609.5	753.5	689	624.5	708.5
drug_308	809.5	867.5	869.5	853.5	866	853.5
drug_309	806.5	755.5	767.5	757.5	-459	740.5
drug_31	-717.5	-643.5	786	-642.5	690	-700
drug_310	747.5	540.5	523.5	543.5	-555.5	524.5
drug_311	806.5	755.5	767.5	757.5	647.5	740.5
drug_312	688.5	609.5	753.5	689	780.5	708.5
drug_313	747.5	540.5	523.5	543.5	-452.5	524.5
drug_314	-508	-702	-778	-685.5	-639	-542
drug_315	790	731	611	731.5	712	678
drug_316	842	582	548.5	592.5	808	549.5
drug_317	626	774	-813	752.5	881	671
drug_318	704.5	819.5	861.5	810.5	-992	814.5
drug_319	809.5	867.5	869.5	853.5	865	853.5
drug_32	555	-519	-618	-517	-511.5	-408
drug_320	-909.5	-962.5	-736	-966	-815.5	-928
drug_321	-828	-666	-566	-735.5	-644	-731
drug_322	-886	-804	-550	-906	-669.5	-889
drug_323	-848	-936	-717	-918	-558.5	-880
drug_324	-912.5	-906.5	-627	-913	-811.5	-914
drug_325	-886	-804	-550	-906	-673.5	-889
drug_326	-848	-936	-717	-918	-558.5	-880
drug_327	-859	-791	-590	-881	-545.5	-842
drug_328	-964.5	-1020.5	-637.5	-1022.5	-612.5	-984.5
drug_329	-828	-666	-566	-735.5	459.5	-731
drug_33	382.5	-495	-673.5	-460	-538	-826.5
drug_330	-886	-804	-550	-906	-565.5	-889
drug_331	-624.5	335.5	-344.5	343	-341	-235.5
drug_332	-848	-936	-717	-918	-556.5	-880
drug_333	-886	-804	-550	-906	-569.5	-889
drug_334	-964.5	-1020.5	-637.5	-1022.5	-725.5	-984.5
drug_335	-848	-936	-717	-918	-778.5	-880
drug_336	-886	-804	-550	-906	-386.5	-889
drug_337	-880.5	-994.5	-895.5	-980.5	-1052.5	-920.5
drug_338	-848	-936	-717	-918	-672.5	-880
drug_339	-886	-804	-550	-906	-563.5	-889
drug_34	555	-519	-618	-517	589	-408
drug_340	-842	-598	-473	-636	494	764
drug_341	-508	-702	-778	-685.5	-857	-542
drug_342	898	936	909	938.5	860	1014
drug_343	618	561	-578	561.5	-696.5	501
drug_344	-886	-804	-550	-906	-455.5	-889
drug_345	-817.5	-656.5	-608	-650.5	-473.5	655
drug_346	-828	-666	-566	-735.5	461	-731
drug_347	-886	-804	-550	-906	-735.5	-889
drug_348	-886	-804	-550	-906	-451.5	-889
drug_349	716.5	833.5	794.5	843.5	-1004.5	725.5
drug_35	561	-436.5	-522	-414	-427.5	521
drug_350	-804	-783	598	-772	-534.5	-776
drug_351	-919.5	-969.5	834	-975	-856.5	-980
drug_352	823.5	874.5	776	883	1027.5	796
drug_353	884.5	923.5	920.5	922.5	848	887.5
drug_354	-957	-1050	-852	-1031	-1033.5	-992
drug_355	-895.5	-1000.5	-901.5	-987.5	-978.5	-968.5
drug_356	-962	-1053	-865	-1035	-992.5	-995
drug_357	-895.5	-1000.5	-901.5	-987.5	-1147	-968.5
drug_358	-582.5	-858.5	-952.5	-827.5	-1065	-655.5
drug_359	733.5	850.5	887.5	833.5	991.5	783.5
drug_36	638	-441.5	-496.5	-433.5	679	376.5
drug_360	941	-906.5	823	-922	861	970
drug_361	-895.5	-1000.5	-901.5	-987.5	-797.5	-968.5
drug_362	884.5	923.5	920.5	922.5	1058.5	887.5
drug_363	-895.5	-1000.5	-901.5	-987.5	-1147	-968.5
drug_364	848.5	-902	843	-888.5	-725.5	-837
drug_365	-895.5	-1000.5	-901.5	-987.5	-985	-968.5
drug_366	884.5	923.5	920.5	922.5	1058.5	887.5
drug_367	755	759	-613	771	849	531
drug_368	-957	-1050	-852	-1031	-752	-992
drug_369	884.5	923.5	920.5	922.5	965	887.5
drug_37	-508	-702	-778	-685.5	615.5	-542
drug_370	820	-656.5	-664	-591.5	-510.5	-994
drug_371	927	864	838	867	708	-811
drug_372	935	934	854	931	875	866
drug_373	-908	-1008	-909	-997.5	-990.5	-976
drug_374	-919.5	-969.5	834	-975	854	-980
drug_375	-919.5	-969.5	834	-975	854	-980
drug_376	947	902.5	871	-417	969	984
drug_377	-582.5	-858.5	-952.5	-827.5	-1121	-655.5
drug_378	-869.5	-1031.5	-1014.5	-1010.5	-1164.5	-939.5
drug_379	742.5	736.5	799.5	-473.5	-780	929.5
drug_38	555	-519	-618	-517	-516	-408
drug_380	742.5	736.5	799.5	-473.5	-718	929.5
drug_381	720	722	788	703	779.5	658
drug_382	-751	-535	-503	-466	562.5	-818
drug_383	-582.5	-858.5	-952.5	-827.5	-1127	-655.5
drug_384	-823.5	-811.5	613	-879	-420	-796
drug_385	-820	-949	809	-925	-642	-831
drug_386	-797.5	-927.5	-693.5	-895.5	-686.5	-747.5
drug_387	-769	-744.5	-657.5	-573	-574	-918.5
drug_388	-508	-702	-778	-685.5	-626.5	-542
drug_389	742.5	736.5	799.5	-473.5	765.5	929.5
drug_39	-508	-702	-778	-685.5	-877	-542
drug_390	618	561	-557	561.5	-656.5	517
drug_391	-785.5	-981.5	-886.5	-948.5	-767.5	-804.5
drug_392	763	574	601	-424	760	846
drug_393	-508	-702	-778	-685.5	-753	-542
drug_394	723	519	602.5	-444	430	-847.5
drug_395	-769	-744.5	-657.5	-573	-460	-918.5
drug_396	733.5	850.5	887.5	833.5	-1008	783.5
drug_397	723	519	602.5	-444	521	-847.5
drug_398	452.5	-592.5	-875.5	-489	-813.5	-857.5
drug_399	588	525	-629.5	532.5	569	417.5
drug_4	838.5	894.5	878.5	883	793	849.5
drug_40	561	-436.5	-522	-414	447	521
drug_400	452.5	-592.5	-875.5	-489	-816	-857.5
drug_401	-582.5	-858.5	-952.5	-827.5	874	-655.5
drug_402	720	722	788	703	-738	658
drug_403	-797.5	-927.5	-693.5	-895.5	-800	-747.5
drug_404	-582.5	-858.5	-952.5	-827.5	-1025	-655.5
drug_405	-763.5	-945.5	-1020.5	-938	-1052.5	-786.5
drug_406	-508	-702	-778	-685.5	-954	-542
drug_407	-666	-721	666	777	582.5	-657
drug_408	573	1017	881	1027.5	943	663
drug_409	-609.5	862.5	848.5	958.5	889.5	-698.5
drug_41	-508	-702	-778	-685.5	-843.5	-542
drug_410	-609.5	862.5	848.5	958.5	857	-698.5
drug_411	573	1017	881	1027.5	879	663
drug_412	573	1017	881	1027.5	919.5	663
drug_413	573	1017	881	1027.5	921.5	663
drug_414	323	804	687	787	895.5	183
drug_415	599	835	652	942	901.5	526
drug_416	573	1017	881	1027.5	919.5	663
drug_417	-558.5	796.5	792.5	803	760.5	-630.5
drug_418	573	1017	881	1027.5	919.5	663
drug_419	-537.5	632	613	665.5	690.5	-521
drug_42	555	-519	-618	-517	-516	-408
drug_420	-609.5	862.5	848.5	958.5	891.5	-698.5
drug_421	678	971	622.5	1014.5	832	592.5
drug_422	568.5	808.5	574	834	1032	443
drug_423	654	1037	665	1046	1041	627
drug_424	580.5	1127.5	1072	1131	1106	533
drug_425	-663.5	-706.5	578.5	696.5	855.5	-569.5
drug_426	604	1054	876	1065.5	1133.5	406
drug_427	678	971	622.5	1014.5	833	592.5
drug_428	-558.5	796.5	792.5	803	759.5	-630.5
drug_429	473.5	1086.5	1052.5	1091.5	1109.5	484.5
drug_43	723	519	568	527	689	-434
drug_430	-663.5	-706.5	578.5	696.5	780.5	-569.5
drug_431	573	1017	881	1027.5	864	663
drug_432	669	843	577	965	1072.5	482
drug_433	-499.5	-695.5	815.5	-668.5	717	-534.5
drug_434	-583.5	-745.5	-733.5	-730.5	-709.5	-669.5
drug_435	-296.5	925.5	959.5	890.5	963.5	-385.5
drug_436	-296.5	925.5	959.5	890.5	987	-385.5
drug_437	-785.5	-981.5	-886.5	-948.5	-760	-804.5
drug_438	382.5	-495	-673.5	-460	-538	-826.5
drug_439	-582.5	-858.5	-952.5	-827.5	-1127	-655.5
drug_44	-508	-702	-778	-685.5	-963	-542
drug_440	566	-625	-846	-596	784.5	-438
drug_441	-508	-702	-778	-685.5	-739.5	-542
drug_442	382.5	-495	-673.5	-460	-704	-826.5
drug_443	-582.5	-858.5	-952.5	-827.5	-807	-655.5
drug_444	452.5	-592.5	-875.5	-489	-873.5	-857.5
drug_445	-582.5	-858.5	-952.5	-827.5	-1065	-655.5
drug_446	-777	-767	-513	-741	-611.5	-601
drug_447	-582.5	-858.5	-952.5	-827.5	-807	-655.5
drug_448	-508	-702	-778	-685.5	-683	-542
drug_449	-508	-702	-778	-685.5	-674	-542
drug_45	-508	-702	-778	-685.5	-753	-542
drug_450	-508	-702	-778	-685.5	-659	-542
drug_451	-508	-702	-778	-685.5	-773	-542
drug_452	-374	-611	-870	-489	595	-845
drug_453	-582.5	-858.5	-952.5	-827.5	-738	-655.5
drug_454	-754.5	-653.5	-649	-526	-494.5	-871
drug_455	595.5	744.5	-860.5	725.5	762	535.5
drug_456	555	-519	-618	-517	-620	-408
drug_457	555	-519	-618	-517	-402	-408
drug_458	-582.5	-858.5	-952.5	-827.5	-831	-655.5
drug_459	-508	-702	-778	-685.5	-788	-542
drug_46	654.5	-451.5	-475	-455	-538.5	411
drug_460	591	-436.5	-533	-409	-592.5	663
drug_461	-797.5	-927.5	-693.5	-895.5	-795	-747.5
drug_462	555	-519	-618	-517	-516	-408
drug_463	-508	-702	-778	-685.5	-753	-542
drug_464	-582.5	-858.5	-952.5	-827.5	-1087	-655.5
drug_465	638	-441.5	-496.5	-433.5	678	376.5
drug_466	-582.5	-858.5	-952.5	-827.5	-961	-655.5
drug_467	631.5	779.5	-739.5	763.5	-834	687.5
drug_468	-582.5	-858.5	-952.5	-827.5	-1127	-655.5
drug_469	595.5	744.5	-860.5	725.5	765.5	535.5
drug_47	618	561	-557	561.5	-548.5	517
drug_470	-582.5	-858.5	-952.5	-827.5	-807	-655.5
drug_471	-776	-919	-685	-884	-769.5	-754
drug_472	-582.5	-858.5	-952.5	-827.5	-945	-655.5
drug_473	-582.5	-858.5	-952.5	-827.5	-1087	-655.5
drug_474	-582.5	-858.5	-952.5	-827.5	-921	-655.5
drug_475	-582.5	-858.5	-952.5	-827.5	851.5	-655.5
drug_476	-582.5	-858.5	-952.5	-827.5	-896	-655.5
drug_477	-582.5	-858.5	-952.5	-827.5	-1087	-655.5
drug_478	-582.5	-858.5	-952.5	-827.5	-1065	-655.5
drug_479	-582.5	-858.5	-952.5	-827.5	-921	-655.5
drug_48	-582.5	-858.5	-952.5	-827.5	-1025	-655.5
drug_480	-582.5	-858.5	-952.5	-827.5	-896	-655.5
drug_481	-954	-1057	-1029	-1036.5	-1014.5	-923
drug_482	-582.5	-858.5	-952.5	-827.5	-945	-655.5
drug_483	-582.5	-858.5	-952.5	-827.5	-847	-655.5
drug_484	-785.5	-981.5	-886.5	-948.5	-769.5	-804.5
drug_485	-582.5	-858.5	-952.5	-827.5	-896	-655.5
drug_486	-804.5	-1060.5	-738.5	-1033.5	-1189.5	-452.5
drug_487	-582.5	-858.5	-952.5	-827.5	-896	-655.5
drug_488	631.5	779.5	-739.5	763.5	856	687.5
drug_489	-582.5	-858.5	-952.5	-827.5	835.5	-655.5
drug_49	452.5	-592.5	-875.5	-489	546.5	-857.5
drug_490	-785.5	-981.5	-886.5	-948.5	-763.5	-804.5
drug_491	595.5	744.5	-860.5	725.5	881.5	535.5
drug_492	770	792	-626	788	876	656
drug_493	-582.5	-858.5	-952.5	-827.5	-921	-655.5
drug_494	-785.5	-981.5	-886.5	-948.5	-763.5	-804.5
drug_495	-582.5	-858.5	-952.5	-827.5	-807	-655.5
drug_496	595.5	744.5	-860.5	725.5	768	535.5
drug_5	802	862	872	849.5	699	791
drug_50	-582.5	-858.5	-952.5	-827.5	-778	-655.5
drug_51	566	-625	-846	-596	694	-438
drug_52	-582.5	-858.5	-952.5	-827.5	-802.5	-655.5
drug_53	704.5	819.5	861.5	810.5	-926	814.5
drug_54	704.5	819.5	861.5	810.5	-985	814.5
drug_55	704.5	819.5	861.5	810.5	-819	814.5
drug_56	827	785	612	779.5	838	667
drug_57	-773	-750	-573.5	-732	592	-480.5
drug_58	-736.5	-586.5	-667	-476	-355.5	-786
drug_59	452.5	-592.5	-875.5	-489	-914	-857.5
drug_6	733.5	850.5	887.5	833.5	-842	783.5
drug_60	751.5	751.5	748.5	738	628	697.5
drug_61	751.5	751.5	748.5	738	927.5	697.5
drug_62	704.5	819.5	861.5	810.5	-826	814.5
drug_63	-813	-946	785	-914	-904.5	-819
drug_64	452.5	-592.5	-875.5	-489	-709.5	-857.5
drug_65	751.5	751.5	748.5	738	925	697.5
drug_66	-765.5	-735.5	-661.5	-556.5	-648.5	-911.5
drug_67	-582.5	-858.5	-952.5	-827.5	-807	-655.5
drug_68	-765.5	-735.5	-661.5	-556.5	474	-911.5
drug_69	-773	-750	-573.5	-732	-523	-480.5
drug_7	-815	-798	804.5	-871.5	-686	-797.5
drug_70	751.5	751.5	748.5	738	719.5	697.5
drug_71	711.5	618.5	775	-469	-687.5	941
drug_72	-582.5	-858.5	-952.5	-827.5	-847	-655.5
drug_73	704.5	819.5	861.5	810.5	-930	814.5
drug_74	704.5	819.5	861.5	810.5	841	814.5
drug_75	704.5	819.5	861.5	810.5	937	814.5
drug_76	-811	-795	759	-783	-660.5	-782
drug_77	704.5	819.5	861.5	810.5	730.5	814.5
drug_78	-761	-814	-735	-777	-786.5	-472
drug_79	968.5	1144.5	1065.5	1141.5	-1050.5	1068.5
drug_8	-582.5	-858.5	-952.5	-827.5	-896	-655.5
drug_80	704.5	819.5	861.5	810.5	-930	814.5
drug_81	634.5	571.5	-669.5	-446.5	-693	870.5
drug_82	-806	-789	819.5	-779	-756	-726.5
drug_83	733.5	850.5	887.5	833.5	-842	783.5
drug_84	855	912	937	901	829	881
drug_85	832	887	905	872.5	802.5	829
drug_86	631.5	779.5	-739.5	763.5	699.5	687.5
drug_87	733.5	850.5	887.5	833.5	779	783.5
drug_88	832	887	905	872.5	1015	829
drug_89	918	916	897	905	1006.5	884
drug_9	-820	-949	809	-925	-918	-831
drug_90	-769	-904	-702	-876	-636.5	-593
drug_91	918	916	897	905	1006.5	884
drug_92	626	774	-813	752.5	674	671
drug_93	832	887	905	872.5	804.5	829
drug_94	852	810	812	817.5	1016	705
drug_95	918	916	897	905	916	884
drug_96	929.5	929.5	947	926	1048	913
drug_97	626	774	-813	752.5	-804.5	671
drug_98	761.5	782.5	783.5	771	986	661.5
drug_99	928	869	803	865	809	770
Enalapril	897	1121	995	1109.5	1131	950
Eprosartan	1093	-880	-898	-898.5	-973	664
Esmolol	1287	1069	1166	1089	1154	1301
Etacrynic_acid	1320	-1313	1327	-1323	-1323	-1280
Etilefrine	1155	1060	1156	1071	1174	1290
Ezetimibe	1316	712	-944	-858	-693	1245
Felodipine	-1268	-1221	838	689	-997	-1253
Fenofibrate	-1070.5	-789.5	-755	-844	-845	-1000
Fenoldopam	1303.5	1344.5	1359	1319	1353	1245
Gemfibrozil	1298.5	1335.5	1350	1326.5	1342	1332
Hydroflumethiazide	-1260	-1268	-1273	-1276	-1277	-1306
Iloprost	1023.5	-802	-802	-848	-816	-807
Indapamide	1323	1308.5	1341	1319	1300	1338
Irbesartan	-1320	-1308	-1357	-1289	-1339	-1356
Isradipine	1270	1143	1270	1271	1167	1259
Labetalol	-787	-860	1022	-852	-761.5	-841
Losartan	1250	645	-1233	691.5	651	1190
Lovastatin	-674.5	728	-658.5	736.5	-679	-608.5
Menadione	1114	1169	1275	1164	1229	1278
Mephentermine	-1230	-1008	-1306	-1056	-1099	-900
Metolazone	829	-801	-932	-813	-868	1074
Metoprolol	888	1041	954	1029.5	-1043	-1072
Midodrine	-1263.5	-1310.5	-1343	-1317	-1312	-1260
Milrinone	1243.5	1272.5	1355	1235	1187	817
Moexipril	1203.5	1155.5	1312	1144.5	1271	-1059
Nadolol	1200.5	-696	-696	-706	-695	912
Niacin	992.5	774.5	727	818.5	786	1038
Nicardipine	-1282	-1324	-1343	-1324	-1324	-1265
Nicotinyl_alcohol	1281.5	1298.5	1288	1318	1256	1339
Nifedipine	1031.5	1204.5	1149.5	1209.5	1194	1014.5
Nimodipine	-1019	-992	767	-1006	-1093.5	-1039
Nitrendipine	-785	-698	-699	-701	-702	-727
Nitrofural	-621	-617	576	658	554	-739
Olmesartan	1205.5	1304.5	1302	1252	1313	1305
Ouabain	-1221	697	702	702	697	1237
Oxprenolol	-1283	-708	-710	-708	-697	-678
Perindopril	1311	1227	-1244	-1285	-1251	-1348
Pindolol	-1241	-1241	-1312	-1245	-1281	1240
Piretanide	1232.5	1243.5	1221	1261.5	1201	1292
Practolol	-357.5	-521.5	898.5	-498.5	-588.5	-334.5
Pravastatin	1049	-873	-877	-871	-966	-872
Probucol	1093.5	928.5	685	939.5	716	1219
Propranolol	-1192.5	-804.5	-1292	-801	-1252	-1085
Quinapril	641	311	189	330	319	1134
Quinethazone	1058	629.5	679	625	631	635
Ramipril	-1150.5	-588.5	-843	-618	-805	577
Rivaroxaban	486	264	164	265.5	131.5	663
Rosuvastatin	-1152.5	-1231.5	-1304	-1211.5	-1275	-1106
Simvastatin	1317	1188	955	1197	1188	1219
Sotalol	-1240	-769	-738	-856	-731	-1244
Spironolactone	1219	1287	1298	1285	1288	1226
Synephrine	1069	-684	-674	715.5	-675	-812
Telmisartan	-1332	-1231	-1267	-1286	-1238	-1312
Ticlopidine	1058	-770.5	-835	-734	-868	-1163
Tienilic_acid	1263	1220	1225	1229	1189	1315
Timolol	1166	990	644	534	670	1247
Torasemide	-1249	-683	1115	-697	-818	-1120
Treprostinil	1233.5	1122.5	925	1197.5	1006	1326
Triamterene	-1321	-1341	-1340	-1343	-1339	-1321
Valsartan	1277	1258	1144	1280	1134	-1266
Warfarin	1305	1344	1364	1328	1354	1231
