ad	density	cc	spath	eigencentr	betwcentr
drug_1	-831	-1369.5	-1421.5	-1195.5	-1258.5	-1127.5
drug_10	-831	-659.5	-942	-540	-788.5	-833
drug_100	-831	-1091.5	624.5	452.5	-1074.5	947.5
drug_101	-831	1029.5	1007	894.5	942	813
drug_102	-831	1029.5	1007	894.5	942	813
drug_103	-831	-1091.5	761	843.5	-1074.5	-845.5
drug_104	-831	687	791	-711	678	1010
drug_105	-831	1029.5	1007	894.5	932.5	813
drug_106	-831	1029.5	1007	894.5	1105	813
drug_107	-831	1029.5	1007	894.5	937	813
drug_108	-831	1029.5	1007	894.5	1097	813
drug_109	-831	687	791	-711	838	1010
drug_11	-831	-987	-1068	-827	-854.5	-726
drug_110	-831	1085	1111	946	1065.5	720
drug_111	-831	1085	1111	946	1008	720
drug_112	-831	1085	1111	946	856.5	720
drug_113	-831	1003.5	1200.5	830.5	1092	1131.5
drug_114	-831	1085	1111	946	1168	720
drug_115	-831	714.5	978.5	-622.5	1003.5	937.5
drug_116	-831	714.5	978.5	-622.5	932	937.5
drug_117	-831	1085	1111	946	1008	720
drug_118	-831	714.5	978.5	-622.5	772	937.5
drug_119	-831	1177.5	-1180.5	-1142.5	-1109	-1029.5
drug_12	-831	-879.5	426.5	367.5	-898	-819
drug_120	-831	1085	1111	946	1046	720
drug_121	-831	1085	1111	946	1046	720
drug_122	-831	-987	-1068	-827	-890.5	-726
drug_123	-831	1085	1111	946	1249	720
drug_124	-831	1085	1111	946	894.5	720
drug_125	-831	1085	1111	946	872.5	720
drug_126	-831	1085	1111	946	1008	720
drug_127	-831	-987	-1068	-827	-943.5	801.5
drug_128	-831	1040.5	968.5	1037.5	1077	877.5
drug_129	-831	714.5	978.5	-622.5	772	937.5
drug_13	-831	-748	-800.5	-595.5	-747	813
drug_130	-831	714.5	978.5	-622.5	932	937.5
drug_131	-831	1085	1111	946	1206	720
drug_132	-831	-987	-1068	-827	-1122.5	801.5
drug_133	-831	714.5	978.5	-622.5	778.5	937.5
drug_134	-831	-987	-1068	-827	-943.5	-726
drug_135	-831	1085	1111	946	1046	720
drug_136	-831	973.5	962.5	846.5	634.5	513.5
drug_137	-831	714.5	978.5	-622.5	782	937.5
drug_138	-831	1085	1111	946	894.5	720
drug_139	-831	714.5	978.5	-622.5	-799.5	937.5
drug_14	-831	-987	-1068	-827	-1102	-726
drug_140	-831	714.5	978.5	-622.5	778.5	937.5
drug_141	-831	1085	1111	946	894.5	720
drug_142	-831	1213	1247	1100.5	1315	989
drug_143	-831	1085	1111	946	1156	720
drug_144	-831	1186.5	1174.5	1078.5	1090	897.5
drug_145	-831	1155	1169.5	1070.5	1231	1093.5
drug_146	-831	1155	1169.5	1070.5	1074	1093.5
drug_147	-831	1213	1247	1100.5	1307	989
drug_148	-831	1213	1247	1100.5	1150	989
drug_149	-831	1213	1247	1100.5	1155	989
drug_15	-831	-748	-800.5	-595.5	-691.5	813
drug_150	-831	1213	1247	1100.5	1150	989
drug_151	-831	1155	1169.5	1070.5	1233	1093.5
drug_152	-831	929.5	937	809.5	626.5	967
drug_153	-831	1213	1247	1100.5	1033.5	989
drug_154	-831	1085	1111	946	1046	720
drug_155	-831	1213	1247	1100.5	1033.5	989
drug_156	-831	-987	-1068	-827	-1102	-726
drug_157	-831	1144	1184	1015	1334	827
drug_158	-831	1144	1184	1015	1113	827
drug_159	-831	1213	1247	1100.5	1380	989
drug_16	-831	-987	-1068	-827	-1175.5	-726
drug_160	-831	1213	1247	1100.5	1003.5	989
drug_161	-831	1213	1247	1100.5	1158.5	989
drug_162	-831	1213	1247	1100.5	1310	989
drug_163	-831	1155	1169.5	1070.5	1230	1093.5
drug_164	-831	1085	1111	946	1184	720
drug_165	-831	1085	1111	946	990.5	720
drug_166	-831	1213	1247	1100.5	1158.5	989
drug_167	-831	1155	1169.5	1070.5	1232	1093.5
drug_168	-831	1213	1247	1100.5	1315	989
drug_169	-831	1213	1247	1100.5	1160	989
drug_17	-831	-748	-800.5	-595.5	-691.5	813
drug_170	-831	1085	1111	946	929.5	720
drug_171	-831	-987	-1068	-827	-890.5	-726
drug_172	-831	-987	-1068	-827	904	-726
drug_173	-831	-987	-1068	-827	1009.5	-726
drug_174	-831	-987	-1068	-827	1009.5	-726
drug_175	-831	1000.5	-959	876.5	1194	887.5
drug_176	-831	733	-942	609	-795.5	-833
drug_177	-831	-987	-1068	-827	-1049	849.5
drug_178	-831	-987	-1068	-827	-1102	-726
drug_179	-831	-987	-1068	-827	1046	-726
drug_18	-831	-748	-800.5	-595.5	-689	813
drug_180	-831	-987	-1068	-827	-1049	849.5
drug_181	-831	-987	-1068	-827	-1049	849.5
drug_182	-831	-987	-1068	-827	-890.5	-726
drug_183	-831	733	-942	609	-788.5	-833
drug_184	-831	-987	-1068	-827	-854.5	-726
drug_185	-831	-987	-1068	-827	-817.5	849.5
drug_186	-831	-987	-1068	-827	-1122.5	-726
drug_187	-831	-987	-1068	-827	-1122.5	849.5
drug_188	-831	-987	-1068	-827	-1049	-726
drug_189	-831	-987	-1068	-827	849.5	-726
drug_19	-831	-987	-1068	-827	-1175.5	-726
drug_190	-831	-987	-1068	-827	-844.5	849.5
drug_191	-831	-885	-716.5	-893	-645.5	-1158.5
drug_192	-831	-987	-1068	-827	-943.5	849.5
drug_193	-831	-987	-1068	-827	-1049	849.5
drug_194	-831	-987	-1068	-827	-1049	-726
drug_195	-831	733	-942	609	-788.5	-833
drug_196	-831	-987	-1068	-827	886	-726
drug_197	-831	-987	-1068	-827	-1122.5	849.5
drug_198	-831	733	-942	609	825	-833
drug_199	-831	-987	-1068	-827	1111	-726
drug_2	-831	-987	-1068	-827	-1003	-726
drug_20	-831	-748	-800.5	-595.5	-742	813
drug_200	-831	-987	-1068	-827	1009.5	-726
drug_201	-831	-987	-1068	-827	-890.5	801.5
drug_202	-831	989.5	960.5	-983	1180	1111.5
drug_203	-831	-987	-1068	-827	-890.5	801.5
drug_204	-831	989.5	960.5	-983	954	1111.5
drug_205	-831	-987	-1068	-827	-943.5	-726
drug_206	-831	1171	1163.5	1033	1124.5	1041.5
drug_207	-831	-987	-1068	-827	-943.5	-726
drug_208	-831	774.5	-959	770	-730	1053.5
drug_209	-831	-987	-1068	-827	-890.5	849.5
drug_21	-831	-987	-1068	-827	-943.5	-726
drug_210	-831	1171	1163.5	1033	1286.5	1041.5
drug_211	-831	-987	-1068	-827	-1125	849.5
drug_212	-831	-987	-1068	-827	1135.5	-726
drug_213	-831	-987	-1068	-827	1064	-726
drug_214	-831	-831.5	1034.5	-983	1120.5	1105.5
drug_215	-831	-987	-1068	-827	-1155.5	1021
drug_216	-831	1171	1163.5	1033	1284.5	1041.5
drug_217	-831	-831.5	1034.5	-983	962	1105.5
drug_218	-831	-987	-1068	-827	-1122.5	1021
drug_219	-831	1171	1163.5	1033	1129.5	1041.5
drug_22	-831	-1442	-1307.5	-1301.5	-1305.5	-1253.5
drug_220	-831	1171	1163.5	1033	1129.5	1041.5
drug_221	-831	962	1061.5	-904	1149	1147.5
drug_222	-831	-831.5	1034.5	-983	1120.5	1105.5
drug_223	-831	-831.5	-768	-983	-927	1145.5
drug_224	-831	-987	-1068	-827	-943.5	801.5
drug_225	-831	-987	-1068	-827	-890.5	849.5
drug_226	-831	-987	-1068	-827	-1102	849.5
drug_227	-831	-987	-1068	-827	-943.5	-726
drug_228	-831	-987	-1068	-827	-890.5	1021
drug_229	-831	-659.5	-942	-540	-788.5	-833
drug_23	-831	1000.5	-959	876.5	967	887.5
drug_230	-831	989.5	960.5	-983	953	1111.5
drug_231	-831	-987	-1068	-827	-943.5	849.5
drug_232	-831	733	-942	609	-1020.5	-833
drug_233	-831	-987	-1068	-827	-890.5	-726
drug_234	-831	929.5	937	809.5	604.5	967
drug_235	-831	929.5	937	809.5	981	967
drug_236	-831	-659.5	-862	-622.5	548.5	1074.5
drug_237	-831	-987	-1068	-827	-1049	849.5
drug_238	-831	714.5	978.5	-622.5	767.5	937.5
drug_239	-831	714.5	978.5	-622.5	620.5	937.5
drug_24	-831	1131	1125	1093	1284	-1128.5
drug_240	-831	714.5	978.5	-622.5	778.5	937.5
drug_241	-831	1085	1111	946	894.5	720
drug_242	-831	-659.5	-862	-622.5	-836	1074.5
drug_243	-831	714.5	978.5	-622.5	778.5	937.5
drug_244	-831	1085	1111	946	1184	720
drug_245	-831	-987	-1068	-827	-1125	-726
drug_246	-831	1085	1111	946	1046	720
drug_247	-831	1085	1111	946	1156	720
drug_248	-831	929.5	937	809.5	748.5	967
drug_249	-831	1181.5	1156.5	1060.5	984	999.5
drug_25	-831	946	995	809.5	812	765
drug_250	-831	-987	-1068	-827	-1198.5	-726
drug_251	-831	-987	-1068	-827	-943.5	-726
drug_252	-831	1085	1111	946	1046	720
drug_253	-831	-987	-1068	-827	-1102	-726
drug_254	-831	929.5	937	809.5	908.5	967
drug_255	-831	1085	1111	946	1024	720
drug_256	-831	-659.5	-862	-622.5	-604	1074.5
drug_257	-831	-659.5	-862	-622.5	-567.5	1074.5
drug_258	-831	714.5	978.5	-622.5	927.5	937.5
drug_259	-831	714.5	978.5	-622.5	627	937.5
drug_26	-831	823	809	789.5	705.5	865
drug_260	-831	-659.5	-987.5	427	-739.5	-858.5
drug_261	-831	647	778.5	626	744	654.5
drug_262	-831	-659.5	-987.5	477	-891.5	-858.5
drug_263	-831	647	778.5	626	745.5	654.5
drug_264	-831	647	778.5	626	-662	654.5
drug_265	-831	984.5	1054	905	1075.5	621
drug_266	-831	647	778.5	626	748	654.5
drug_267	-831	814.5	1042	777	790	-606.5
drug_268	-831	-832	-1053	854.5	-822.5	-1003
drug_269	-831	-659.5	-987.5	477	-884	-858.5
drug_27	-831	823	809	789.5	554	865
drug_270	-831	647	778.5	626	471.5	654.5
drug_271	-831	1018.5	1070.5	1005	822.5	769.5
drug_272	-831	647	778.5	626	-437.5	654.5
drug_273	-831	-987	-1068	-827	1046	-726
drug_274	-831	647	778.5	626	592	654.5
drug_275	-831	647	778.5	626	750	654.5
drug_276	-831	1192.5	1192	1076.5	984	1048
drug_277	-831	647	778.5	626	752	654.5
drug_278	-831	814.5	1042	777	1026	457
drug_279	-831	757	801	834	858.5	906
drug_28	-831	574.5	-637.5	464	-914	-996.5
drug_280	-831	814.5	1042	777	791	-606.5
drug_281	-831	814.5	1042	777	792	-606.5
drug_282	-831	757	801	834	633.5	906
drug_283	-831	973.5	1019	-983	1088	1029
drug_284	-831	814.5	1042	777	671.5	-606.5
drug_285	-831	-1336	-1401.5	-1160	-1256.5	-1122.5
drug_286	-831	-770.5	-1260.5	-724	-807	-919.5
drug_287	-831	-689.5	-817.5	-727.5	-693.5	-826.5
drug_288	-831	814.5	1042	777	1014	-606.5
drug_289	-831	-950.5	-1155	1094.5	984	-1148
drug_29	-831	-987	-1068	-827	-1086.5	-726
drug_290	-831	1421	1427	1365	1273	-636
drug_291	-831	1421	1427	1365	1326.5	-636
drug_292	-831	1421	1427	1365	1368	-636
drug_293	-831	1421	1427	1365	1304	-636
drug_294	-831	1421	1427	1365	1341.5	-636
drug_295	-831	1421	1427	1365	1326.5	-636
drug_296	-831	1380	1364	1412	1251.5	-712
drug_297	-831	1380	1364	1412	1230	-712
drug_298	-831	-1248	-1355	1124.5	-1208	-973
drug_299	-831	-1393.5	-1463.5	-1404.5	-1407.5	-1328.5
drug_3	-831	-1467.5	-740.5	884	-1496.5	-1383.5
drug_30	-831	1161	1037.5	1026.5	1081.5	1070.5
drug_300	-831	-1406.5	-1469	1421	-1424.5	-1321
drug_301	-831	1421	1427	1365	1289	-636
drug_302	-831	1421	1427	1365	1369.5	-636
drug_303	-831	1144.5	-1079	1175.5	-1127.5	-1117
drug_304	-831	1421	1427	1365	1311	-636
drug_305	-831	1421	1427	1365	1288	-636
drug_306	-831	1421	1427	1365	1326.5	-636
drug_307	-831	1421	1427	1365	1326	-636
drug_308	-831	1421	1427	1365	1261	-636
drug_309	-831	1421	1427	1365	1326	-636
drug_31	-831	-659.5	-987.5	477	-965	-858.5
drug_310	-831	1421	1427	1365	1298.5	-636
drug_311	-831	1421	1427	1365	1379.5	-636
drug_312	-831	1421	1427	1365	1326	-636
drug_313	-831	-1248	-1355	1124.5	-1198.5	-973
drug_314	-831	1421	1427	1365	1326	-636
drug_315	-831	1421	1427	1365	1325.5	-636
drug_316	-831	1421	1427	1365	1364.5	-636
drug_317	-831	1421	1427	1365	1348.5	-636
drug_318	-831	1421	1427	1365	1326	-636
drug_319	-831	1421	1427	1365	1326.5	-636
drug_32	-831	1161	1037.5	1026.5	1083	1070.5
drug_320	-831	532.5	612.5	-711	-668.5	1101.5
drug_321	-831	504	516	-520	-692	1063
drug_322	-831	714.5	978.5	-622.5	997	937.5
drug_323	-831	714.5	978.5	-622.5	772	937.5
drug_324	-831	806	751	789.5	805	1034
drug_325	-831	504	516	-520	-461	1063
drug_326	-831	-659.5	-862	-622.5	-604	1074.5
drug_327	-831	687	791	-711	-882	1010
drug_328	-831	-831.5	-681	-929.5	-1148.5	1059.5
drug_329	-831	-831.5	-681	-929.5	-1138.5	1059.5
drug_33	-831	946	995	809.5	663	765
drug_330	-831	687	791	-711	-808.5	1010
drug_331	-831	-1426.5	908.5	1059	1062.5	-1505
drug_332	-831	532.5	612.5	-711	703	1101.5
drug_333	-831	806	751	789.5	-882	1034
drug_334	-831	-987	-1068	-827	-890.5	801.5
drug_335	-831	-831.5	-681	-929.5	-1002	1059.5
drug_336	-831	687	791	-711	-882	1010
drug_337	-831	981.5	754.5	990	857	1108.5
drug_338	-831	687	791	-711	838	1010
drug_339	-831	687	791	-711	-882	1010
drug_34	-831	-987	-1068	-827	-1102	-726
drug_340	-831	687	791	-711	678	1010
drug_341	-831	-553.5	-553	-734	-785	1130.5
drug_342	-831	946	-950	988.5	732	-953.5
drug_343	-831	1181.5	1156.5	1060.5	1260.5	999.5
drug_344	-831	1029.5	1007	894.5	937	813
drug_345	-831	532.5	612.5	-711	-639.5	1101.5
drug_346	-831	741.5	579.5	759	-625	1081.5
drug_347	-831	929.5	937	809.5	743	967
drug_348	-831	-831.5	-681	-929.5	-1160.5	-916.5
drug_349	-831	1144	1184	1015	1276	827
drug_35	-831	823	809	789.5	552	865
drug_350	-831	-1163.5	-1188.5	-1140.5	-1138	-1100.5
drug_351	-831	973.5	1019	-983	929.5	1029
drug_352	-831	1144	1184	1015	1113	827
drug_353	-831	1144	1184	1015	1266.5	827
drug_354	-831	-987	-1068	-827	-1102	849.5
drug_355	-831	733	-942	609	-788.5	-833
drug_356	-831	-659.5	-942	-540	-788.5	-833
drug_357	-831	1144	1184	1015	1113	827
drug_358	-831	1007	1046.5	894.5	966	663.5
drug_359	-831	-1155.5	-1185	-1148	-1392.5	-1091
drug_36	-831	574.5	-637.5	464	-909	-996.5
drug_360	-831	-1155.5	-1185	-1148	-1127.5	-1091
drug_361	-831	973.5	1019	-983	926.5	1029
drug_362	-831	-987	-1068	-827	-1013	-726
drug_363	-831	1144	1184	1015	1331.5	827
drug_364	-831	1144	1184	1015	1113	827
drug_365	-831	1144	1184	1015	1109	827
drug_366	-831	1040.5	1027.5	1045	1135	1113.5
drug_367	-831	1144	1184	1015	1113	827
drug_368	-831	973.5	1019	-983	808	1029
drug_369	-831	1192.5	1192	1076.5	984	1048
drug_37	-831	-831.5	738.5	-929.5	-1222	-916.5
drug_370	-831	973.5	1019	-983	926.5	1029
drug_371	-831	973.5	1019	-983	923	1029
drug_372	-831	973.5	1019	-983	924.5	1029
drug_373	-831	733	-942	609	-788.5	-833
drug_374	-831	973.5	1019	-983	929.5	1029
drug_375	-831	1144	1184	1015	1109	827
drug_376	-831	1144	1184	1015	1117	827
drug_377	-831	1002	940	995.5	1068.5	-1249.5
drug_378	-831	-987	-1068	-827	1074.5	-726
drug_379	-831	-831.5	-681	-929.5	-971	-916.5
drug_38	-831	-831.5	738.5	-929.5	-1002	-916.5
drug_380	-831	-987	-1068	-827	-1122.5	849.5
drug_381	-831	-987	-1068	-827	-1102	-726
drug_382	-831	-831.5	-681	-929.5	-1129.5	-916.5
drug_383	-831	-831.5	738.5	-929.5	-1148.5	-916.5
drug_384	-831	-831.5	738.5	-929.5	-971	-916.5
drug_385	-831	-881.5	-796.5	1097.5	1088.5	1256.5
drug_386	-831	-831.5	738.5	-929.5	-1002	-916.5
drug_387	-831	-831.5	738.5	-929.5	-1276	-916.5
drug_388	-831	-831.5	738.5	-929.5	-980	-916.5
drug_389	-831	-831.5	738.5	-929.5	-1002	-916.5
drug_39	-831	574.5	-637.5	464	-753	-996.5
drug_390	-831	-831.5	-681	-929.5	-1002	-916.5
drug_391	-831	-831.5	-681	-929.5	-1138.5	-916.5
drug_392	-831	-987	-1068	-827	-890.5	849.5
drug_393	-831	-831.5	-681	-929.5	-1138.5	-916.5
drug_394	-831	-831.5	738.5	-929.5	-1203	-916.5
drug_395	-831	-987	-1068	-827	1009.5	-726
drug_396	-831	697	596	593.5	-963	-984
drug_397	-831	-831.5	738.5	-929.5	-1138.5	-916.5
drug_398	-831	-987	-1068	-827	781.5	849.5
drug_399	-831	-831.5	-681	-929.5	-1234	-916.5
drug_4	-831	-987	-1068	-827	-943.5	-726
drug_40	-831	823	809	789.5	703.5	865
drug_400	-831	-831.5	738.5	-929.5	-990	-916.5
drug_401	-831	-1237	-1382	-1015	-1278	-1503
drug_402	-831	-831.5	738.5	-929.5	-980	-916.5
drug_403	-831	-831.5	-681	-929.5	-1002	-916.5
drug_404	-831	-831.5	738.5	-929.5	-1002	-916.5
drug_405	-831	-831.5	-681	-929.5	-980	-916.5
drug_406	-831	-831.5	-681	-929.5	-1002	-916.5
drug_407	-831	1421	1427	1365	1304	-636
drug_408	-831	1421	1427	1365	1326	-636
drug_409	-831	1265.5	1253	1228.5	1036	-636
drug_41	-831	574.5	-637.5	464	-750.5	-996.5
drug_410	-831	-1248	-1355	1124.5	-1188.5	-973
drug_411	-831	1265.5	1253	1228.5	1028.5	-636
drug_412	-831	1421	1427	1365	1327	-636
drug_413	-831	1421	1427	1365	1310.5	-636
drug_414	-831	1421	1427	1365	1326.5	-636
drug_415	-831	-1248	-1355	-1094	-1287.5	-973
drug_416	-831	1265.5	1253	1228.5	1028.5	-636
drug_417	-831	1265.5	1253	1228.5	1013.5	-636
drug_418	-831	1265.5	1253	1228.5	1051	-636
drug_419	-831	1421	1427	1365	1288	-636
drug_42	-831	1161	1037.5	1026.5	1081.5	1070.5
drug_420	-831	-1248	-1355	-1094	-1208	-973
drug_421	-831	1421	1427	1365	1261	-636
drug_422	-831	1265.5	1253	1228.5	1036	-636
drug_423	-831	1265.5	1253	1228.5	1058.5	-636
drug_424	-831	1265.5	1253	1228.5	1058.5	-636
drug_425	-831	1265.5	1253	1228.5	1066	-636
drug_426	-831	1265.5	1253	1228.5	1043	-636
drug_427	-831	1265.5	1253	1228.5	1036	-636
drug_428	-831	1421	1427	1365	1326.5	-636
drug_429	-831	1421	1427	1365	1273	-636
drug_43	-831	574.5	-637.5	464	-985	-996.5
drug_430	-831	1421	1427	1365	1326	-636
drug_431	-831	1265.5	1253	1228.5	1045.5	-636
drug_432	-831	1421	1427	1365	1298.5	-636
drug_433	-831	1265.5	1253	1228.5	1066	-636
drug_434	-831	-1248	-1355	1124.5	-1287.5	-973
drug_435	-831	1265.5	1253	1228.5	1020.5	-636
drug_436	-831	1421	1427	1365	1304	-636
drug_437	-831	1085	1111	946	1062	720
drug_438	-831	1085	1111	946	1271	720
drug_439	-831	1085	1111	946	1008	720
drug_44	-831	-831.5	738.5	-929.5	-990	-916.5
drug_440	-831	1085	1111	946	1046	720
drug_441	-831	1085	1111	946	945.5	720
drug_442	-831	-987	-1068	-827	-943.5	-726
drug_443	-831	-1361	-1399.5	-1204	-1257.5	-1153.5
drug_444	-831	-1291	-1294	-1133.5	-1244.5	-1101
drug_445	-831	-748	-800.5	-595.5	-747	813
drug_446	-831	804	-980	1318.5	916	1323
drug_447	-831	1225.5	1237.5	1086.5	1167	1086.5
drug_448	-831	1085	1111	946	1046	720
drug_449	-831	1181.5	1156.5	1060.5	1325.5	999.5
drug_45	-831	-987	-1068	-827	-890.5	-726
drug_450	-831	1085	1111	946	1046	720
drug_451	-831	1085	1111	946	1156	720
drug_452	-831	-1332.5	1126	-1212.5	1183.5	-1211.5
drug_453	-831	1085	1111	946	1024	720
drug_454	-831	1085	1111	946	1008	720
drug_455	-831	-1145.5	-1182	-1139	-1351	-1074
drug_456	-831	1085	1111	946	1215.5	720
drug_457	-831	1225.5	1237.5	1086.5	1394	1086.5
drug_458	-831	1252.5	1261.5	1126	1184	1138.5
drug_459	-831	1085	1111	946	1206	720
drug_46	-831	574.5	-637.5	464	-755.5	-996.5
drug_460	-831	1225.5	1237.5	1086.5	1016.5	1086.5
drug_461	-831	1085	1111	946	1008	720
drug_462	-831	1181.5	1156.5	1060.5	1260.5	999.5
drug_463	-831	-987	-1068	-827	904	-726
drug_464	-831	1085	1111	946	1168	720
drug_465	-831	1085	1111	946	996	720
drug_466	-831	-831.5	738.5	-929.5	-980	-916.5
drug_467	-831	-1296.5	-857.5	-1130.5	-1226.5	1158.5
drug_468	-831	-831.5	-681	-929.5	-1002	-916.5
drug_469	-831	593	610	-734	801.5	1068
drug_47	-831	759.5	770.5	752.5	806	-643.5
drug_470	-831	-1367	-1308.5	-1256	-1262.5	-1165.5
drug_471	-831	-1175	-1195	-1142.5	968	775
drug_472	-831	-987	-1068	-827	-890.5	-726
drug_473	-831	-987	-1068	-827	-890.5	1021
drug_474	-831	593	610	-734	736.5	1068
drug_475	-831	973.5	749	854	921.5	956
drug_476	-831	1000.5	-959	876.5	968	887.5
drug_477	-831	-1106.5	499	468	-1250	-1062.5
drug_478	-831	-1106.5	499	468	-1093	-1062.5
drug_479	-831	-831.5	-681	-929.5	-876	-916.5
drug_48	-831	-659.5	-987.5	477	-607	-858.5
drug_480	-831	-831.5	-681	-929.5	-990	-916.5
drug_481	-831	-761.5	-792	-730	-830	948.5
drug_482	-831	-831.5	-681	-929.5	-1138.5	-916.5
drug_483	-831	-831.5	-681	-929.5	-980	-916.5
drug_484	-831	-831.5	-681	-929.5	-1002	-916.5
drug_485	-831	-831.5	738.5	-929.5	-1245	-916.5
drug_486	-831	697	596	593.5	-804.5	-984
drug_487	-831	-987	-1068	-827	-1122.5	-726
drug_488	-831	-831.5	-681	-929.5	-1267	-916.5
drug_489	-831	-987	-1068	-827	-1175.5	801.5
drug_49	-831	1201	1195.5	1080.5	1306	1119.5
drug_490	-831	-831.5	-681	-929.5	-990	1059.5
drug_491	-831	-1175	-1195	-1142.5	807	775
drug_492	-831	-831.5	-681	-929.5	-1129.5	-916.5
drug_493	-831	-831.5	-681	-929.5	-980	1059.5
drug_494	-831	-1479	-920	-1485	-889	-1058
drug_495	-831	-831.5	738.5	-929.5	-1002	-916.5
drug_496	-831	-987	-1068	-827	-1102	-726
drug_5	-831	-1118.5	666	609	-1259	-1045.5
drug_50	-831	1171	1163.5	1033	1288	1041.5
drug_51	-831	-987	-1068	-827	-1102	-726
drug_52	-831	-1171.5	-1196.5	-1124.5	-1092	925.5
drug_53	-831	-963.5	970	937	-1015	-1244.5
drug_54	-831	-659.5	-987.5	477	-733	-858.5
drug_55	-831	-659.5	-987.5	477	-733	-858.5
drug_56	-831	-659.5	-987.5	477	-733	-858.5
drug_57	-831	-659.5	-987.5	477	-965	-858.5
drug_58	-831	-987	-1068	-827	-1102	-726
drug_59	-831	-1171.5	-1197.5	-1117.5	-1041	-456.5
drug_6	-831	-987	-1068	-827	1009.5	-726
drug_60	-831	-659.5	-987.5	477	-725.5	-858.5
drug_61	-831	-1176.5	-1198.5	-1134.5	-893.5	893.5
drug_62	-831	778	784.5	838.5	571.5	1084.5
drug_63	-831	-659.5	-987.5	477	-733	-858.5
drug_64	-831	-1118.5	666	609	-1332.5	-1045.5
drug_65	-831	-987	-1068	-827	1064	-726
drug_66	-831	-659.5	-987.5	477	-725.5	-858.5
drug_67	-831	806	755.5	830.5	927	1090.5
drug_68	-831	-987	-1068	-827	-1175.5	-726
drug_69	-831	946	995	809.5	974.5	765
drug_7	-831	-1388	-1437.5	-1207.5	-1363.5	-1132.5
drug_70	-831	-987	-1068	-827	-1049	849.5
drug_71	-831	946	995	809.5	976	765
drug_72	-831	-659.5	-987.5	427	-965	-858.5
drug_73	-831	-659.5	-987.5	477	-891.5	-858.5
drug_74	-831	-659.5	-987.5	477	-891.5	-858.5
drug_75	-831	1171	1163.5	1033	1286.5	1041.5
drug_76	-831	946	995	809.5	972	765
drug_77	-831	-1145.5	-1187	-1123	-1123	-1102.5
drug_78	-831	946	995	809.5	812	765
drug_79	-831	960	992	1072.5	990	-906.5
drug_8	-831	-987	-1068	-827	-1102	-726
drug_80	-831	-1102.5	551.5	445.5	-1083	-1060.5
drug_81	-831	-659.5	-987.5	427	-739.5	-858.5
drug_82	-831	687	791	-711	-882	1010
drug_83	-831	687	791	-711	-662.5	1010
drug_84	-831	687	791	-711	682.5	1010
drug_85	-831	-1106.5	586.5	587	-1091.5	-1062.5
drug_86	-831	1029.5	1007	894.5	932.5	813
drug_87	-831	1029.5	1007	894.5	945	813
drug_88	-831	1029.5	1007	894.5	937	813
drug_89	-831	-1091.5	761	843.5	-1305	-845.5
drug_9	-831	-659.5	-942	-540	-1027.5	-833
drug_90	-831	1029.5	1007	894.5	945	813
drug_91	-831	1029.5	1007	894.5	937	813
drug_92	-831	687	791	-711	673.5	1010
drug_93	-831	1029.5	1007	894.5	785.5	813
drug_94	-831	1029.5	1007	894.5	942	813
drug_95	-831	1085	1111	946	1206	720
drug_96	-831	1029.5	1007	894.5	947	813
drug_97	-831	-987	-1068	-827	-890.5	-726
drug_98	-831	1029.5	1007	894.5	1097	813
drug_99	-831	-1102.5	956.5	854	-1237.5	-660.5
Acebutolol	-831	949	945.5	941.5	982	-1417
Acetylsalicylic_acid	-831	-813	-871	-772	775	-745
Alprenolol	-831	-829.5	-949.5	1013	-840	-1461
Amiloride	-831	1501.5	1511.5	1437	1571.5	1464.5
Amlodipine	-831	-1189.5	-864	-1510	-968	-1024
Atenolol	-831	722	754	-697.5	688	1173.5
Atorvastatin	-831	-792.5	-902	-915	-926	-1402
Benazepril	-831	1530.5	1554	1601.5	1589	1555
Bendroflumethiazide	-831	-1252.5	-1120	-1439	-768	-1447
Betaxolol	-831	1360.5	1392.5	1315.5	1384	1153.5
Bezafibrate	-831	365	-200	523	423	1172
Bisoprolol	-831	618.5	844.5	776	859	1394.5
Bumetanide	-831	575	553	-729.5	608	1233
Canrenoic_acid	-831	1483.5	1456	1521	1566	1584
Captopril	-831	727	-975	-1402	954	-1281
Carteolol	-831	-1568.5	-1538	-1597	-1594	-1605
Carvedilol	-831	-1110	-1062.5	-1394	-1176	-1377
Cerivastatin	-831	-1497	-751.5	-694	-1482	-1334
Chlorhexidine	-831	583	627	-1123	-665	-632
Chlorthalidone	-831	1560	-1587.5	1526	1588	1359
Cilnidipine	-831	-1512.5	-1529	-1516	-1515	-1422
Cilostazol	-831	-1393.5	789	920	-1298	-1331
Clofibrate	-831	676	-641	766	570	1120
Clopidogrel	-831	-1463.5	-947	-1491	1407	-1425
Cyclopenthiazide	-831	1523.5	842	821	1576	1536
Digoxin	-831	1227.5	1177	1140.5	1416	-1138
Dipyridamole	-831	-1488	-968	-1332	-1475	-1442
DNB10063341	-831	-811.5	546.5	533	-844	-1382
DNB10108190	-831	-1185	-928.5	-1325	-1346	-1252
DNB10133	-831	300	460.5	523	-746	1148.5
DNB1013376	-831	-626.5	-814	-774	-574.5	722.5
DNB10135759	-831	-691.5	-768	808	-702	908
DNB10204	-831	-1592.5	-1596	-1494	1311	-1564
DNB102175	-831	895	920	-1385	990	-1311
DNB102614	-831	670	399.5	998	471	-760
DNB10311918	-831	1227.5	1283.5	1109.5	1413	-1210
DNB10365	-831	691.5	-1245	1251	739	1105
DNB10531	-831	1471	1488	-1435	1522	1201
DNB10607	-831	1030	1099	1482	927	1415
DNB10631	-831	-1614	-848	-833	-1610	-1549
DNB10767	-831	735	909.5	972.5	1220	1429.5
DNB107715	-831	891	1001	826.5	861	962
DNB107905	-831	-1370	-989.5	820	966	-1406.5
DNB108092	-831	-1046.5	-956	-1508.5	-1532	-1548
DNB10932412	-831	-1546	-1549	-771	907	-1540
DNB11003969	-831	-460.5	569	-274	-564	-728
DNB11072143	-831	628.5	-817	732	561	807
DNB11207937	-831	-1518.5	-783	-771.5	-1538	-1572
DNB11292680	-831	-1169.5	470	-1314	-1294	-1309
DNB11575713	-831	954.5	777.5	900.5	911	-1239
DNB11626927	-831	-1008	1001.5	-872	1538	1537
DNB11634725	-831	-1382.5	-1484.5	-1262	-1284.5	-1158.5
DNB1172104	-831	1244	-1504	667	1404	1151
DNB11723560	-831	-1545.5	-783	-837	-1566	-1549
DNB119192	-831	-1442	-1332	-1487.5	-1278	1253
DNB119198	-831	-1392	782.5	866.5	-1349.5	-1403.5
DNB119565	-831	841.5	870	1318	1384	1138
DNB1219	-831	892.5	979	880	-933	1547
DNB122623	-831	823	1059	832	991	1122
DNB123662	-831	-1086	-1309	1063.5	-1202.5	-1351
DNB124735	-831	-964	-923	-790.5	797	-1376
DNB124846	-831	-966.5	-907	-1443	1363	1192
DNB128737	-831	1498.5	1507.5	1428.5	1052.5	1498.5
DNB132887	-831	814.5	989	827	990	-1102
DNB135398661	-831	-908.5	1048.5	-871.5	953	1432.5
DNB136235688	-831	-851	-835	-882.5	-857	-1311
DNB137	-831	-885.5	-821.5	-1403	-930	-1329
DNB13791	-831	-1543.5	-1597	-1445	-1618	-1551
DNB13817	-831	-1569	-1553	-1538	-1537	-1626
DNB14709	-831	-1249	-1167	-1436.5	-1508	-1377
DNB1474853	-831	140	242	96.5	689	1289
DNB15209	-831	-1231.5	-1051	-1525.5	-1302	-1478
DNB1560	-831	-1583	-1569	-1012	-1224	-1546
DNB156314	-831	-1609	-1607	-1597	-1622	-1616
DNB1564	-831	532.5	516	1327.5	950	1467
DNB15897	-831	970	866	793	931	898
DNB160588	-831	-1495	-788	927.5	906.5	-1568
DNB163332	-831	-722.5	-814.5	-846.5	-754	1394.5
DNB1645	-831	-876	-1179	-814	-856	-1367
DNB165214	-831	-1544.5	-813	1100	-1575.5	-1510
DNB16720766	-831	1138	1119	1066	1227.5	-1147.5
DNB16757524	-831	-811	180	617	-885	-1242
DNB16759925	-831	-453	-1128	-598	-507	-1018
DNB16760588	-831	-1569.5	-827	1360	-1583	-1525
DNB16760634	-831	570	-826	770	-614	864
DNB16760682	-831	-1086.5	-1161	-879	-1135	-1355
DNB167715	-831	-908.5	-1083.5	-857	-1009.5	-1245.5
DNB168868	-831	953.5	1064	-883	-605	1403
DNB1694	-831	-650.5	-701.5	-559.5	-572.5	-454.5
DNB17534	-831	1190.5	-1039	-1252	-1240	-1344.5
DNB17759555	-831	-852.5	-971	-970	-833	-1422
DNB1797	-831	-1590	-1541.5	-1547.5	-1604	-1496.5
DNB180081	-831	884.5	-699	1334	773	1285
DNB1893	-831	1393	776	1377	1482	-1355
DNB1901244	-831	875.5	1032	-863.5	-1243	1536
DNB194138	-831	-1109.5	-1149.5	840	1091	1046.5
DNB197835	-831	-1331.5	926.5	-758.5	-1518	-1455
DNB199472	-831	-1445.5	-1505.5	-1306.5	-1438.5	-1236.5
DNB2046	-831	-462.5	933.5	153.5	710.5	1157.5
DNB2048	-831	1000	1049	1387	953	-1326
DNB2049	-831	-1222	-798	-1461	-1352	-1167
DNB2051	-831	929.5	875	1010	914	1418
DNB2052	-831	-1594	886	1417.5	-1602	-1321
DNB2061	-831	1405	1428	1391.5	-943	-1468
DNB2063	-831	814.5	963	-1256.5	831	-955
DNB220184	-831	920.5	952.5	856	907	1360.5
DNB222528	-831	-656.5	365	827.5	-854	-800
DNB2229	-831	-1455.5	-1519.5	-1323.5	-1391.5	-1259.5
DNB224859	-831	-1375.5	941	-1456	-911	-1253
DNB2249	-831	722	754	-697.5	688	1173.5
DNB23275476	-831	-314.5	-520	-1241	-197	747
DNB2336	-831	993.5	-699	293	997	1257
DNB23748511	-831	-1309	-1295.5	-1162.5	-1333.5	-1046.5
DNB2396	-831	-1485	-1024	879.5	-1452	-1118
DNB2399	-831	316.5	346	460	325	-1020
DNB24140566	-831	-1196	-1290	-988	-1225	-1398
DNB24288	-831	-1535.5	-1426	-1579	-1555	-1555
DNB24707	-831	-1325.5	-871.5	-1180.5	-1488	1565
DNB24861442	-831	1255.5	1045	-1500.5	-1495	1535
DNB25035942	-831	-1463.5	863	-1515.5	-1330.5	-1329.5
DNB25044204	-831	1587.5	1555	1543	1548	-1391
DNB25062766	-831	933.5	800	-830	1023	1346
DNB252682	-831	-1191.5	1022	-1308	-1400	-1461
DNB2603	-831	-1255	-742	786.5	-1138	-1324
DNB2608	-831	-511	240	-318.5	-542	642
DNB262093	-831	-1303.5	1225	-1233.5	-1270.5	-1210.5
DNB2724	-831	1411.5	1289	-1399	-1249	1318
DNB2725	-831	-860	-381.5	-838.5	-908.5	-662.5
DNB2726	-831	-783	-740.5	-1283.5	-948	-1030
DNB2729027	-831	-715.5	-588	-749	-735	1211
DNB2732	-831	1560	-1587.5	1526	1588	1359
DNB2733529	-831	994.5	901.5	1363	933	-957
DNB2736301	-831	-916.5	-878	-931	-898	-883
DNB2743956	-831	1018.5	864	838	902	1518
DNB2744062	-831	-1313.5	-838.5	-1238	-710.5	-1208.5
DNB27924	-831	-1381.5	-1291.5	-1304.5	-1265.5	-1219.5
DNB2807869	-831	-1150.5	-1112.5	-1160	-1453	1465
DNB2817908	-831	-946	-917	-1106.5	-1269	-1467
DNB2837530	-831	1478	902	944	1017	847
DNB285033	-831	-1320	-1433.5	-1174.5	-1376.5	770
DNB2941	-831	579.5	816	-659.5	785	841
DNB3000667	-831	-858.5	101.5	596.5	-833	-1357.5
DNB3035026	-831	-831.5	1050.5	-983	914	903.5
DNB3044	-831	-1120	-1367.5	-1033.5	-1292.5	-1361.5
DNB3065	-831	-1165	-1192	-1310.5	-1156	-1112
DNB3066	-831	-1236	-1255	-1399	-1175	1191
DNB3071	-831	997	866.5	1358	888	-1152
DNB3246023	-831	1016.5	761	1373.5	1198	-1408
DNB3262	-831	-883.5	-1402	-891	-968	-1591
DNB3330	-831	1562.5	1591	1636.5	1612	1603
DNB3337816	-831	-1331	881	-1495	1557	1524
DNB3394	-831	1176.5	1278.5	1118.5	1190	1154.5
DNB34677	-831	924.5	-698	933.5	-1041	-1367
DNB3473393	-831	709	-699	-396.5	787	775
DNB3493	-831	-1404.5	-1457.5	-1258	-1335.5	-1215.5
DNB3571	-831	1111	-745.5	-521.5	1199.5	-1152.5
DNB3634881	-831	-1355.5	-1472.5	-1210.5	-1381.5	-1209.5
DNB364622	-831	-1353.5	-1346	-1508	-1252.5	-1280
DNB3655	-831	329	690	-737.5	594	-913
DNB3689415	-831	-1211.5	1109	-1252.5	1273	-1247.5
DNB3689416	-831	804.5	858	840	770	1465
DNB36906	-831	-597.5	-343.5	-1274.5	-552	722
DNB3707	-831	-809.5	-359	776.5	877	759.5
DNB3712	-831	-1201.5	786	-1386.5	-1099	1423
DNB3785	-831	720	791	-1369	785	871
DNB3799	-831	-1228	-864	-1242	-1112	-1142
DNB3856780	-831	-739	450	-303	-769.5	687
DNB39912	-831	-1532.5	-1383	-1467.5	-1509	-1473
DNB4034	-831	-1522.5	-1518	-1487.5	-1543	1548
DNB4140	-831	1029.5	966.5	1055.5	1120	-1201
DNB4214594	-831	1527	1479	1528	1591	1575
DNB4369491	-831	-1484.5	-1388	-1523	-1476	1360
DNB4381125	-831	1520.5	-1358	-1562	1590	1601
DNB4402	-831	1468.5	1468	1421	1576	1496
DNB44139710	-831	-862	115	-647	-855	1003
DNB44143370	-831	1256.5	1295.5	1143.5	-1248	1159.5
DNB44287635	-831	-814	-809.5	-1275.5	-817	-1383
DNB443118	-831	748	897	712	891	-1255
DNB44483234	-831	756.5	772	764	837	-1236
DNB44483311	-831	-634	730	-667	-836	-1347
DNB44628955	-831	1014.5	1175.5	-1093.5	-926.5	1118.5
DNB448055	-831	-788	875.5	300.5	-807	1506
DNB448949	-831	1525	1430	1599	1616	1566
DNB45006167	-831	-1396	-1304	-701	-1195	1045.5
DNB462	-831	-1412.5	-1408.5	-1288.5	-1313.5	-1230.5
DNB4784	-831	-1368.5	-740.5	-902.5	-897	-1363
DNB4792	-831	-1260	-1324	-857.5	-1187	-1120
DNB5032	-831	-772	299.5	327.5	-788	-791
DNB5065494	-831	-690.5	737.5	-1260.5	684	791.5
DNB5081913	-831	610.5	-1323	1166.5	786	-1030
DNB5105	-831	1263.5	1289.5	1159.5	1067.5	1168.5
DNB51397512	-831	-830	858	882.5	-1029	-1314
DNB5173	-831	-1088.5	1078.5	1447	-1448	1420.5
DNB5271544	-831	-639.5	885	-811.5	796	918
DNB5281912	-831	941.5	974.5	831.5	983	1482.5
DNB5286534	-831	-1202.5	-1094.5	-854	-961	1045
DNB5318998	-831	-1042.5	1235	-1203	702.5	822
DNB5328760	-831	-841	433	311	-888	-831
DNB5328772	-831	-1452.5	-1523.5	-1315.5	-1349.5	-1256.5
DNB5328804	-831	311	-348.5	588	206	649.5
DNB5328807	-831	-992	-1345.5	1303	1423	-1297
DNB5329468	-831	-1167	-973	-1545	1418	1471
DNB5360696	-831	-1203	-840.5	-1216.5	662.5	-1019.5
DNB5419	-831	-1022.5	-1026	-930	-1422	-1539
DNB54562	-831	465.5	-898.5	434.5	473	-935
DNB55445	-831	-1274.5	942	-1407	892	-934
DNB5614	-831	-844	-1139.5	-841	-919	-1427
DNB5702040	-831	-1473	-1534	-1436	-945	-1348
DNB5702058	-831	1472	-1458	1562	1573	1514
DNB5702072	-831	-1443	-743	802	-1471	-1383
DNB5702093	-831	-976	-921	-1494.5	-935	-1040
DNB5702126	-831	-1554	-1088.5	-1124	-1563	-1429.5
DNB5702172	-831	-1029.5	-905.5	-1590.5	1484	1502
DNB57242	-831	-342	-454.5	-286	-434.5	838
DNB5753	-831	-1237	-1143	-1474.5	-1498	-1263
DNB5814	-831	801	887	793	731	1247
DNB589768	-831	-984.5	-845	1271	-873	-1042
DNB596344	-831	-1497	-1431	-1462	-1487	-1458
DNB5991	-831	773.5	761	889.5	759	-1027
DNB616573	-831	1517	1545	1489	1590	1548
DNB6230	-831	-945.5	-1091.5	1185.5	-1172	-1442
DNB6234	-831	-701	-820	-819	-774	1411
DNB62389	-831	1265	1275.5	1148.5	832	1178.5
DNB62875	-831	-664	-724.5	-550.5	723	925
DNB6439225	-831	-1265.5	1178	1010	-621	-729.5
DNB65064	-831	-1487.5	-1534.5	-1458	-1529	-1387.5
DNB6539732	-831	-892	-605.5	-1010	-1269	-958.5
DNB6603728	-831	1050.5	-975	1153	1085	993
DNB6603827	-831	-804.5	-856.5	-1470.5	-795	1419
DNB6603865	-831	-1514	-1493	-1499	-1516	-1479
DNB6610217	-831	691	-638	-1446	759	1193
DNB6610273	-831	1268.5	1288.5	1163.5	-1141	1182.5
DNB6610319	-831	1431	1496	1476	1545	1274
DNB6610326	-831	-1059.5	-535.5	-1319.5	-967	-931
DNB6610347	-831	1239	864	1236	934	1310
DNB6674	-831	-1402.5	-1184	-1480	-1450	-1382
DNB669190	-831	-1203	-1138.5	-1392.5	-1103.5	-923
DNB6708643	-831	-1302	-972.5	-1402.5	-1479	1546
DNB6710699	-831	-1389	-1199	-1393.5	-1185	-1165
DNB6710779	-831	-691	-803	-1341.5	-747	1063
DNB6742	-831	-769	-911.5	-707.5	-1201	-1515
DNB70413	-831	869.5	957	814	941	1518
DNB7046	-831	-1238	-1175.5	-1403.5	-1149	-1028
DNB70547	-831	1485	1497	893.5	877	1392
DNB71384	-831	-848.5	-1126	1262	-838	-932
DNB716121	-831	361	-620	382	-461	754
DNB7184	-831	-1117.5	-159	-889	-874	-1427
DNB72067	-831	-1135	-814.5	-794	-748	1452
DNB72385	-831	1429.5	-1371	-1484	1524.5	-1312
DNB73707361	-831	-1540.5	-1533	-1518	-1581	-1513
DNB73707371	-831	-1330	-1007.5	1468	-1499	-1456
DNB73707373	-831	835.5	923.5	793.5	916	-1051
DNB73707375	-831	-1341	-1374.5	-957.5	917	-1326.5
DNB73707416	-831	1039	1301	1234	1326	-1050
DNB73707419	-831	1381	1399	1503	1224	1463
DNB73707560	-831	-1443.5	-1502.5	-1308.5	1227	-1261.5
DNB73707561	-831	-888	-1076.5	1114.5	-1222	-1462
DNB73707600	-831	701	-709	1074.5	781	-920
DNB73707601	-831	-597.5	-343	-741	-782	-1353
DNB7510	-831	1573	1544	1546	1635	1583
DNB75220	-831	-769	-854.5	-1035.5	-713.5	-1144.5
DNB75919	-831	308.5	-398	-601	-714	-967
DNB817368	-831	1541.5	1550	1552	1608	1635
DNB8226	-831	1173	-1329	1166	1056	1415
DNB838	-831	1202	-1058	-1350.5	1062	-1389
DNB84029	-831	-1358.5	1416	-1518.5	1535	1520
DNB9604992	-831	-1431.5	-1507.5	-1287.5	-1377.5	-1191.5
DNB9815618	-831	-812	-832	96.5	-443	-1337
DNB9865652	-831	-990	-1169	-1534.5	834	-999
DNB9892554	-831	-1275	646	-1258.5	-632	-982
DNB9949093	-831	-1426.5	-778	-753.5	-1442	-1466
Dobutamine	-831	-1364.5	912	-1376.5	-1328.5	1381.5
Dopamine	-831	956	767.5	943	989	1398.5
Enalapril	-831	-1170.5	978.5	-1459.5	-942	1051
Eprosartan	-831	898	466	446	1326	1462
Esmolol	-831	879.5	884.5	912	854	914.5
Etacrynic_acid	-831	-1144	-572	-1301.5	-682	-1291.5
Etilefrine	-831	1417	-843	-1491	1477	1393
Ezetimibe	-831	-1366	-1534	941.5	-1506	1474.5
Felodipine	-831	1232.5	-1218	1245.5	1240	-1346
Fenofibrate	-831	-1403.5	902	-1424.5	-1371	-1346
Fenoldopam	-831	-1388	-1416.5	-1215	-1318.5	-1166.5
Gemfibrozil	-831	467.5	-600.5	399.5	742	765
Hydroflumethiazide	-831	-840.5	-1378	-838	-890	-859
Iloprost	-831	-1300	-1045	-1469	-1499.5	-1417
Indapamide	-831	988.5	884.5	399.5	-934.5	888.5
Irbesartan	-831	1451	1304	1538	1468	1566
Isradipine	-831	-946.5	-933	-890	-1400	1199
Labetalol	-831	-627.5	629	-1272	-598	836
Losartan	-831	977.5	-1119	1534.5	840	-1419
Lovastatin	-831	-930	-1384	-1358	-962	1302
Menadione	-831	-1533	-927	-857	-1537	-1422
Mephentermine	-831	-1233	-1374	-1451	-1138	1179
Metolazone	-831	900	-1192	832.5	914	-1230
Metoprolol	-831	-1252	-830.5	-870.5	-1427	-1324.5
Midodrine	-831	715	739	767	781	-1336
Milrinone	-831	889	908	-1319	1018	1545
Moexipril	-831	697	-857.5	-598	702	-782
Nadolol	-831	-963.5	842	-667	-1213	-1541
Niacin	-831	-1568.5	-1559.5	-1453.5	1542	-1556.5
Nicardipine	-831	1226.5	1089	-1334.5	1131	1215
Nicotinyl_alcohol	-831	1573	1544	1546	1635	1583
Nifedipine	-831	-855.5	735.5	874	1025	-1111.5
Nimodipine	-831	-583.5	-698	828.5	201	-1368
Nitrendipine	-831	-1572	-1508	-1569.5	-1588	-1505
Nitrofural	-831	1032.5	-1164	1308	974	-1138
Olmesartan	-831	-701	-455	1028.5	629	-1384
Ouabain	-831	-1523.5	-1541.5	-1499.5	-1563	1418.5
Oxprenolol	-831	731	798	736	-853	1465
Perindopril	-831	1012	1001	1402.5	967	922
Pindolol	-831	-1645.5	-1627.5	-1630.5	-1642	-1626.5
Piretanide	-831	819.5	-830	1491.5	-948	-1482
Practolol	-831	-1111.5	993.5	-1473	-913	-1270
Pravastatin	-831	905	884.5	1335.5	929	-804.5
Probucol	-831	828.5	-1119	872	969	-1445
Propranolol	-831	509.5	843	1083	687	-734
Quinapril	-831	1039.5	1086	885	1571	1548
Quinethazone	-831	-739	802	522.5	-726	693
Ramipril	-831	446.5	314	780.5	-782	-1427
Rivaroxaban	-831	1515.5	996	946.5	1567	1470
Rosuvastatin	-831	-902	-927	-828	-909	-1606
Simvastatin	-831	199.5	407	654	243	1093
Sotalol	-831	-1297	-705.5	-1554	-857	-1162
Spironolactone	-831	-1482	1520	1559	1569	1355
Synephrine	-831	-730.5	-693	-826.5	-712	-1013
Telmisartan	-831	-1158.5	-996	-1489.5	-872	1364
Ticlopidine	-831	782	723	753.5	811	-811
Tienilic_acid	-831	-909	-940	-1321	-917	-821
Timolol	-831	173.5	-512	-195	-267	-1297
Torasemide	-831	626	-849	767	334	938
Treprostinil	-831	593	-747	634	602	-868.5
Triamterene	-831	1053	942	1180	1170	-1445
Valsartan	-831	-1438.5	-1395	-1489	-1501	-1560
Warfarin	-831	1035	970.5	1405	1412	1495.5
