ad	density	cc	spath	eigencentr	betwcentr
drug_1	-831	1120	1239	1162	1060	963
drug_10	-831	1297.5	1190.5	1305.5	1058.5	1085.5
drug_100	-831	767.5	810	773.5	-766.5	-597
drug_101	-831	767.5	810	773.5	935.5	-597
drug_102	-831	939.5	955.5	824.5	-922.5	-501.5
drug_103	-831	626	673.5	659	693	-845
drug_104	-831	626	673.5	659	792.5	-845
drug_105	-831	829	861	699.5	602.5	707.5
drug_106	-831	626	673.5	659	856.5	-845
drug_107	-831	767.5	810	773.5	767.5	-532.5
drug_108	-831	626	673.5	659	569	-845
drug_109	-831	626	673.5	659	697	-845
drug_11	-831	626	779.5	752	787	632
drug_110	-831	-886	-840	-729	-986	810.5
drug_111	-831	688	708	-716	-883	557
drug_112	-831	-721.5	708	-821	-860	557
drug_113	-831	-639	-614.5	-878	-634.5	-582
drug_114	-831	-886	-840	-729	-823.5	810.5
drug_115	-831	688	708	-716	-1054.5	557
drug_116	-831	-851	746	-645	-998	818
drug_117	-831	-911.5	-818	-794.5	-966	690
drug_118	-831	688	708	-716	-884	557
drug_119	-831	-677.5	-771	-784	-835.5	521
drug_12	-831	829	933	805	874	515
drug_120	-831	-976.5	-832	-928.5	-961	690
drug_121	-831	-911.5	-818	-794.5	-1136.5	690
drug_122	-831	-886	-840	-729	-988.5	810.5
drug_123	-831	-874.5	-682	-722.5	-818.5	785.5
drug_124	-831	-851	746	-645	-998	818
drug_125	-831	-753	-775	-906	-630.5	521
drug_126	-831	-677.5	-771	-784	-834	521
drug_127	-831	-667.5	-825.5	-721	-914	640
drug_128	-831	-886	-840	-729	-988.5	810.5
drug_129	-831	-639	-614.5	-878	-634.5	-582
drug_13	-831	977.5	1053.5	1023.5	1022	922.5
drug_130	-831	767.5	914.5	-650.5	-1122	595
drug_131	-831	-878.5	-673.5	-890	-862	-878
drug_132	-831	-886	-840	-729	-984	810.5
drug_133	-831	-878.5	-673.5	-890	-861	-878
drug_134	-831	-667.5	-825.5	-721	-913	640
drug_135	-831	-851	746	-645	-998	818
drug_136	-831	-851	746	-645	-1000	818
drug_137	-831	-911.5	-818	-794.5	-965	690
drug_138	-831	-886	-840	-729	-988.5	810.5
drug_139	-831	-677.5	-771	-784	-835.5	521
drug_14	-831	977.5	1053.5	1023.5	1018.5	922.5
drug_140	-831	-886	-840	-729	-988.5	810.5
drug_141	-831	767.5	914.5	-650.5	-1123.5	595
drug_142	-831	-1436	-1390.5	-1455.5	-1386.5	-881.5
drug_143	-831	-1443	-1386.5	-1463.5	-1392	-920.5
drug_144	-831	-1385	-1362	-1430	-1359.5	-905
drug_145	-831	-1450.5	-1398	-1462	-1387.5	-910
drug_146	-831	-1443	-1386.5	-1463.5	-1392	-920.5
drug_147	-831	-1463	-1394.5	-1466.5	-1384.5	-914.5
drug_148	-831	-1403.5	-1363	-1418	-1355.5	-880
drug_149	-831	-1375.5	-1328	-1393	-1373.5	-898
drug_15	-831	626	779.5	752	742	632
drug_150	-831	-1415.5	-1389	-1458	-1379.5	-912
drug_151	-831	-1361.5	-1356	-1389	-1328.5	-901
drug_152	-831	-1082	-1220	-1040	-976.5	841
drug_153	-831	-1436	-1390.5	-1455.5	-1385.5	-881.5
drug_154	-831	-1410.5	-1367	-1454	-1397.5	-909
drug_155	-831	-1402.5	-1361	-1453	-1358.5	-916
drug_156	-831	987	-1260.5	1554	1515	1281.5
drug_157	-831	-1463	-1394.5	-1466.5	-1413.5	-914.5
drug_158	-831	-1464.5	-1393	-1465	-1416.5	-885
drug_159	-831	-1444.5	-1399	-1457	-1390.5	-886
drug_16	-831	977.5	1053.5	1023.5	1022	922.5
drug_160	-831	-1417	-1349	-1434	-1388.5	-899
drug_161	-831	-1451.5	-1396	-1461	-1412.5	-904
drug_162	-831	-1434.5	-1383	-1459	-1410.5	-918
drug_163	-831	-1246.5	-1253	-1310	-1154.5	882
drug_164	-831	-1231.5	-1345	-1355	-1319.5	-900
drug_165	-831	-869	-1242	-790	-814.5	-748
drug_166	-831	-1408.5	-1384	-1441	-1335.5	-902
drug_167	-831	-723	-933	803	703	718
drug_168	-831	-1385	-1385	-1406	-1372.5	-877
drug_169	-831	-1373.5	-1351	-1391	-1320.5	-859
drug_17	-831	1036	1088.5	1044	1030	822.5
drug_170	-831	-1382	-1381	-1392	-1334.5	-834
drug_171	-831	-714.5	855	-864	715	-612
drug_172	-831	-932.5	-922	-1036.5	-854	-733.5
drug_173	-831	-911.5	-828	-1065	1049	-747.5
drug_174	-831	-714.5	855	-864	715	-612
drug_175	-831	-932.5	-922	-1036.5	1067	-733.5
drug_176	-831	-714.5	855	-864	837	-612
drug_177	-831	-864.5	-954	-901	811.5	-676.5
drug_178	-831	-911.5	-828	-1065	891	-747.5
drug_179	-831	-932.5	-922	-1036.5	912.5	-733.5
drug_18	-831	977.5	1053.5	1023.5	846	922.5
drug_180	-831	-714.5	855	-864	996.5	-612
drug_181	-831	-714.5	855	-864	936.5	-612
drug_182	-831	-864.5	-954	-901	1093	-676.5
drug_183	-831	829	933	805	874	515
drug_184	-831	-999.5	-831	-1130.5	999	883.5
drug_185	-831	-652	732.5	-932.5	828	560.5
drug_186	-831	-911.5	-828	-1065	814	-747.5
drug_187	-831	-932.5	-922	-1036.5	912.5	-733.5
drug_188	-831	-932.5	-922	-1036.5	1072	-733.5
drug_189	-831	-992.5	-929	-1071.5	731.5	-740.5
drug_19	-831	977.5	1053.5	1023.5	1121.5	922.5
drug_190	-831	-932.5	-922	-1036.5	907.5	-733.5
drug_191	-831	-609.5	-727	1049.5	1212.5	873
drug_192	-831	-714.5	855	-864	837	-612
drug_193	-831	829	933	805	972	515
drug_194	-831	-932.5	-922	-1036.5	907.5	-733.5
drug_195	-831	-759	855	-946	664.5	-586.5
drug_196	-831	-864.5	-954	-901	-917	-676.5
drug_197	-831	829	933	805	975	515
drug_198	-831	-845	-905	-964.5	1017	-907.5
drug_199	-831	844	196	1180	1245	1293
drug_2	-831	1234	1155.5	1301.5	1369	1115.5
drug_20	-831	977.5	1053.5	1023.5	900	922.5
drug_200	-831	-864.5	-954	-901	1090.5	-676.5
drug_201	-831	1244.5	1182.5	1198.5	1270.5	-1161.5
drug_202	-831	1244.5	1182.5	1198.5	-1136	-1161.5
drug_203	-831	1277.5	1201.5	1255.5	1187	-1142.5
drug_204	-831	1227.5	1252	1166.5	1317	-786.5
drug_205	-831	1244.5	1175	1251	1352	-1114
drug_206	-831	1227.5	1252	1163.5	1152.5	-873.5
drug_207	-831	-1081	-1084.5	-1153	-1132	-1138
drug_208	-831	1244.5	1182.5	1198.5	1171	-1161.5
drug_209	-831	1277.5	1201.5	1255.5	-1258.5	-1142.5
drug_21	-831	977.5	1053.5	1023.5	1022	922.5
drug_210	-831	1201	1145	1191	1182	-1134
drug_211	-831	883	-941	845	1104	-769.5
drug_212	-831	1244.5	1182.5	1198.5	1335.5	-1161.5
drug_213	-831	1244.5	1182.5	1198.5	-1145.5	-1161.5
drug_214	-831	1272	1284.5	1174.5	1037.5	-566.5
drug_215	-831	1066.5	899	1508	1468.5	-783
drug_216	-831	1244.5	1175	1251	1294	-1114
drug_217	-831	1244.5	1175	1251	1352	-1114
drug_218	-831	1244.5	1182.5	1198.5	-1140.5	-1161.5
drug_219	-831	1244.5	1175	1251	-1063.5	-1114
drug_22	-831	-1047.5	551	-885	-1207	-875
drug_220	-831	1244.5	1182.5	1198.5	-1140.5	-1161.5
drug_221	-831	1244.5	1182.5	1198.5	-1313	-1161.5
drug_222	-831	1201	1145	1191	1341.5	-1134
drug_223	-831	1277.5	1201.5	1255.5	1187	-1142.5
drug_224	-831	-1081	-1084.5	-1153	-1131	-1138
drug_225	-831	1277.5	1201.5	1255.5	-1254.5	-1142.5
drug_226	-831	1033.5	880	1451	1452.5	-802
drug_227	-831	1201	1145	1191	-1288.5	-1134
drug_228	-831	1201	1145	1191	1182	-1134
drug_229	-831	1244.5	1182.5	1198.5	1270.5	-1161.5
drug_23	-831	626	779.5	752	864	632
drug_230	-831	1244.5	1182.5	1198.5	1171	-1161.5
drug_231	-831	1191	1228.5	1165.5	986.5	-1046.5
drug_232	-831	1293	1119.5	1315.5	1216	-1100.5
drug_233	-831	1293	1127.5	1292.5	1110.5	-1093.5
drug_234	-831	1293	1127.5	1292.5	1232.5	-1093.5
drug_235	-831	1293	1127.5	1292.5	1392	-1093.5
drug_236	-831	1293	1119.5	1315.5	1315.5	-1100.5
drug_237	-831	1282.5	1111.5	1295.5	1203.5	-1117.5
drug_238	-831	1016.5	1044.5	1103.5	-955	-1069.5
drug_239	-831	1135	1192.5	1187.5	1215	-1087.5
drug_24	-831	626	779.5	752	787	632
drug_240	-831	1016.5	1059.5	1087.5	837.5	-1068.5
drug_241	-831	626	697.5	696.5	-480	-882.5
drug_242	-831	1135	1192.5	1187.5	1154	-1087.5
drug_243	-831	-944.5	-855	-1030.5	-933	-1059.5
drug_244	-831	1563.5	1378	1605	1541	907
drug_245	-831	1022	1080.5	-1122.5	1099	1125.5
drug_246	-831	1162	1206.5	1248.5	1056.5	-1061.5
drug_247	-831	1171.5	1209	1185.5	1190	-958.5
drug_248	-831	1212	1253.5	1223.5	1270	-996.5
drug_249	-831	1313.5	1189.5	1309.5	1062.5	1013.5
drug_25	-831	-836	810	738.5	912.5	732.5
drug_250	-831	1162	1205.5	1218.5	1157	-1036.5
drug_251	-831	1195	1247.5	1258.5	1058.5	-904.5
drug_252	-831	1308.5	1149.5	1310.5	1339	-1066.5
drug_253	-831	1286	1123.5	1294.5	1362	-1085.5
drug_254	-831	1301.5	1170	1290.5	1328	-1062.5
drug_255	-831	1301.5	1130	1313	1212.5	-1021
drug_256	-831	1301.5	1130	1313	1373	-1021
drug_257	-831	1135	1192.5	1187.5	1153	-1087.5
drug_258	-831	-861	-932	950	-962	-1001.5
drug_259	-831	1055	1083	1101	-1150.5	-1026.5
drug_26	-831	-802	685.5	-635.5	-703	906.5
drug_260	-831	1183.5	1284.5	1174.5	1024.5	794.5
drug_261	-831	1150.5	1239	1211	-1102	937
drug_262	-831	1150.5	1239	1211	1057.5	937
drug_263	-831	1150.5	1239	1211	1134.5	937
drug_264	-831	1061	982	1427	1443	628.5
drug_265	-831	1150.5	1239	1211	958.5	937
drug_266	-831	1150.5	1239	1211	1012.5	937
drug_267	-831	1183.5	1284.5	1174.5	1096.5	794.5
drug_268	-831	1150.5	1239	1211	1300	937
drug_269	-831	-898.5	-901.5	707	900	-851
drug_27	-831	-836	810	738.5	-1070.5	732.5
drug_270	-831	1150.5	1239	1211	1012.5	937
drug_271	-831	1150.5	1239	1211	1234	937
drug_272	-831	1183.5	1284.5	1174.5	1019.5	794.5
drug_273	-831	1183.5	1284.5	1174.5	1096.5	794.5
drug_274	-831	1150.5	1239	1211	1134.5	937
drug_275	-831	1150.5	1239	1211	1134.5	937
drug_276	-831	767.5	-858.5	773.5	-865	-578
drug_277	-831	1150.5	1239	1211	1012.5	937
drug_278	-831	767.5	-858.5	773.5	-695	-578
drug_279	-831	1150.5	1239	1211	1134.5	937
drug_28	-831	-836	810	738.5	-898	732.5
drug_280	-831	-898.5	-901.5	707	899	-851
drug_281	-831	939.5	955.5	824.5	815	-501.5
drug_282	-831	767.5	-858.5	773.5	-691	-578
drug_283	-831	1183.5	1284.5	1174.5	920.5	794.5
drug_284	-831	767.5	-858.5	773.5	767.5	-578
drug_285	-831	767.5	810	773.5	935.5	449.5
drug_286	-831	1227.5	1239	1211	1196	-825
drug_287	-831	1183.5	1284.5	1174.5	1285	794.5
drug_288	-831	-836	810	738.5	-898	732.5
drug_289	-831	1227.5	1239	1211	1196	-825
drug_29	-831	-836	810	738.5	-903	732.5
drug_290	-831	-773.5	-779.5	-873	842	-649
drug_291	-831	1003.5	1068.5	994.5	992.5	-864.5
drug_292	-831	1003.5	1068.5	994.5	870.5	-864.5
drug_293	-831	1003.5	1068.5	994.5	870.5	-864.5
drug_294	-831	1003.5	1068.5	994.5	1158	-864.5
drug_295	-831	1003.5	1068.5	994.5	870.5	-864.5
drug_296	-831	829	873.5	-768	872	720.5
drug_297	-831	1036	1088.5	1044	1030	825
drug_298	-831	1003.5	1068.5	994.5	992.5	-864.5
drug_299	-831	1003.5	1068.5	994.5	1184	-864.5
drug_3	-831	1234	1155.5	1301.5	1209.5	1115.5
drug_30	-831	-802	685.5	-635.5	-703	906.5
drug_300	-831	1003.5	1068.5	994.5	1144.5	-864.5
drug_301	-831	1049	1093	1013.5	1007.5	1021
drug_302	-831	1003.5	1068.5	994.5	992.5	-864.5
drug_303	-831	1003.5	1068.5	994.5	982.5	-864.5
drug_304	-831	-773.5	-779.5	-873	-559	-649
drug_305	-831	1003.5	1068.5	994.5	1092	-864.5
drug_306	-831	1036	1088.5	1044	1030	825
drug_307	-831	1003.5	1068.5	994.5	992.5	-864.5
drug_308	-831	1003.5	1068.5	994.5	809	-864.5
drug_309	-831	1003.5	1068.5	994.5	1144.5	-864.5
drug_31	-831	-802	685.5	-635.5	-706.5	906.5
drug_310	-831	767.5	-858.5	773.5	763.5	-578
drug_311	-831	1049	1093	1013.5	885.5	1021
drug_312	-831	1049	1093	1013.5	1007.5	1021
drug_313	-831	1049	1093	1013.5	1105	1021
drug_314	-831	1003.5	1068.5	994.5	870.5	-864.5
drug_315	-831	1003.5	1068.5	994.5	985	-864.5
drug_316	-831	767.5	-858.5	773.5	-695	-578
drug_317	-831	1036	1088.5	1044	854	825
drug_318	-831	1003.5	1068.5	994.5	870.5	-864.5
drug_319	-831	1081.5	1103.5	1052.5	959.5	916.5
drug_32	-831	-836	810	738.5	-894	732.5
drug_320	-831	1171.5	1266	1237	-993.5	-817
drug_321	-831	1183.5	1284.5	1174.5	1101.5	794.5
drug_322	-831	1262	1266	1237	994.5	-764.5
drug_323	-831	1171.5	1266	1237	957	-817
drug_324	-831	1171.5	1266	1237	1079	-817
drug_325	-831	1262	1266	1237	1039.5	-661.5
drug_326	-831	1171.5	1266	1237	1079	-817
drug_327	-831	1171.5	1266	1237	1073.5	-817
drug_328	-831	1171.5	1266	1237	1178.5	-817
drug_329	-831	-851	-867.5	933	-979	-725
drug_33	-831	829	861	699.5	726	707.5
drug_330	-831	1262	1266	1237	1276	-764.5
drug_331	-831	728.5	653	1077	1110	693
drug_332	-831	1171.5	1266	1237	1238.5	-817
drug_333	-831	1183.5	1284.5	1174.5	920.5	794.5
drug_334	-831	1171.5	1266	1237	1238.5	-817
drug_335	-831	-851	-867.5	933	-806.5	-725
drug_336	-831	1171.5	1266	1237	1238.5	-817
drug_337	-831	1183.5	1284.5	1174.5	927.5	794.5
drug_338	-831	1171.5	1266	1237	1238.5	-817
drug_339	-831	1183.5	1284.5	1174.5	1201	794.5
drug_34	-831	-836	810	738.5	-1070.5	732.5
drug_340	-831	1171.5	1266	1237	1178.5	-817
drug_341	-831	1183.5	1284.5	1174.5	1256	794.5
drug_342	-831	891.5	-734	1380	1131	1234
drug_343	-831	-851	-867.5	933	-977.5	-725
drug_344	-831	912	902.5	948	-811	-560.5
drug_345	-831	1171.5	1266	1237	908.5	-817
drug_346	-831	1262	1266	1237	1116.5	-764.5
drug_347	-831	-851	-867.5	933	803	-725
drug_348	-831	1262	1266	1237	1111.5	-764.5
drug_349	-831	-996	1029	-1081	1015.5	-1041
drug_35	-831	-802	685.5	-635.5	-872	906.5
drug_350	-831	-996	1029	-1081	1175	-1041
drug_351	-831	719.5	1011.5	953.5	895.5	1006.5
drug_352	-831	-874.5	774.5	-986	673.5	-893.5
drug_353	-831	-868.5	1009.5	1056.5	880	-1079.5
drug_354	-831	-996	1029	-1081	1171	-1041
drug_355	-831	-996	1029	-1081	1015.5	-1041
drug_356	-831	679.5	722.5	1335.5	1302	1226.5
drug_357	-831	-932.5	-922	-1036.5	907.5	-733.5
drug_358	-831	-1030	-945	-1094	-944	-968.5
drug_359	-831	-976.5	-898	-1055.5	967	-1024.5
drug_36	-831	-802	685.5	-635.5	814	906.5
drug_360	-831	-968.5	-836	-1000	-1104.5	-1044.5
drug_361	-831	-996	1029	-1081	1013	-1041
drug_362	-831	874	1040.5	963.5	805.5	-939.5
drug_363	-831	-996	1029	-1081	-1080.5	-1041
drug_364	-831	-976.5	-898	-1055.5	-879.5	-1024.5
drug_365	-831	-1030	-945	-1094	-948	-968.5
drug_366	-831	890.5	1041.5	1068.5	798.5	-1045.5
drug_367	-831	-1030	-945	-1094	-946	-968.5
drug_368	-831	-932.5	-922	-1036.5	1007	-733.5
drug_369	-831	-868.5	1009.5	1056.5	1002	-1079.5
drug_37	-831	-836	810	738.5	-905	732.5
drug_370	-831	-1030	-945	-1094	-946	-968.5
drug_371	-831	-868.5	1009.5	1056.5	1160	-1079.5
drug_372	-831	890.5	1025	1083	904	-1057
drug_373	-831	-954	1049.5	-1106.5	1079	-1104.5
drug_374	-831	-976.5	-898	-1055.5	-1052	-1024.5
drug_375	-831	-630	735	927.5	-816.5	-717.5
drug_376	-831	-726.5	-903	929.5	-866	-1029.5
drug_377	-831	904.5	-789	1395	1330	1346
drug_378	-831	-1030	-945	-1094	-946	-968.5
drug_379	-831	626	697.5	645.5	682.5	-945.5
drug_38	-831	939.5	955.5	824.5	-932	-501.5
drug_380	-831	626	697.5	-659	682.5	-832
drug_381	-831	767.5	810	773.5	600	-773
drug_382	-831	626	697.5	-659	682.5	-832
drug_383	-831	829	873.5	-768	-622.5	720.5
drug_384	-831	626	697.5	-659	560.5	-832
drug_385	-831	767.5	810	773.5	875.5	-597
drug_386	-831	939.5	955.5	824.5	706.5	-501.5
drug_387	-831	626	697.5	-659	782	-832
drug_388	-831	829	873.5	-768	877	720.5
drug_389	-831	626	697.5	-659	605.5	-832
drug_39	-831	939.5	955.5	824.5	815	-501.5
drug_390	-831	829	873.5	-768	817	720.5
drug_391	-831	829	873.5	-768	-619	720.5
drug_392	-831	626	697.5	-659	788	-832
drug_393	-831	829	873.5	-768	-625.5	720.5
drug_394	-831	626	697.5	-659	682.5	-832
drug_395	-831	767.5	810	773.5	935.5	-773
drug_396	-831	767.5	810	773.5	776	-597
drug_397	-831	626	673.5	659	575	-845
drug_398	-831	939.5	955.5	824.5	815	-501.5
drug_399	-831	829	873.5	-768	717.5	720.5
drug_4	-831	1234	1155.5	1301.5	1209.5	1115.5
drug_40	-831	-802	685.5	-635.5	-706.5	906.5
drug_400	-831	939.5	955.5	824.5	-759.5	-501.5
drug_401	-831	939.5	955.5	824.5	815	-485
drug_402	-831	626	697.5	-659	682.5	-832
drug_403	-831	1097	-522	967.5	835	1061.5
drug_404	-831	939.5	955.5	824.5	-751	-501.5
drug_405	-831	728.5	653	1077	1091	693
drug_406	-831	829	873.5	-768	709.5	720.5
drug_407	-831	-1155	-907.5	-1337.5	969.5	-756.5
drug_408	-831	-1062.5	-1057.5	-1240.5	975	-716.5
drug_409	-831	1028	865.5	-1240.5	1025	-738.5
drug_41	-831	-836	810	738.5	918	732.5
drug_410	-831	-1062.5	-1057.5	-1240.5	989	-716.5
drug_411	-831	-1052.5	947	-1244	887.5	-660
drug_412	-831	1033.5	914	-1184	1004	692
drug_413	-831	1026	-1099	-1195	-1010.5	-715
drug_414	-831	1033.5	914	-1184	1004	692
drug_415	-831	1033.5	914	-1184	1004	692
drug_416	-831	-1218	-1106.5	-1317.5	-1003.5	-656.5
drug_417	-831	1000	1002.5	-1192	924.5	-596
drug_418	-831	-1148.5	-1184	-1229.5	-1065.5	-625
drug_419	-831	1033.5	914	-1184	1004	692
drug_42	-831	-802	685.5	-635.5	-703	906.5
drug_420	-831	823	837	-957.5	811	-521
drug_421	-831	1033.5	877.5	-1070	1015.5	-610
drug_422	-831	-1280	-1066.5	-1351.5	-874.5	-698.5
drug_423	-831	-1155	-907.5	-1337.5	1009	-756.5
drug_424	-831	-1116	-963.5	-1308.5	971	-733.5
drug_425	-831	-1218	-1106.5	-1317.5	-1004.5	-656.5
drug_426	-831	-1116	-963.5	-1308.5	981.5	-733.5
drug_427	-831	1033.5	914	-1184	1006.5	692
drug_428	-831	-1280	-1066.5	-1351.5	897	-698.5
drug_429	-831	-1280	-1066.5	-1351.5	-876.5	-698.5
drug_43	-831	-802	685.5	-635.5	-875.5	906.5
drug_430	-831	-1087.5	922.5	-1316	821	-206
drug_431	-831	-1280	-1066.5	-1351.5	-877.5	-698.5
drug_432	-831	1028	865.5	-1240.5	1024	-738.5
drug_433	-831	-1049	-1179	-1005.5	-1139.5	-613
drug_434	-831	-1212	-1219	-1193.5	-1078.5	-337
drug_435	-831	827	853	-874	815.5	-489
drug_436	-831	-1218	-1180	-1303	-1129.5	-735
drug_437	-831	1262	1266	1237	1216	-764.5
drug_438	-831	1262	1266	1237	-1043	-764.5
drug_439	-831	1191	1196.5	1275.5	1088	-974
drug_44	-831	-836	810	738.5	-898	732.5
drug_440	-831	1212	1218	1283	1065	-949
drug_441	-831	1212	1218	1283	894	-949
drug_442	-831	912	902.5	948	-845	-647.5
drug_443	-831	1262	1266	1237	940.5	-915
drug_444	-831	1212	1218	1283	1229.5	-792
drug_445	-831	883	751	925	512.5	-642
drug_446	-831	1262	1266	1237	1216	-764.5
drug_447	-831	1191	1196.5	1275.5	966	-974
drug_448	-831	1001	915.5	1535.5	1339	-589.5
drug_449	-831	1212	1218	1283	1062	-792
drug_45	-831	1041	493.5	791	938.5	1068.5
drug_450	-831	1227.5	1226.5	1221.5	1205	-588
drug_451	-831	1212	1218	1283	1065	-792
drug_452	-831	1489.5	1518	952	1411.5	-779
drug_453	-831	1195	1198.5	1219.5	933.5	-852.5
drug_454	-831	1227.5	1226.5	1221.5	1265	-776.5
drug_455	-831	1212	1218	1283	1169.5	-792
drug_456	-831	1212	1218	1283	993	-792
drug_457	-831	1212	1218	1283	940	-792
drug_458	-831	1212	1218	1283	1070	-792
drug_459	-831	1212	1218	1283	1065	-792
drug_46	-831	-836	810	738.5	-715	732.5
drug_460	-831	1227.5	1226.5	1221.5	983.5	-588
drug_461	-831	1191	1196.5	1275.5	1012.5	-1034.5
drug_462	-831	1212	1250	1225.5	1121.5	-1018.5
drug_463	-831	883	751	925	459.5	-642
drug_464	-831	1212	1218	1283	948	-949
drug_465	-831	1262	1266	1237	1116.5	-915
drug_466	-831	-1395	-1394	1042.5	-1431	-1420.5
drug_467	-831	-859	-1212.5	1091	-1409	1180
drug_468	-831	-1337.5	-1378.5	-880	-1384.5	-1383
drug_469	-831	-846	-1246	1127	-1370	-960.5
drug_47	-831	-836	810	738.5	-903	732.5
drug_470	-831	-1540	-1504	-1550	-1548	-1471
drug_471	-831	-859	-1212.5	1091	-1410	1180
drug_472	-831	-1395	-1394	1042.5	-1437	-1420.5
drug_473	-831	-1384.5	-1407.5	1050	-1442.5	-1364
drug_474	-831	-1384.5	-1407.5	1050	-1443.5	-1364
drug_475	-831	-1395	-1394	1042.5	-1448	-1420.5
drug_476	-831	-1395	-1394	1042.5	-1433.5	-1420.5
drug_477	-831	-1342.5	-1368.5	-845	-1460.5	-1341
drug_478	-831	-1384.5	-1407.5	1050	-1463.5	-1364
drug_479	-831	-1395	-1394	1042.5	-1433.5	-1420.5
drug_48	-831	829	716	-884	-555.5	650
drug_480	-831	-1377	-1387.5	-888	-1421.5	-1395
drug_481	-831	1418.5	1370.5	1042.5	-1453.5	-1411.5
drug_482	-831	-1377	-1387.5	-888	-1422.5	-1395
drug_483	-831	-1350.5	-1404.5	-858	-1448.5	-1339
drug_484	-831	-1395	-1394	1042.5	-1444.5	-1420.5
drug_485	-831	-1395	-1394	1042.5	-1450	-1420.5
drug_486	-831	1418.5	1370.5	1042.5	-1454.5	-1411.5
drug_487	-831	-1395	-1394	1042.5	-1430.5	-1420.5
drug_488	-831	-1377	-1387.5	-888	-1431.5	-1395
drug_489	-831	-1395	-1394	1042.5	-1433.5	-1420.5
drug_49	-831	-773.5	627.5	-1015.5	-572.5	863.5
drug_490	-831	-1337.5	-1378.5	-880	-1378.5	-1383
drug_491	-831	1507	-1357.5	1085	1494.5	-1439
drug_492	-831	-1395	-1394	1042.5	-1444.5	-1420.5
drug_493	-831	1412.5	1442.5	961	1429.5	-1178
drug_494	-831	-797.5	-1204	1295.5	-1345	938.5
drug_495	-831	1342.5	1442.5	961	1379	1191.5
drug_496	-831	1342.5	1442.5	961	1355	1191.5
drug_5	-831	1288	1155.5	1301.5	1227	1091
drug_50	-831	-773.5	627.5	-1015.5	712.5	863.5
drug_51	-831	-773.5	627.5	-1015.5	508.5	863.5
drug_52	-831	829	873.5	-768	712.5	720.5
drug_53	-831	618	413.5	1120.5	847	859.5
drug_54	-831	1077.5	385.5	1110.5	-477	926.5
drug_55	-831	829	716	-884	-717	650
drug_56	-831	-773.5	627.5	-1015.5	-750.5	863.5
drug_57	-831	-773.5	627.5	-1015.5	-562.5	863.5
drug_58	-831	-773.5	627.5	-1015.5	-562.5	863.5
drug_59	-831	-773.5	627.5	-1015.5	620.5	863.5
drug_6	-831	1234	1155.5	1301.5	1209.5	1115.5
drug_60	-831	829	716	-884	-720	650
drug_61	-831	-773.5	627.5	-1015.5	672.5	863.5
drug_62	-831	829	716	-884	-721	650
drug_63	-831	-773.5	627.5	-1015.5	521	863.5
drug_64	-831	-773.5	627.5	-1015.5	-745	863.5
drug_65	-831	-773.5	627.5	-1015.5	-572.5	863.5
drug_66	-831	-773.5	627.5	-1015.5	612.5	863.5
drug_67	-831	-773.5	627.5	-1015.5	-572.5	863.5
drug_68	-831	-773.5	627.5	-1015.5	-566	863.5
drug_69	-831	829	716	-884	-713	650
drug_7	-831	1120	1239	1162	1060	963
drug_70	-831	-773.5	627.5	-1015.5	612.5	863.5
drug_71	-831	-773.5	627.5	-1015.5	-562.5	863.5
drug_72	-831	618	571	943	994	930
drug_73	-831	829	873.5	-768	-619	720.5
drug_74	-831	-773.5	627.5	-1015.5	-404.5	863.5
drug_75	-831	829	716	-884	-717	650
drug_76	-831	829	716	-884	-717	650
drug_77	-831	-773.5	627.5	-1015.5	620.5	863.5
drug_78	-831	829	716	-884	-713	650
drug_79	-831	-998.5	636	569	-545.5	811
drug_8	-831	1288	1155.5	1301.5	1227	1091
drug_80	-831	829	716	-943	-676	650
drug_81	-831	-773.5	627.5	-1015.5	-566	863.5
drug_82	-831	767.5	810	773.5	654	-597
drug_83	-831	626	673.5	659	521	-845
drug_84	-831	626	673.5	659	790.5	-845
drug_85	-831	626	673.5	659	697	-845
drug_86	-831	829	861	699.5	604	707.5
drug_87	-831	767.5	810	773.5	945	-597
drug_88	-831	767.5	810	773.5	785.5	-597
drug_89	-831	626	673.5	659	856.5	-845
drug_9	-831	1234	1155.5	1301.5	1087.5	1115.5
drug_90	-831	939.5	955.5	824.5	815	-501.5
drug_91	-831	767.5	810	773.5	600	-597
drug_92	-831	939.5	955.5	824.5	974.5	-501.5
drug_93	-831	767.5	810	773.5	885	-597
drug_94	-831	767.5	810	773.5	609.5	-597
drug_95	-831	767.5	810	773.5	927	-597
drug_96	-831	767.5	810	773.5	591.5	-597
drug_97	-831	939.5	955.5	824.5	914.5	-501.5
drug_98	-831	767.5	810	773.5	885	-597
drug_99	-831	767.5	810	773.5	776	-597
Acebutolol	-831	-1438.5	-808	-783.5	-1488.5	-1425.5
Acetylsalicylic_acid	-831	-1141	1175	-1132.5	-1397	1147
Alprenolol	-831	-1226	-1353	-686.5	-1305.5	361
Amiloride	-831	-309.5	-689	429	-487	-1205
Amlodipine	-831	-1433	-1417	-866	-1339	-1442
Atenolol	-831	-669	-775.5	-641	-608	698.5
Atorvastatin	-831	-743.5	-357.5	333	-901	-998.5
Benazepril	-831	-1477.5	-1519	-959	-1461	1541
Bendroflumethiazide	-831	785	-754.5	838	694	1445
Betaxolol	-831	1286	1404	1378.5	1144	1570
Bezafibrate	-831	-736	-1180.5	1311	-1236	1184
Bisoprolol	-831	556.5	-968.5	1123.5	862	1046
Bumetanide	-831	-1544	-1527.5	-1474	-1530	-860
Canrenoic_acid	-831	1298.5	-825	1398	1194	1579
Captopril	-831	-689.5	-694.5	-463.5	-860	1065
Carteolol	-831	1250	1285	1117	-1208	968
Carvedilol	-831	-709	-756	-469.5	-896	-442
Cerivastatin	-831	-1124.5	-1386	-1007.5	-1232	874
Chlorhexidine	-831	971	919	767	890	-1186
Chlorthalidone	-831	-648.5	-823	-479.5	-791	836
Cilnidipine	-831	-768.5	742	-963	-775.5	-1292
Cilostazol	-831	-1582	-1598	-1564	-1614	-1622
Clofibrate	-831	-1364	-1495	-1320.5	-1398	-1351
Clopidogrel	-831	-1497.5	-721	-1444.5	-1533	-1438
Cyclopenthiazide	-831	1392	1625	906	1515	1583
Digoxin	-831	694	-803	881	-687	-1399
Dipyridamole	-831	-771.5	-825	-777	-774	1392
DNB10063341	-831	772.5	-995	-863.5	1163	1443
DNB10108190	-831	641.5	1098.5	612	656	1474
DNB10133	-831	-608.5	-883	244.5	734	1098.5
DNB1013376	-831	1026	1238	-1032.5	967.5	1097.5
DNB10135759	-831	1422.5	1397	1425	1417	1595
DNB10204	-831	-992	-1150	-842	-1027	-977
DNB102175	-831	1573.5	875	1575	1582	1627
DNB102614	-831	-1366	-1486.5	-1421	888	-1620
DNB10311918	-831	-744	-787	-1336	-846	-1385
DNB10365	-831	-1240.5	-1380.5	-871.5	-1430.5	-921.5
DNB10531	-831	1346	821	381.5	1049	1305
DNB10607	-831	1090	-961.5	-813.5	-949	1349
DNB10631	-831	-1442	1068.5	-1325.5	-1366	1127
DNB10767	-831	-721.5	-777	-770	-642	-1032
DNB107715	-831	1037.5	1292	-1221	854	1210
DNB107905	-831	-1559	-1559	-1544	-1538	1036
DNB108092	-831	-621	-997	539.5	-695.5	1020.5
DNB10932412	-831	-1447.5	-1435	-939	-1439	-881
DNB11003969	-831	-1461.5	-1478.5	-1348.5	-1474	-1108
DNB11072143	-831	1145.5	1151.5	1037	1144.5	1190
DNB11207937	-831	797.5	-853	702.5	1307	1213.5
DNB11292680	-831	-755.5	348.5	650	-758	1029
DNB11575713	-831	-1328.5	-1492	-1197	-1462	1402
DNB11626927	-831	520	-1090.5	624	1037.5	928
DNB11634725	-831	1235.5	1451	1290	934	917
DNB1172104	-831	-874	-902	-880	-954	-1429
DNB11723560	-831	-1103.5	-986	-1331	-352	660
DNB119192	-831	-873	1220	-866	-851	850
DNB119198	-831	745.5	-684	605.5	1182	858
DNB119565	-831	-1141	1005	-1391	1008	-1352
DNB1219	-831	1276	809	1267	-1335	-1320
DNB122623	-831	-1278.5	-896	753	-1225	-1150
DNB123662	-831	-907.5	-1305.5	-782.5	-231.5	1152
DNB124735	-831	1324	1393.5	1223.5	930.5	1174.5
DNB124846	-831	404.5	-881	391	1057	-832
DNB128737	-831	720	885	-983.5	790	1427
DNB132887	-831	-778.5	-1057	-786.5	-903.5	1089
DNB135398661	-831	-1403	-1333	-1491.5	-1222	749
DNB136235688	-831	-792	-1237.5	-762	-1262	1151
DNB137	-831	-961.5	1018	1363	1349.5	615
DNB13791	-831	-816.5	-1003	615	1178	1361.5
DNB13817	-831	-705	-1397	761	-744	-1332
DNB14709	-831	1404.5	1348	1288.5	1411	1541
DNB1474853	-831	-471.5	-906	-797	-877	1069
DNB15209	-831	1219	-1220	1029	-1162.5	-873
DNB1560	-831	-341	-812	-332.5	233	994.5
DNB156314	-831	-1394.5	-1530	-714	-1432	-864
DNB1564	-831	-668	-558	-954.5	-1088	1300
DNB15897	-831	1347.5	-1430	1380	1264	1504
DNB160588	-831	-799	160	-745	999	813
DNB163332	-831	202.5	1108	462.5	137	1447
DNB1645	-831	1042	1201	-1008	-1405.5	1074.5
DNB165214	-831	781.5	760.5	799	1246	1417.5
DNB16720766	-831	-789.5	-920	-810	-806	1376
DNB16757524	-831	675	-1301.5	737.5	-1357	1031
DNB16759925	-831	1116	-535	-1045	-739	1439
DNB16760588	-831	817.5	1293.5	481.5	1073	922.5
DNB16760634	-831	-1442	1502	-1507.5	-1447	-1340
DNB16760682	-831	-422.5	977	-854	1021	977
DNB167715	-831	1332	957	1284.5	972	1451
DNB168868	-831	-1517	-776	-1477	-1497	-1530
DNB1694	-831	-1209	-1509	-1411.5	-1474	-834
DNB17534	-831	1268	1286	1138	1231	995
DNB17759555	-831	-775.5	-854.5	-440	-1314	518
DNB1797	-831	-1568.5	-1608	-1545	-1581	-1558
DNB180081	-831	603	1314.5	-776.5	-1222	1507
DNB1893	-831	680.5	1065.5	593.5	1237.5	1430.5
DNB1901244	-831	-513.5	-1146.5	-688.5	-1094	870
DNB194138	-831	411.5	-726	-889	-723	965.5
DNB197835	-831	-603.5	-915	301.5	-988	1413
DNB199472	-831	-712.5	1107	-819.5	283	1318
DNB2046	-831	1183.5	1252.5	1112.5	932.5	1001.5
DNB2048	-831	1189	-1380	1438	-985	1467
DNB2049	-831	-782.5	512.5	151.5	-848	-1102
DNB2051	-831	886	1303	-630	801	1250
DNB2052	-831	-537	-777.5	-176	-729	1431
DNB2061	-831	-945	-1165.5	-924.5	-1119.5	993
DNB2063	-831	-1450	-1518	-1424	-1495	-1571
DNB220184	-831	1077	951.5	-1098	1174	1498
DNB222528	-831	-1323	-1277	-1100	-1417	-1529
DNB2229	-831	-584.5	-1187.5	482.5	-604	-1238
DNB224859	-831	1446	1614	1605	1490	1548
DNB2249	-831	-669	-775.5	-641	-578	698.5
DNB23275476	-831	-950.5	-930	-382.5	-824	-991
DNB2336	-831	-1111.5	-1226	-1020	-1270	844
DNB23748511	-831	-949	-878	297.5	-1101	1294
DNB2396	-831	-709	-1041	630	-321	1068.5
DNB2399	-831	-610	-501	134	-851	-1382
DNB24140566	-831	-659	-1105	-598	744	1246
DNB24288	-831	1080	1241	901	1070.5	1222
DNB24707	-831	539	1244	353	1071.5	899
DNB24861442	-831	-749	236	654	-902	-1412
DNB25035942	-831	-927.5	-1013	-847	-992	226
DNB25044204	-831	1071	-820	-1444.5	-1192	832
DNB25062766	-831	1370	1372	1359	1413	1410
DNB252682	-831	-1109	-1245	-1037	-1253.5	749
DNB2603	-831	-783.5	-1421.5	-665	-825	1089.5
DNB2608	-831	1339.5	-728.5	1378	1312	1502
DNB262093	-831	-1609	-1613	-1610	-1636	-1601
DNB2724	-831	1390.5	1038	1395.5	-1350	1567
DNB2725	-831	-1463	-1235	-1481	-1511	-1493
DNB2726	-831	-1305.5	-1419	-1139	-1446	-1150
DNB2729027	-831	-1559	-909	-715	-1606	-1558
DNB2732	-831	-648.5	-823	-479.5	-792	836
DNB2733529	-831	-1408.5	-1435	-1374	-1415	737
DNB2736301	-831	1336	-812	1341	-1358	-1379
DNB2743956	-831	1013	1216.5	-903.5	-1046	1011.5
DNB2744062	-831	1006	-1000	1051.5	286	951
DNB27924	-831	-871.5	-972	-944.5	-945	1032
DNB2807869	-831	-681	-784	511.5	593	1498
DNB2817908	-831	-1426	-1485	-1535	-1503	1529
DNB2837530	-831	-1426	-1450	-893	-1440.5	-855
DNB285033	-831	1162.5	1126	-1044	-1281	1234
DNB2941	-831	1328.5	-1364.5	1367.5	1348	1633
DNB3000667	-831	-1146	-1405.5	-1369	-745	1223
DNB3035026	-831	-1055.5	-981	-987	-1168.5	889
DNB3044	-831	326.5	-1017	192.5	-716	910.5
DNB3065	-831	-425	-748.5	-406.5	-431	-897.5
DNB3066	-831	685.5	-696	514.5	-751	-941
DNB3071	-831	-957.5	1023.5	-1092	931.5	1441.5
DNB3246023	-831	1276.5	760	1281	-1426	-1512
DNB3262	-831	-989.5	1239	1125	-1128	-1083
DNB3330	-831	770	852	-824.5	695	1254
DNB3337816	-831	824	-842	542.5	1165	863.5
DNB3394	-831	-902	-553	-117.5	-1113	1473
DNB34677	-831	-995.5	-954	-1083.5	-929	-1082
DNB3473393	-831	-1237.5	-1231	-1185	-1062	1070
DNB3493	-831	84	-686	174	-174	-1230
DNB3571	-831	-1035	-1223	-914	-1234	872
DNB3634881	-831	-589	-687	-673	-683	1532
DNB364622	-831	-1016.5	-772	459	-1402	1238
DNB3655	-831	-1216.5	-1092	-749.5	-1235	853
DNB3689415	-831	1393.5	-900	-1036.5	1321	1576
DNB3689416	-831	-875	-1055	-884	-959	-1310
DNB36906	-831	-645.5	-1155	491	-1261	967
DNB3707	-831	865.5	-711	774.5	1175.5	941.5
DNB3712	-831	-671.5	-1208	1358	726	849
DNB3785	-831	-1235.5	-1372	-642.5	-1175.5	-217
DNB3799	-831	-1001.5	506	1038.5	-1055.5	-764
DNB3856780	-831	880.5	1199.5	728	1267	905.5
DNB39912	-831	-1422.5	-1409	-935	-1444.5	-928
DNB4034	-831	454.5	-621	585.5	205	1516
DNB4140	-831	-880.5	-810.5	-828	-886	1587
DNB4214594	-831	-1214.5	567.5	-1227.5	-1420	1204
DNB4369491	-831	959	1592	829	1055	-1477
DNB4381125	-831	-616	-839	74.5	-816	-977
DNB4402	-831	831	938	832	689	1417
DNB44139710	-831	1228.5	-1375	-967.5	-971	1336
DNB44143370	-831	-749.5	-969.5	-284.5	-952	911.5
DNB44287635	-831	-966.5	-844	-1119.5	-1178	1402
DNB443118	-831	-770	-1480.5	-728.5	-1363	-1009
DNB44483234	-831	-589.5	-877	-699	-519	1323
DNB44483311	-831	-869	-854	-851	-992	1305
DNB44628955	-831	-1079	-1339.5	-971.5	-1188	1123
DNB448055	-831	1202.5	1217	806	1101.5	-998.5
DNB448949	-831	695.5	-589	398	-774	1335
DNB45006167	-831	340	860.5	170.5	149	-1418
DNB462	-831	468.5	375.5	790.5	573	1338.5
DNB4784	-831	-1313	891	-1417	-1444	-1524
DNB4792	-831	-245.5	494	-349.5	-359	1116
DNB5032	-831	-1471	-1228	-1488	-1393	-1446
DNB5065494	-831	-1097.5	-963	-1237.5	-217	-478
DNB5081913	-831	-1031	1194.5	-977	-1154	-1168
DNB5105	-831	524.5	-714	384	-560	-1027
DNB51397512	-831	820.5	893	-965.5	816	1372.5
DNB5173	-831	-1248	-1317.5	-896	-1404	1202
DNB5271544	-831	-712	1047	-428.5	-839.5	-763.5
DNB5281912	-831	-550	-640.5	-229	-790	1255.5
DNB5286534	-831	921	890	323	919	-1413
DNB5318998	-831	1335.5	1410	1409	1310	1522
DNB5328760	-831	1649	1335	1658	1640	1442
DNB5328772	-831	-766	-782	1155.5	-791	913
DNB5328804	-831	1398.5	1004.5	1421.5	1249	-1225
DNB5328807	-831	-927.5	-1011.5	-897.5	1179	1263
DNB5329468	-831	1143	1178	-857	834	1439
DNB5360696	-831	1354	-1021	-972	1287	1492
DNB5419	-831	-1471.5	-835	-1508	-1429	-1476
DNB54562	-831	1375	760	-597.5	1257	1413
DNB55445	-831	1226.5	1201.5	1370.5	1005	1458
DNB5614	-831	1370.5	1145.5	-949.5	1205.5	1481
DNB5702040	-831	407.5	-738.5	406.5	-360	1167.5
DNB5702058	-831	-973.5	-909	-944	-1180	-808
DNB5702072	-831	-745	-795.5	-836	-718	-1405
DNB5702093	-831	-798.5	1232.5	279	-155	-1230
DNB5702126	-831	655.5	-781	291	543	-1252
DNB5702172	-831	1160	1200	889	892	1266
DNB57242	-831	1372	837	-622.5	1292	1557
DNB5753	-831	-947.5	-1387.5	676.5	1145	1433
DNB5814	-831	1027	1309.5	-1078.5	841.5	1033.5
DNB589768	-831	-875	1111.5	-1055	-1102	1411
DNB596344	-831	-1055	208	598	-1292	-1392
DNB5991	-831	844.5	-761	717	623	1421
DNB616573	-831	481.5	-1069	-1002	621	1042
DNB6230	-831	-1207	-1076	-909	732.5	-1299.5
DNB6234	-831	-854	-889	-904	-922	-1414
DNB62389	-831	-732	-1437	-687	-761	-1397
DNB62875	-831	-1378.5	-1502	-804	-1413	-1328
DNB6439225	-831	-895.5	371.5	-829.5	-905.5	-812.5
DNB65064	-831	1202.5	1192.5	1259.5	1246	1296.5
DNB6539732	-831	-1529.5	-809	-1444	-1467	1470
DNB6603728	-831	819.5	912	749.5	869	-1110
DNB6603827	-831	-1059	-975	-1220.5	-911	-1158
DNB6603865	-831	-1302	-1509	867.5	-1336	1289
DNB6610217	-831	502	-852.5	-838	-738	899.5
DNB6610273	-831	908.5	1244	-432	1049	976
DNB6610319	-831	844	1119.5	1183.5	986	1107
DNB6610326	-831	-1272	1059	-1176.5	962	1101
DNB6610347	-831	-1081	877.5	-1313	982	867
DNB6674	-831	1377	830	657	1313	1581
DNB669190	-831	-1306	-1449	-643.5	-1422	-1311
DNB6708643	-831	-1034	-1379	1161	743	-1320
DNB6710699	-831	-512.5	-957	-599.5	323	-791
DNB6710779	-831	1038	1024	1097	1111	1330
DNB6742	-831	1039	1208	-1428	-1443	-1465
DNB70413	-831	1472.5	1593	1436	1495	1633
DNB7046	-831	-912	-502	765.5	-935	-891.5
DNB70547	-831	776	673	684	684	1384
DNB71384	-831	-1097	688	-561.5	-765	-1270
DNB716121	-831	-996	-1368.5	688	-1397.5	1354
DNB7184	-831	1276	1203.5	1282.5	1107	1299.5
DNB72067	-831	602	-670.5	311.5	-686	1062.5
DNB72385	-831	-597.5	-925	1138.5	979.5	-585.5
DNB73707361	-831	-647.5	-926	-731	837	1001.5
DNB73707371	-831	-1325	-1483	-1498	-1527	1468
DNB73707373	-831	-1276	-1439.5	-722.5	-796.5	954.5
DNB73707375	-831	-905.5	-873	-991.5	-1273	-1323
DNB73707416	-831	617	-1015.5	1320	-806	-978
DNB73707419	-831	633.5	-119	753	588	834
DNB73707560	-831	-874.5	1279.5	1420	1051	1381
DNB73707561	-831	-1032	-1341	490.5	-1129	678.5
DNB73707600	-831	553	-761	597.5	562	1349
DNB73707601	-831	-958	-932.5	-616.5	-1299.5	-1259.5
DNB7510	-831	-957	-886	-1066	-828	-857
DNB75220	-831	-1050	1201	1191	-1091	-1187
DNB75919	-831	815.5	875	1129	796	1297
DNB817368	-831	1254.5	1303.5	1115.5	1202.5	973.5
DNB8226	-831	-1049	-1120	1056.5	1124.5	-878
DNB838	-831	-1355.5	-1487	-1172	-1209	1194
DNB84029	-831	-754.5	-899	-733.5	257	-990
DNB9604992	-831	-778.5	-899	-693	-854	-1358
DNB9815618	-831	1211.5	1267	1037	-1206.5	682
DNB9865652	-831	587	-1033.5	-1109.5	545	1424
DNB9892554	-831	-816.5	-893	-601	-777	-768
DNB9949093	-831	-909	409	-1146.5	-892	1394
Dobutamine	-831	529.5	547	440	524.5	181
Dopamine	-831	1349.5	1428	-1135.5	1337	1360
Enalapril	-831	-1328.5	-1501	-1241	-1464	1353
Eprosartan	-831	1342.5	1452	1391	1219	1481
Esmolol	-831	-1534.5	-1474	-1541	-1543	-1498
Etacrynic_acid	-831	-920.5	-816.5	-1087.5	-918	1077
Etilefrine	-831	1519	1583	1533	1509	-1306
Ezetimibe	-831	1318	-717	687	708	1307
Felodipine	-831	-865.5	-1160	585.5	1015.5	289
Fenofibrate	-831	667	775.5	643.5	744.5	1111
Fenoldopam	-831	-1169	-1080	-1054	-1172	880
Gemfibrozil	-831	-1054.5	-1150	-1061	-923	-994
Hydroflumethiazide	-831	923	812	891	1354	-1198
Iloprost	-831	605.5	-1437	591	-695	1332
Indapamide	-831	-1536	-825	-1272	-1506	-1483
Irbesartan	-831	701	-904	583.5	282	1310
Isradipine	-831	770.5	-1431	-1243	785	1392
Labetalol	-831	-953	-956.5	-913	569	-713.5
Losartan	-831	1281.5	272	1106	526	1477
Lovastatin	-831	1187.5	1298.5	1210.5	1051.5	-1229.5
Menadione	-831	-685	-1232.5	-554.5	-744	1107
Mephentermine	-831	788	1205	340	-721.5	851
Metolazone	-831	-1409.5	-1501	-1485	-1504	-1598
Metoprolol	-831	-907.5	-1176	349.5	-923	905
Midodrine	-831	1186	-584	846.5	-844	1439
Milrinone	-831	-668.5	-876.5	508.5	-946.5	-598.5
Moexipril	-831	1269.5	752	886	1292	1577
Nadolol	-831	-777	-841.5	-760.5	186	1228.5
Niacin	-831	-863.5	-883.5	1079	-1019	958
Nicardipine	-831	-1048.5	-1207.5	-443.5	-1008.5	745
Nicotinyl_alcohol	-831	-957	-886	-1066	-830	-857
Nifedipine	-831	852.5	1373	-839.5	1306	1306
Nimodipine	-831	890	917.5	1347	1193	-1344
Nitrendipine	-831	-1165.5	875	-1130	-1110	1421
Nitrofural	-831	1379.5	-1009.5	1382	1216.5	1392
Olmesartan	-831	-553	-690	-123	-642	1250
Ouabain	-831	1256	1091	948	1043	1437
Oxprenolol	-831	866.5	1067.5	839	814	1172
Perindopril	-831	489	-913.5	-708.5	-766	-1069.5
Pindolol	-831	560.5	827.5	-946.5	250	446
Piretanide	-831	1617.5	1576	1582.5	1568	1518
Practolol	-831	868	1242.5	725.5	1157.5	825.5
Pravastatin	-831	1377.5	1060.5	1319	1125	1464
Probucol	-831	-1169	1319	-1212.5	-1426.5	-1359.5
Propranolol	-831	-866	-1170.5	-807.5	-925	-1058.5
Quinapril	-831	-422.5	-745.5	-781	-1037	-1142.5
Quinethazone	-831	-704	501	138	-776	-1432
Ramipril	-831	-1367.5	-1205	-1233.5	-1287	1357
Rivaroxaban	-831	1348.5	754	-1119.5	1206	1463
Rosuvastatin	-831	1152.5	1157	1325	926	-1156
Simvastatin	-831	-722	1069	-166	-729	629.5
Sotalol	-831	1295	1411	-889	1358	1438
Spironolactone	-831	-1135.5	-1504	-955	-1517	-1645
Synephrine	-831	-1300.5	-1102	-1064	-1195	-1295
Telmisartan	-831	-730	353	-736	-728	1327
Ticlopidine	-831	797.5	939	1311	1246.5	1375
Tienilic_acid	-831	-1320	-1449.5	-1435	879	-1487
Timolol	-831	896.5	1080.5	935.5	1052	925.5
Torasemide	-831	-749	-1199	216	-822	322.5
Treprostinil	-831	-1123	-1376	-724.5	-1270	1351
Triamterene	-831	-605.5	-938	-126.5	-579	783.5
Valsartan	-831	1130.5	1294.5	1150.5	-1019	1116.5
Warfarin	-831	-1410	-1498	-1260.5	-1235	-1406
