ad	density	cc	spath	eigencentr	betwcentr
drug_1	-831	917	761	913	791.5	555
drug_10	-831	-1007	-1105	-970	-1263	-735
drug_100	-831	-943	942.5	-1017.5	671	-891.5
drug_101	-831	1062	1059	1051.5	1234.5	934
drug_102	-831	921	-957	895.5	1086.5	743
drug_103	-831	-1102	947	-1072	874	-933
drug_104	-831	-931	967.5	-916.5	903	-811.5
drug_105	-831	688.5	-808.5	-533.5	-666	980.5
drug_106	-831	1062	1059	1051.5	973	934
drug_107	-831	1062	1059	1051.5	1091.5	934
drug_108	-831	1062	1059	1051.5	1181	934
drug_109	-831	951.5	925.5	-524.5	808.5	1097.5
drug_11	-831	1068.5	1025.5	1061	1075.5	959.5
drug_110	-831	1061	1091	1022	1134	-449.5
drug_111	-831	1256.5	1229.5	1242	1338	518.5
drug_112	-831	1061	1091	1022	1054	-449.5
drug_113	-831	1061	1091	1022	1089.5	-449.5
drug_114	-831	1061	1091	1022	1131.5	-449.5
drug_115	-831	1061	1091	1022	1074.5	-449.5
drug_116	-831	1061	1091	1022	1098.5	-449.5
drug_117	-831	1061	1091	1022	1141.5	-449.5
drug_118	-831	924	791	909	1028	235
drug_119	-831	1061	1091	1022	1074.5	-449.5
drug_12	-831	-752.5	-993.5	-711.5	830.5	-483.5
drug_120	-831	1061	1091	1022	1089.5	-449.5
drug_121	-831	1231	1294.5	1201.5	1234.5	-580.5
drug_122	-831	1061	1091	1022	1074.5	-449.5
drug_123	-831	1061	1091	1022	1144	-449.5
drug_124	-831	1061	1091	1022	1064	-449.5
drug_125	-831	1061	1091	1022	1168	-449.5
drug_126	-831	1061	1091	1022	1136	-449.5
drug_127	-831	-842	930	-797	755.5	-614
drug_128	-831	1061	1091	1022	1169	-449.5
drug_129	-831	1061	1091	1022	1116.5	-449.5
drug_13	-831	1248.5	708.5	1229.5	828	969.5
drug_130	-831	924	791	909	1089.5	235
drug_131	-831	1061	1091	1022	1089.5	-449.5
drug_132	-831	1061	1091	1022	1089.5	-449.5
drug_133	-831	1061	1091	1022	1170.5	-449.5
drug_134	-831	1061	1091	1022	1136	-449.5
drug_135	-831	-842	930	-797	813	-614
drug_136	-831	1061	1091	1022	1116.5	-449.5
drug_137	-831	-842	930	-797	-766	-614
drug_138	-831	1061	1091	1022	1107.5	-449.5
drug_139	-831	1141	955	1111	1312	353
drug_14	-831	1188	727.5	711.5	571	1290.5
drug_140	-831	1061	1091	1022	1169	-449.5
drug_141	-831	-842	930	-797	772	-614
drug_142	-831	1106.5	969.5	1104.5	1049.5	370.5
drug_143	-831	1186.5	1019.5	1208.5	999.5	809.5
drug_144	-831	1269	1245.5	1280.5	1274.5	846.5
drug_145	-831	1288	1241	1286	1254	621
drug_146	-831	1011.5	1030	1137	962.5	-795
drug_147	-831	-803.5	739.5	886.5	705.5	-759.5
drug_148	-831	1011.5	1030	1137	984.5	-795
drug_149	-831	1011.5	1030	1137	957	-795
drug_15	-831	1336.5	828.5	1316.5	833	1112.5
drug_150	-831	1315.5	1235.5	1321.5	1234	874.5
drug_151	-831	1315.5	1235.5	1321.5	1215	874.5
drug_152	-831	995	964	1098	1003.5	-808
drug_153	-831	1261.5	1194.5	1263.5	1274.5	565.5
drug_154	-831	-803.5	739.5	886.5	771	-759.5
drug_155	-831	1011.5	1030	1137	1006	-795
drug_156	-831	-858	-754	-840	-718	-755
drug_157	-831	-923	750.5	-902	742.5	-838.5
drug_158	-831	995	964	1098	1006.5	-808
drug_159	-831	1349.5	1363.5	1346.5	1353	891.5
drug_16	-831	1336.5	828.5	1316.5	828	1112.5
drug_160	-831	1011.5	1030	1137	1009	-795
drug_161	-831	-803.5	739.5	886.5	771	-759.5
drug_162	-831	1269	1245.5	1280.5	1229.5	846.5
drug_163	-831	1011.5	1030	1137	935.5	-795
drug_164	-831	1269	1245.5	1280.5	1279.5	846.5
drug_165	-831	-899.5	-881.5	-877.5	-856.5	-780.5
drug_166	-831	1011.5	1030	1137	936.5	-795
drug_167	-831	1112.5	1185.5	1088.5	1037	487.5
drug_168	-831	1011.5	1030	1137	982	-795
drug_169	-831	1269	1245.5	1280.5	1229.5	846.5
drug_17	-831	-1007	-1105	-970	-1302	-735
drug_170	-831	1288	1241	1286	1253	621
drug_171	-831	677.5	-688	682	-695	573
drug_172	-831	-841	-921	-818.5	-754.5	-606
drug_173	-831	-595.5	-812.5	-548	-577.5	-927.5
drug_174	-831	-715.5	-1025.5	-592	-707	-965.5
drug_175	-831	-841	-921	-818.5	-1110	-606
drug_176	-831	-1078.5	-830.5	-1040.5	-951	-831.5
drug_177	-831	715	-740	723	827.5	570
drug_178	-831	-841	-921	-818.5	-818.5	-606
drug_179	-831	-841	-921	-818.5	-787	-606
drug_18	-831	1336.5	828.5	1316.5	841.5	1112.5
drug_180	-831	697	-588	704	675	552
drug_181	-831	-516.5	-650	-494.5	-640	577
drug_182	-831	-841	-921	-818.5	-806	-606
drug_183	-831	-595.5	-812.5	-548	-777	-927.5
drug_184	-831	-1078.5	-830.5	-1040.5	-861	-831.5
drug_185	-831	-1007	-1105	-970	-1241.5	-735
drug_186	-831	-841	-921	-818.5	-787	-606
drug_187	-831	-595.5	-812.5	-548	-678.5	-927.5
drug_188	-831	-841	-921	-818.5	829.5	-606
drug_189	-831	-1078.5	-830.5	-1040.5	-951	-831.5
drug_19	-831	1266.5	717.5	714.5	576	1332.5
drug_190	-831	-1078.5	-830.5	-1040.5	-951	-831.5
drug_191	-831	-1175.5	-926.5	-1156	-918	-948.5
drug_192	-831	677.5	-688	682	-595	573
drug_193	-831	-841	-921	-818.5	-954.5	-606
drug_194	-831	638	-763.5	646.5	815.5	469.5
drug_195	-831	-841	-921	-818.5	-954.5	-606
drug_196	-831	-841	-921	-818.5	-818.5	-606
drug_197	-831	-841	-921	-818.5	-1088.5	-606
drug_198	-831	-841	-921	-818.5	-922	-606
drug_199	-831	-1078.5	-830.5	-1040.5	-752.5	-831.5
drug_2	-831	1068.5	1025.5	1061	963	959.5
drug_20	-831	1021.5	1036.5	1002.5	950	877.5
drug_200	-831	-841	-921	-818.5	-1017	-606
drug_201	-831	-957	-1017.5	-854.5	-912.5	-1137.5
drug_202	-831	-1202	-1173	-1178	-1188	-1066
drug_203	-831	-1202	-1173	-1178	-1084.5	-1066
drug_204	-831	-1122.5	-1152.5	-1106.5	-1036	-970.5
drug_205	-831	-1202	-1173	-1178	-1097	-1066
drug_206	-831	-1144.5	-1035.5	-1097.5	-1208	-899.5
drug_207	-831	-1202	-1173	-1178	-992	-1066
drug_208	-831	-1113.5	-1160.5	-1030	-1140.5	-1145.5
drug_209	-831	-1202	-1173	-1178	-1091.5	-1066
drug_21	-831	1336.5	828.5	1316.5	836.5	1112.5
drug_210	-831	-1007	-1105	-970	-1107.5	-735
drug_211	-831	-1202	-1173	-1178	-1283	-1066
drug_212	-831	-1202	-1173	-1178	-1097	-1066
drug_213	-831	-1122.5	-1152.5	-1106.5	-933.5	-970.5
drug_214	-831	-1113.5	-1160.5	-1030	-942	-1145.5
drug_215	-831	-957	-1017.5	-854.5	-912.5	-1137.5
drug_216	-831	-1113.5	-1160.5	-1030	-1044	-1145.5
drug_217	-831	-1202	-1173	-1178	-1195	-1066
drug_218	-831	-1202	-1173	-1178	-1188	-1066
drug_219	-831	-1007	-1105	-970	-1202.5	-735
drug_22	-831	-554	-675	-509	-642.5	894.5
drug_220	-831	-1202	-1173	-1178	-1084.5	-1066
drug_221	-831	-1202	-1173	-1178	-1283	-1066
drug_222	-831	-1202	-1173	-1178	-1343.5	-1066
drug_223	-831	-1202	-1173	-1178	-1009.5	-1066
drug_224	-831	-1113.5	-1160.5	-1030	-943.5	-1145.5
drug_225	-831	-715.5	-1025.5	-592	-774	-965.5
drug_226	-831	-1007	-1105	-970	-1202.5	-735
drug_227	-831	-1007	-1105	-970	-1146.5	-735
drug_228	-831	-1202	-1173	-1178	-1004	-1066
drug_229	-831	-1202	-1173	-1178	-1356	-1066
drug_23	-831	1021.5	1036.5	1002.5	-1014	877.5
drug_230	-831	-1202	-1173	-1178	-1188	-1066
drug_231	-831	-1078.5	-830.5	-1040.5	-752.5	-831.5
drug_232	-831	-1144.5	-1035.5	-1097.5	-1052.5	-899.5
drug_233	-831	-841	-921	-818.5	-954.5	-606
drug_234	-831	-1007	-1105	-970	-979	-735
drug_235	-831	-841	-921	-818.5	-1077.5	-606
drug_236	-831	-1007	-1105	-970	-1228	-735
drug_237	-831	-841	-921	-818.5	-1049.5	-606
drug_238	-831	-841	-921	-818.5	-851	-606
drug_239	-831	-1007	-1105	-970	-1107.5	-735
drug_24	-831	1021.5	1036.5	1002.5	1210	877.5
drug_240	-831	-1007	-1105	-970	1020.5	-735
drug_241	-831	-752.5	-993.5	-711.5	-1020.5	-483.5
drug_242	-831	686	-817	-526	678	955
drug_243	-831	-841	-921	-818.5	-769.5	-606
drug_244	-831	-774.5	-860.5	-744.5	-940.5	-505.5
drug_245	-831	698	-697	708.5	-819.5	1046
drug_246	-831	-841	-921	-818.5	-922	-606
drug_247	-831	-841	-921	-818.5	-754.5	-606
drug_248	-831	-841	-921	-818.5	-954.5	-606
drug_249	-831	-841	-921	-818.5	-833.5	-606
drug_25	-831	-623.5	-752	-620	-810	-456
drug_250	-831	-1074	979	-1051	-1170.5	936
drug_251	-831	-1007	-1105	-970	-1134.5	-735
drug_252	-831	-1007	-1105	-970	-1107.5	-735
drug_253	-831	-1007	-1105	-970	-1202.5	-735
drug_254	-831	-841	-921	-818.5	-851	-606
drug_255	-831	-841	-921	-818.5	-763.5	-606
drug_256	-831	-841	-921	-818.5	-851	-606
drug_257	-831	-1007	-1105	-970	-1157	-735
drug_258	-831	921	-957	895.5	828	743
drug_259	-831	882.5	-1007.5	861.5	933	595.5
drug_26	-831	677.5	-688	682	-593	573
drug_260	-831	-841	-921	-818.5	-754.5	-606
drug_261	-831	-841	-921	-818.5	-954.5	-606
drug_262	-831	-659	-695	-663	-584.5	-549
drug_263	-831	638	-763.5	646.5	-737.5	469.5
drug_264	-831	-841	-921	-818.5	-1017	-606
drug_265	-831	-841	-921	-818.5	-922	-606
drug_266	-831	-841	-921	-818.5	-1017	-606
drug_267	-831	-841	-921	-818.5	-769.5	-606
drug_268	-831	-841	-921	-818.5	-954.5	-606
drug_269	-831	930.5	-879.5	906.5	-796.5	763.5
drug_27	-831	-841	-921	-818.5	-802	-606
drug_270	-831	882.5	-1007.5	861.5	1135	595.5
drug_271	-831	-590	-681	-360.5	-585.5	-880
drug_272	-831	722	933	-583.5	871	1020
drug_273	-831	-841	-921	-818.5	-1077.5	-606
drug_274	-831	-841	-921	-818.5	-1004.5	-606
drug_275	-831	-1078.5	-830.5	-1040.5	-1011.5	-831.5
drug_276	-831	-841	-921	-818.5	-1032	-606
drug_277	-831	-1007	-1105	-970	-1263	-735
drug_278	-831	-841	-921	-818.5	-851	-606
drug_279	-831	-1078.5	-830.5	-1040.5	-851.5	-831.5
drug_28	-831	-841	-921	-818.5	-1135	-606
drug_280	-831	-1007	-1105	-970	-940	-735
drug_281	-831	-1007	-1105	-970	-1302	-735
drug_282	-831	-841	-921	-818.5	-969.5	-606
drug_283	-831	-1078.5	-830.5	-1040.5	-946.5	-831.5
drug_284	-831	-841	-921	-818.5	-851	-606
drug_285	-831	-623.5	-710	-645	793	603
drug_286	-831	-841	-921	-818.5	-851	-606
drug_287	-831	638	-763.5	646.5	703	469.5
drug_288	-831	-841	-921	-818.5	-922	-606
drug_289	-831	954	-776	944	1169	942
drug_29	-831	-623.5	-752	-620	-810	-456
drug_290	-831	898.5	898.5	901	866	822.5
drug_291	-831	939	716	937	1130	797
drug_292	-831	736.5	884.5	820.5	-770.5	786.5
drug_293	-831	898.5	898.5	901	775.5	822.5
drug_294	-831	882.5	-1007.5	861.5	1137	595.5
drug_295	-831	677.5	-712	682	569.5	558
drug_296	-831	-1138	-1156	-1124.5	-1175	-1036
drug_297	-831	-1185	-1190	-1160	-1305	-1014
drug_298	-831	736.5	884.5	820.5	-601	786.5
drug_299	-831	988.5	1007.5	970.5	-1094	914.5
drug_3	-831	1068.5	1025.5	1061	1164	959.5
drug_30	-831	-841	-921	-818.5	-1032	-606
drug_300	-831	736.5	884.5	820.5	-863.5	786.5
drug_301	-831	1054.5	944	1056.5	1130.5	940
drug_302	-831	736.5	884.5	820.5	-861.5	786.5
drug_303	-831	-893	-839	-919	-898.5	-862
drug_304	-831	939	716	937	986	797
drug_305	-831	703	649.5	719	863	616.5
drug_306	-831	939	716	937	766	797
drug_307	-831	736.5	884.5	820.5	755.5	786.5
drug_308	-831	1038.5	1016.5	1026.5	1116	962.5
drug_309	-831	898.5	898.5	901	778.5	822.5
drug_31	-831	-774.5	919	-772.5	-873	-781
drug_310	-831	655.5	623.5	664.5	840	582.5
drug_311	-831	898.5	898.5	901	923	822.5
drug_312	-831	736.5	884.5	820.5	917	786.5
drug_313	-831	655.5	623.5	664.5	895	582.5
drug_314	-831	-841	-921	-818.5	-1032	-606
drug_315	-831	867	720	869.5	873	751
drug_316	-831	703	649.5	719	774.5	616.5
drug_317	-831	921	-957	895.5	1028.5	743
drug_318	-831	988.5	1007.5	970.5	894.5	914.5
drug_319	-831	1038.5	1016.5	1026.5	911	962.5
drug_32	-831	-623.5	-752	-620	-654.5	-456
drug_320	-831	-1120.5	-877	-1119	-1144.5	-1053
drug_321	-831	-805	-699	-872	-605	-815
drug_322	-831	-949.5	-681	-1051	591	-1008
drug_323	-831	-1087	-854	-1064.5	-835.5	-992
drug_324	-831	-1059.5	-761	-1060	-704.5	-1033
drug_325	-831	-949.5	-681	-1051	-722	-1008
drug_326	-831	-1087	-854	-1064.5	-927	-992
drug_327	-831	-933	-721	-1027	-847.5	-950
drug_328	-831	-1188.5	-772.5	-1195.5	-1049.5	-1115.5
drug_329	-831	-805	-699	-872	-501.5	-815
drug_33	-831	-595.5	-812.5	-548	-575	-927.5
drug_330	-831	-949.5	-681	-1051	-718	-1008
drug_331	-831	421.5	-467.5	433	-466	-275.5
drug_332	-831	-1087	-854	-1064.5	-833.5	-992
drug_333	-831	-949.5	-681	-1051	-722	-1008
drug_334	-831	-1188.5	-772.5	-1195.5	-893	-1115.5
drug_335	-831	-1087	-854	-1064.5	-833.5	-992
drug_336	-831	-949.5	-681	-1051	-612.5	-1008
drug_337	-831	-1160.5	-1045.5	-1140.5	-1161	-1040.5
drug_338	-831	-1087	-854	-1064.5	-930.5	-992
drug_339	-831	-949.5	-681	-1051	-817	-1008
drug_34	-831	-623.5	-752	-620	602	-456
drug_340	-831	-723	-578	-768	-556	850
drug_341	-831	-841	-921	-818.5	-851	-606
drug_342	-831	1123	1064	1128	1037	1177
drug_343	-831	677.5	-712	682	-826.5	558
drug_344	-831	-949.5	-681	-1051	-614.5	-1008
drug_345	-831	-794.5	-739	-784	527.5	726
drug_346	-831	-805	-699	-872	-700	-815
drug_347	-831	-949.5	-681	-1051	-722	-1008
drug_348	-831	-949.5	-681	-1051	-618.5	-1008
drug_349	-831	1003	930	1014	-875	808
drug_35	-831	-516.5	-650	-494.5	-543	577
drug_350	-831	-925.5	706	-909.5	817	-863
drug_351	-831	-1127.5	981	-1132	-1031	-1109
drug_352	-831	1049.5	906	1061	910	890
drug_353	-831	1106.5	1079.5	1103.5	1027	1004.5
drug_354	-831	-1225.5	-999	-1202.5	-1137.5	-1124
drug_355	-831	-1167.5	-1051.5	-1150.5	-1069.5	-1093.5
drug_356	-831	-1230	-1013	-1208	-1069	-1128
drug_357	-831	-1167.5	-1051.5	-1150.5	-1067	-1093.5
drug_358	-831	-1007	-1105	-970	-1263	-735
drug_359	-831	1021.5	1036.5	1002.5	867.5	877.5
drug_36	-831	-526.5	-611.5	-520.5	811.5	421.5
drug_360	-831	-1059.5	971	1072	906.5	1117
drug_361	-831	-1167.5	-1051.5	-1150.5	-1263	-1093.5
drug_362	-831	1106.5	1079.5	1103.5	1299	1004.5
drug_363	-831	-1167.5	-1051.5	-1150.5	-1170.5	-1093.5
drug_364	-831	-1053	992	-1034	982.5	-940
drug_365	-831	-1167.5	-1051.5	-1150.5	-1261	-1093.5
drug_366	-831	1106.5	1079.5	1103.5	1024	1004.5
drug_367	-831	902.5	-747	915.5	808.5	591
drug_368	-831	-1225.5	-999	-1202.5	-937.5	-1124
drug_369	-831	1106.5	1079.5	1103.5	1286	1004.5
drug_37	-831	-841	-921	-818.5	-922	-606
drug_370	-831	-794.5	-798	-707	-829.5	-1126
drug_371	-831	1035.5	987	1044	869	-906
drug_372	-831	1121	1000	1121	1064	975
drug_373	-831	-1174.5	-1059	-1163	-1272	-1104
drug_374	-831	-1127.5	981	-1132	1102	-1109
drug_375	-831	-1127.5	981	-1132	-1124.5	-1109
drug_376	-831	1077.5	1018	-497.5	1042.5	1136
drug_377	-831	-1007	-1105	-970	-1004	-735
drug_378	-831	-1202	-1173	-1178	-1372	-1066
drug_379	-831	873	935.5	-569	688	1055.5
drug_38	-831	-623.5	-752	-620	-745	-456
drug_380	-831	873	935.5	-569	802.5	1055.5
drug_381	-831	854	921	839	824	730
drug_382	-831	-640.5	-626	-557.5	583	-910
drug_383	-831	-1007	-1105	-970	-1202.5	-735
drug_384	-831	-957	724	-1024.5	-845	-890
drug_385	-831	-1102	947	-1072	-988	-933
drug_386	-831	-1078.5	-830.5	-1040.5	-752.5	-831.5
drug_387	-831	-884	-790.5	-689.5	-822	-1038.5
drug_388	-831	-841	-921	-818.5	-754.5	-606
drug_389	-831	873	935.5	-569	892	1055.5
drug_39	-831	-841	-921	-818.5	-787	-606
drug_390	-831	677.5	-688	682	-793.5	573
drug_391	-831	-1144.5	-1035.5	-1097.5	-949	-899.5
drug_392	-831	693	710	-506	684	952
drug_393	-831	-841	-921	-818.5	-1049.5	-606
drug_394	-831	632	712.5	-530.5	-440.5	-956.5
drug_395	-831	-884	-790.5	-689.5	-883.5	-1038.5
drug_396	-831	1021.5	1036.5	1002.5	-1176	877.5
drug_397	-831	632	712.5	-530.5	-607	-956.5
drug_398	-831	-715.5	-1025.5	-592	-881	-965.5
drug_399	-831	638	-763.5	646.5	907	469.5
drug_4	-831	1068.5	1025.5	1061	962	959.5
drug_40	-831	-516.5	-650	-494.5	-639	577
drug_400	-831	-715.5	-1025.5	-592	-774	-965.5
drug_401	-831	-1007	-1105	-970	-1079.5	-735
drug_402	-831	854	921	839	-948.5	730
drug_403	-831	-1078.5	-830.5	-1040.5	-861	-831.5
drug_404	-831	-1007	-1105	-970	-1327	-735
drug_405	-831	-1125.5	-1203.5	-1107	-1240.5	-896.5
drug_406	-831	-841	-921	-818.5	-818.5	-606
drug_407	-831	-870.5	759.5	892.5	766.5	-762.5
drug_408	-831	1170	999.5	1180	1011	781.5
drug_409	-831	995	964	1098	1025	-808
drug_41	-831	-841	-921	-818.5	-922	-606
drug_410	-831	995	964	1098	974	-808
drug_411	-831	1170	999.5	1180	1009.5	781.5
drug_412	-831	1170	999.5	1180	1054	781.5
drug_413	-831	1170	999.5	1180	1052.5	781.5
drug_414	-831	924	791	909	1073.5	235
drug_415	-831	961.5	745.5	1075	1033.5	617.5
drug_416	-831	1170	999.5	1180	1051.5	781.5
drug_417	-831	917	900	925	822	-734
drug_418	-831	1170	999.5	1180	1056	781.5
drug_419	-831	732	695.5	767.5	844	-597.5
drug_42	-831	-623.5	-752	-620	-810	-456
drug_420	-831	995	964	1098	1039	-808
drug_421	-831	1108	711	1159	929.5	696
drug_422	-831	930	654.5	959.5	1205	515.5
drug_423	-831	1193.5	758.5	1203.5	1239.5	736.5
drug_424	-831	1308	1217.5	1310.5	1268	625.5
drug_425	-831	-855.5	661	-822	920	-660
drug_426	-831	1223	992.5	1233.5	1255	476.5
drug_427	-831	1108	711	1159	1000.5	696
drug_428	-831	917	900	925	821	-734
drug_429	-831	1261.5	1194.5	1263.5	1297.5	565.5
drug_43	-831	632	678	641	814	-479
drug_430	-831	-855.5	661	-822	967.5	-660
drug_431	-831	1170	999.5	1180	1007.5	781.5
drug_432	-831	972.5	656.5	1103.5	1185	562.5
drug_433	-831	-842	930	-797	-781	-614
drug_434	-831	-899.5	-881.5	-877.5	-846	-780.5
drug_435	-831	1061	1091	1022	1121	-449.5
drug_436	-831	1061	1091	1022	1134	-449.5
drug_437	-831	-1144.5	-1035.5	-1097.5	-1058	-899.5
drug_438	-831	-595.5	-812.5	-548	-773.5	-927.5
drug_439	-831	-1007	-1105	-970	-1159.5	-735
drug_44	-831	-841	-921	-818.5	-851	-606
drug_440	-831	-752.5	-993.5	-711.5	834	-483.5
drug_441	-831	-841	-921	-818.5	-731	-606
drug_442	-831	-595.5	-812.5	-548	-678.5	-927.5
drug_443	-831	-1007	-1105	-970	-1107.5	-735
drug_444	-831	-715.5	-1025.5	-592	-877.5	-965.5
drug_445	-831	-1007	-1105	-970	-1043	-735
drug_446	-831	-910.5	-636	-879.5	-542.5	-678
drug_447	-831	-1007	-1105	-970	1079	-735
drug_448	-831	-841	-921	-818.5	-833.5	-606
drug_449	-831	-841	-921	-818.5	-1110	-606
drug_45	-831	-841	-921	-818.5	-954.5	-606
drug_450	-831	-841	-921	-818.5	-922	-606
drug_451	-831	-841	-921	-818.5	-922	-606
drug_452	-831	-738.5	-1019	-592	-907	-954
drug_453	-831	-1007	-1105	-970	-1004	-735
drug_454	-831	-788	-782	-640.5	-726	-983
drug_455	-831	882.5	-1007.5	861.5	1142	595.5
drug_456	-831	-623.5	-752	-620	-554.5	-456
drug_457	-831	-623.5	-752	-620	-547.5	-456
drug_458	-831	-1007	-1105	-970	-1202.5	-735
drug_459	-831	-841	-921	-818.5	-818.5	-606
drug_46	-831	-542.5	-582	-543	672	461
drug_460	-831	-516.5	-660	-489	-542	736
drug_461	-831	-1078.5	-830.5	-1040.5	-693.5	-831.5
drug_462	-831	-623.5	-752	-620	757.5	-456
drug_463	-831	-841	-921	-818.5	-1077.5	-606
drug_464	-831	-1007	-1105	-970	-1072.5	-735
drug_465	-831	-526.5	-611.5	-520.5	696	421.5
drug_466	-831	-1007	-1105	-970	-1004	-735
drug_467	-831	930.5	-879.5	906.5	931	763.5
drug_468	-831	-1007	-1105	-970	-1167.5	-735
drug_469	-831	882.5	-1007.5	861.5	935	595.5
drug_47	-831	677.5	-688	682	594	573
drug_470	-831	-1007	-1105	-970	-940	-735
drug_471	-831	-1072	-822	-1030	-1007.5	-838
drug_472	-831	-1007	-1105	-970	-1107.5	-735
drug_473	-831	-1007	-1105	-970	-1263	-735
drug_474	-831	-1007	-1105	-970	-1202.5	-735
drug_475	-831	-1007	-1105	-970	-1202.5	-735
drug_476	-831	-1007	-1105	-970	-1043	-735
drug_477	-831	-1007	-1105	-970	-1229.5	-735
drug_478	-831	-1007	-1105	-970	1037.5	-735
drug_479	-831	-1007	-1105	-970	-1202.5	-735
drug_48	-831	-1007	-1105	-970	-1174.5	-735
drug_480	-831	-1007	-1105	-970	964.5	-735
drug_481	-831	-1242	-1187	-1209.5	-1300	-1043
drug_482	-831	-1007	-1105	-970	-1072.5	-735
drug_483	-831	-1007	-1105	-970	-1263	-735
drug_484	-831	-1144.5	-1035.5	-1097.5	-1153	-899.5
drug_485	-831	-1007	-1105	-970	-1004	-735
drug_486	-831	-1212.5	-882	-1178.5	-1365.5	-526
drug_487	-831	-1007	-1105	-970	-1004	-735
drug_488	-831	930.5	-879.5	906.5	-997.5	763.5
drug_489	-831	-1007	-1105	-970	-1107.5	-735
drug_49	-831	-715.5	-1025.5	-592	-880	-965.5
drug_490	-831	-1144.5	-1035.5	-1097.5	-1052.5	-899.5
drug_491	-831	882.5	-1007.5	861.5	1140.5	595.5
drug_492	-831	949	-759	939	1201	727
drug_493	-831	-1007	-1105	-970	-1107.5	-735
drug_494	-831	-1144.5	-1035.5	-1097.5	-885	-899.5
drug_495	-831	-1007	-1105	-970	-1202.5	-735
drug_496	-831	882.5	-1007.5	861.5	1137	595.5
drug_5	-831	1031	1019	1021	857	885
drug_50	-831	-1007	-1105	-970	-1107.5	-735
drug_51	-831	-752.5	-993.5	-711.5	834	-483.5
drug_52	-831	-1007	-1105	-970	-1146.5	-735
drug_53	-831	988.5	1007.5	970.5	-1094	914.5
drug_54	-831	988.5	1007.5	970.5	889	914.5
drug_55	-831	988.5	1007.5	970.5	1093	914.5
drug_56	-831	936.5	722	930.5	1014	738
drug_57	-831	-891	-706.5	-867.5	-660	-539.5
drug_58	-831	-704	-803	-573.5	-750.5	-874
drug_59	-831	-715.5	-1025.5	-592	-972.5	-965.5
drug_6	-831	1021.5	1036.5	1002.5	1159	877.5
drug_60	-831	891.5	878.5	879.5	881	774.5
drug_61	-831	891.5	878.5	879.5	883	774.5
drug_62	-831	988.5	1007.5	970.5	1093	914.5
drug_63	-831	-1100	918	-1061	-972	-911
drug_64	-831	-715.5	-1025.5	-592	-771	-965.5
drug_65	-831	891.5	878.5	879.5	996.5	774.5
drug_66	-831	-874.5	-795.5	-671.5	-846.5	-1030.5
drug_67	-831	-1007	-1105	-970	-1004	-735
drug_68	-831	-874.5	-795.5	-671.5	-785	-1030.5
drug_69	-831	-891	-706.5	-867.5	-816.5	-539.5
drug_7	-831	-943	942.5	-1017.5	-738.5	-891.5
drug_70	-831	891.5	878.5	879.5	994.5	774.5
drug_71	-831	746.5	905	-564	821	1074
drug_72	-831	-1007	-1105	-970	-1263	-735
drug_73	-831	988.5	1007.5	970.5	889	914.5
drug_74	-831	988.5	1007.5	970.5	-1097	914.5
drug_75	-831	988.5	1007.5	970.5	-891.5	914.5
drug_76	-831	-937	890	-922	-706	-868
drug_77	-831	988.5	1007.5	970.5	1003.5	914.5
drug_78	-831	-960.5	-875	-913.5	-675.5	-527
drug_79	-831	1315.5	1217.5	1306.5	-1231	1204.5
drug_8	-831	-1007	-1105	-970	-1202.5	-735
drug_80	-831	988.5	1007.5	970.5	1009	914.5
drug_81	-831	688.5	-808.5	-533.5	-665	980.5
drug_82	-831	-931	967.5	-916.5	-713.5	-811.5
drug_83	-831	1021.5	1036.5	1002.5	1154	877.5
drug_84	-831	1090	1108	1077	1120.5	991
drug_85	-831	1062	1059	1051.5	1237	934
drug_86	-831	930.5	-879.5	906.5	999	763.5
drug_87	-831	1021.5	1036.5	1002.5	-910.5	877.5
drug_88	-831	1062	1059	1051.5	979	934
drug_89	-831	1095.5	1048	1084.5	970	1001
drug_9	-831	-1102	947	-1072	-795.5	-933
drug_90	-831	-1057	-841	-1021	-799	-665
drug_91	-831	1095.5	1048	1084.5	971.5	1001
drug_92	-831	921	-957	895.5	-1020.5	743
drug_93	-831	1062	1059	1051.5	1089	934
drug_94	-831	976.5	951	984	1184	783
drug_95	-831	1095.5	1048	1084.5	1175.5	1001
drug_96	-831	1115.5	1121	1108.5	1017	1032
drug_97	-831	921	-957	895.5	-865	743
drug_98	-831	933.5	916.5	915.5	946	734.5
drug_99	-831	1040	940	1041	982	862
Acebutolol	-831	1381	978	1481	946	1413
Acetylsalicylic_acid	-831	820	833	-948	816	-1153
Alprenolol	-831	1630	1623	1628	1625	1581
Amiloride	-831	-1275	-1187.5	-1277.5	-1339.5	-1227.5
Amlodipine	-831	-981	-1081	998	-1068	-1327
Atenolol	-831	-1233.5	-1525	-912	-1487	823
Atorvastatin	-831	894.5	1314	-875	896	1316
Benazepril	-831	-1187	-1258	-1177.5	-1293	-1142
Bendroflumethiazide	-831	-935	-898	-1038.5	-964	-1303
Betaxolol	-831	1302	1339	1261	1268	1109
Bezafibrate	-831	339	712	326	556	-1268
Bisoprolol	-831	813	1371	790	814	-1267
Bumetanide	-831	-541	698	-644	-549	-691
Canrenoic_acid	-831	-1529	-1508	-1536	-1515	1539
Captopril	-831	1373	795	1407	1123	1156
Carteolol	-831	857	1235	950	892	981
Carvedilol	-831	-1105.5	-1500	-1495	-1479	1118
Cerivastatin	-831	-1543	-1593	-1508	-1549	1087
Chlorhexidine	-831	-1619	-1624	-1585	-1628	-1568
Chlorthalidone	-831	1164	1237	1124	1252	971
Cilnidipine	-831	1181	1347	1368	1376	1520
Cilostazol	-831	821	782	-891	786	-1179
Clofibrate	-831	1412.5	1412	1425	1507	1544
Clopidogrel	-831	1418	1460	1422.5	1412	1413
Cyclopenthiazide	-831	798.5	870	811	454	1394
Digoxin	-831	-1444	-853	-1440.5	-1459	-950
Dipyridamole	-831	-820.5	-870	-917	-849	-1484
DNB10063341	-831	-843.5	764	923	516	997
DNB10108190	-831	-656	-716	-719	-866.5	647
DNB10133	-831	-1548	-1465	-1571.5	-1498	-1574
DNB1013376	-831	940	1485	1446.5	1352	-1446
DNB10135759	-831	116.5	-78	164	88	989
DNB10204	-831	696.5	1099	1114	696	1040
DNB102175	-831	-1470.5	-1552	-1468.5	-1496	-1427
DNB102614	-831	-469.5	-419	-516.5	-373	-870
DNB10311918	-831	-1462	-1324	-1473	-1366	-1464
DNB10365	-831	-903	-757	-556	-816	-835
DNB10531	-831	-1505	-1480	-1491	-1073	-1404
DNB10607	-831	1452.5	1556	-1427	1503	1445
DNB10631	-831	1479	1231	1501	1475	1216
DNB10767	-831	-1003.5	-1479	-1004	-1428	-1513
DNB107715	-831	-1491.5	-1560	-1495	-1559	1259
DNB107905	-831	-1066.5	-1124	-1077	-1124	1286
DNB108092	-831	136.5	520	133.5	385	-605
DNB10932412	-831	775	784	788	761	-1176
DNB11003969	-831	-1013.5	-1143	-975	-935	-803
DNB11072143	-831	1642	1638	1647	1626	1648
DNB11207937	-831	394.5	605	428.5	385	-205
DNB11292680	-831	1183.5	1077	1293.5	1240	-1464
DNB11575713	-831	-1454	-1565	-1458	-1499	-1555
DNB11626927	-831	1080.5	1445	1117.5	1048	-1348
DNB11634725	-831	775.5	823	817	767	1297
DNB1172104	-831	-1516.5	1517	-1529.5	1542	1571
DNB11723560	-831	-747.5	-764	-789	-788	-811
DNB119192	-831	-1536	-1554	-1519	-1536	-1406
DNB119198	-831	204.5	116	253.5	150	-721
DNB119565	-831	-984.5	-903	-1065.5	-1090	-1235
DNB1219	-831	1634	1630	1621	1634	1562
DNB122623	-831	-1035	-879	-1048	-875	-1480
DNB123662	-831	1328.5	918	926	894	-1392
DNB124735	-831	-1516	-1516	-1343	-1507	-1507
DNB124846	-831	898	846	926	896	1386
DNB128737	-831	1366	1498	1338.5	1364	1528
DNB132887	-831	1113	1128	1102.5	1088	-1310
DNB135398661	-831	1548	1550	1556	1557	1545
DNB136235688	-831	1085	1396	1115	1083	1387
DNB137	-831	-1096	-1059	-1116	-884	1262
DNB13791	-831	779	771	799	768	695
DNB13817	-831	1370	1482	895.5	952	1455
DNB14709	-831	1558	1602	1562	1578	1523
DNB1474853	-831	-764	-738	-825	-713	-1184
DNB15209	-831	1497.5	1512	1480	1447	1552
DNB1560	-831	-805.5	-806	-789	-837	-1213
DNB156314	-831	-1565	-1562	-1571	-1557	-1588
DNB1564	-831	-1022	-892	-925	-1055	-1409
DNB15897	-831	1098	1466	1127.5	1469	-1159
DNB160588	-831	-994	-949	-1037	-1025	1335
DNB163332	-831	-1513	-1479	-1545	-1489	1201
DNB1645	-831	-1480	-1506	-1514.5	-1533	1493
DNB165214	-831	-1638	-1611	-1642.5	-1615	-1628
DNB16720766	-831	1603	1596	1616	1602	-1224
DNB16757524	-831	-1130	-1225	-1163.5	-1217	1176
DNB16759925	-831	1489	1487	1476	1516	1526
DNB16760588	-831	-1632	-1641	-1614.5	-1633	-1589
DNB16760634	-831	-1127.5	-1144	-1129	1275	1197
DNB16760682	-831	-1426	861	-1437	-1407	-1472
DNB167715	-831	-1331	-839	-1357.5	-977	-1291
DNB168868	-831	1112	-1471	-1083.5	1237	-1554
DNB1694	-831	1402.5	1371	1427	1494	1238
DNB17534	-831	785	778	825.5	797	1368
DNB17759555	-831	1456	1389	1466.5	1365	1358
DNB1797	-831	-829.5	949	-820.5	-836	-947
DNB180081	-831	1460	1469	-877.5	1470	1482
DNB1893	-831	824	794	883	933	1122
DNB1901244	-831	911	944	913.5	917	-1529
DNB194138	-831	-1514.5	-1459	-1524	-949	-1481
DNB197835	-831	-800.5	444	-833	418	-724
DNB199472	-831	-940	-946	-1051	-915	-845
DNB2046	-831	854.5	-843	847.5	-781	-1395
DNB2048	-831	-767	-801	-758	-783.5	-671
DNB2049	-831	1076	1118	1090.5	1026	1198
DNB2051	-831	665	-663	643.5	-673	-455
DNB2052	-831	-1535.5	-1570	-1530.5	-1552	-1484
DNB2061	-831	1484.5	1373	1496	1385	1478
DNB2063	-831	-1523	-1579	1435	-1580	1277
DNB220184	-831	-764	-992	-797.5	-836	-1459
DNB222528	-831	1205.5	1004	1287	1136	1461
DNB2229	-831	793	871	864	698	1368
DNB224859	-831	767	-879	834	-798	1408
DNB2249	-831	-1233.5	-1525	-912	-1487	823
DNB23275476	-831	1553	1588	1545	1562	1349
DNB2336	-831	1110	928	1081	1095	1541
DNB23748511	-831	862	-1015	-480.5	-555	1154
DNB2396	-831	-1202.5	-1037	-1215.5	-1086	-965
DNB2399	-831	1509	1511	1513	1506	-1233
DNB24140566	-831	1380.5	1320	1364	1354	1250
DNB24288	-831	491.5	675	619	383	1269
DNB24707	-831	692.5	493	745	530	1054
DNB24861442	-831	813	-840	834.5	818	866
DNB25035942	-831	904.5	937	-1095	-1082	1452
DNB25044204	-831	-819.5	-826	-859	857	1351
DNB25062766	-831	-926.5	-900	-940.5	-922	-1149
DNB252682	-831	-675.5	-902	-703	-592	651
DNB2603	-831	1355	1330	-1370.5	-1244	1564
DNB2608	-831	-317	-703	-256	-406	-1355
DNB262093	-831	-1202	1161.5	-1174	1200	-1038
DNB2724	-831	1528	1557	955.5	1549	1539
DNB2725	-831	610	-975	613	-605	1120
DNB2726	-831	-949.5	889	822.5	913	-1250
DNB2729027	-831	-1230.5	-1258	-1254.5	-1314	-1289
DNB2732	-831	1164	1237	1124	1251	971
DNB2733529	-831	438.5	-564.5	430.5	517	110.5
DNB2736301	-831	-903	-894	-925	-953	-757
DNB2743956	-831	-883	-779	-925.5	-752	-1311
DNB2744062	-831	1465	1431	1465	1395	1352
DNB27924	-831	-1027.5	-1049	1224.5	-1008	1213
DNB2807869	-831	808	832	823	816	-1406
DNB2817908	-831	1482	-1503	-1078.5	1516	-1541
DNB2837530	-831	936	957	951.5	1017	1133
DNB285033	-831	1484.5	1414	1471.5	1437	1386
DNB2941	-831	-1534	-1563	-1567	-1562	-1473
DNB3000667	-831	-1419	-1542	-1499	-1477	-1287
DNB3035026	-831	1458.5	1526	1440	1487	-499
DNB3044	-831	-1488	-1483	-1496	-995	-1417
DNB3065	-831	1113.5	1452	1113.5	1326	1175
DNB3066	-831	-1320	891	1491	1473	1556
DNB3071	-831	-741	-811	204	-827	-960
DNB3246023	-831	-367.5	413	-327.5	-440	-211
DNB3262	-831	1629	1632	1622	1641	1500
DNB3330	-831	1029.5	1454	-1040.5	1346	-969
DNB3337816	-831	168.5	203	230	456	-686
DNB3394	-831	235	417	396	374	399
DNB34677	-831	-1392.5	-1282	-1445.5	-1449	-1008
DNB3473393	-831	709	1067	678	-978	1126
DNB3493	-831	-591	-697	-595.5	-647.5	-997
DNB3571	-831	-1224.5	-1331	-1190	-1301.5	-1073
DNB3634881	-831	-860.5	-1075	-851.5	-1000	-1379
DNB364622	-831	1494	-1476	1527	1527	1549
DNB3655	-831	920.5	1166	947	1041	1183
DNB3689415	-831	-834	-1061	-842	-866	-1101
DNB3689416	-831	-905	-210	-701	-846	-1024
DNB36906	-831	729.5	823	732	820	1197
DNB3707	-831	1591.5	1521	1597	1559	1602
DNB3712	-831	1142.5	1086	1269	1163	1434
DNB3785	-831	-1012.5	1101	-1046.5	1008	1343
DNB3799	-831	1564	1599	1545	1558	1460
DNB3856780	-831	-1390.5	1351	-1480.5	-1440	1595
DNB39912	-831	1470	1515	1446	1485	1518
DNB4034	-831	926.5	881	836	891	913
DNB4140	-831	-1582	-1543	-1567.5	-1591	-1617
DNB4214594	-831	922	817	963	862	1331
DNB4369491	-831	1122	1168	1111	1083	962
DNB4381125	-831	1029	903	994	810	1417
DNB4402	-831	-1070	810	-771	-1021	1406
DNB44139710	-831	919.5	1369	929	1008	1015
DNB44143370	-831	1448	1374	1447	1445	1240
DNB44287635	-831	1344.5	1111	1374	1327	1433
DNB443118	-831	-1022.5	-873	-998	-870	-1441
DNB44483234	-831	-1490	-1524	-1491.5	-1501	-936
DNB44483311	-831	876.5	783	903	773	836
DNB44628955	-831	1372	1356	1368	1395	1418
DNB448055	-831	-895	-917	-922.5	-902	870
DNB448949	-831	892	-961	-885	1112	1394
DNB45006167	-831	-833	-1081	-841	-1025	-794
DNB462	-831	603	115	628	599	1374
DNB4784	-831	847.5	839	1242	1308	1343
DNB4792	-831	1242	-845	1306.5	987	1168
DNB5032	-831	657	353	666	354	-850
DNB5065494	-831	1584.5	1589	1591	1594	1551
DNB5081913	-831	-851.5	-881	855	802	826
DNB5105	-831	-890.5	-853	-988	-873	-1209
DNB51397512	-831	1462	1537	1482	1528	1225
DNB5173	-831	933	1143	1016.5	1050	-888
DNB5271544	-831	1005	1295	1028	979	1345
DNB5281912	-831	-1482	-1088	-1475	-1038	-1411
DNB5286534	-831	-1064.5	-1075	-1104.5	-1129	-1171
DNB5318998	-831	-1509	-1556	-1537	-1510	946
DNB5328760	-831	-715	-811	-847	832	1287
DNB5328772	-831	-910	-888	-930	-814	-1336
DNB5328804	-831	-886	-1070	-881.5	-923	-1586
DNB5328807	-831	519.5	995	-939	444	617
DNB5329468	-831	1434	1407	1459	1437	1287
DNB5360696	-831	-648	1157	-234	429	716
DNB5419	-831	-348	-621	-351.5	582	683
DNB54562	-831	-1375	-1424	-1468	-1279	1387
DNB55445	-831	-1048	-1081	-1047	-1080	-1606
DNB5614	-831	1354.5	-806	1420	939	1437
DNB5702040	-831	1263.5	1452	1251.5	1310	1369
DNB5702058	-831	1564	1561	1537	1552	1490
DNB5702072	-831	772	736	781	765	-1079
DNB5702093	-831	1521	1548	1494.5	1505	-1446
DNB5702126	-831	1614.5	1578	1598	1608	1554
DNB5702172	-831	1428.5	-1433	1447	-1383	-1385
DNB57242	-831	1603	1619	1608	1586	1571
DNB5753	-831	-1625	-1579	-1634	-1520	-1584
DNB5814	-831	-1502.5	-1487	1370	-1472	-1426
DNB589768	-831	-1568.5	-1514	-1577	-1551	-1546
DNB596344	-831	919.5	874	811	874	1342
DNB5991	-831	1534.5	1472	1594	1362	1604
DNB616573	-831	1268	1092	1244	1199	-1118
DNB6230	-831	-925	-1488	-872.5	-1081	-1511
DNB6234	-831	-1445	-1033	-1468	-1459	-1534
DNB62389	-831	817.5	817	842.5	799	752
DNB62875	-831	822	836	861.5	869	-1257
DNB6439225	-831	1469.5	-1454	1472	-1437	1431
DNB65064	-831	-1325	-1416	-1294	-1423.5	-1115
DNB6539732	-831	1348.5	1517	1334	1451	-1462
DNB6603728	-831	-937	1224	-953.5	-843	-1357
DNB6603827	-831	926	1340	986	905	-1365
DNB6603865	-831	-1480.5	-1511	-1481.5	-1076	-1412
DNB6610217	-831	-902	-968	-899	-908	-829
DNB6610273	-831	1523	1498	1526	1524	1407
DNB6610319	-831	-874	-1041	-829.5	-929	-864
DNB6610326	-831	1193	1187	1297.5	1130	1365
DNB6610347	-831	1580	1604	1570	1596	1539
DNB6674	-831	1425.5	1426	1452	1537	1198
DNB669190	-831	1074	-1039	1103	963	-1369
DNB6708643	-831	-1402.5	-1504	-1458.5	-1461	1154
DNB6710699	-831	1313	1394	1328	1313	1412
DNB6710779	-831	-1518	-1544	-1466.5	-1515	-1423
DNB6742	-831	-883.5	-1073	866.5	-904	815
DNB70413	-831	-1037	887	-879	1063	1419
DNB7046	-831	832	898	778	838	1344
DNB70547	-831	873.5	1279	852	867	650
DNB71384	-831	946	-1232	931	931	-1219
DNB716121	-831	724.5	869	789.5	857	1340
DNB7184	-831	1586	1555	1600.5	1545	1561
DNB72067	-831	-842	-899	-685.5	-817	-1388
DNB72385	-831	965	-825	1059.5	1041	866
DNB73707361	-831	-803.5	828	-855.5	-791	737
DNB73707371	-831	-1562	-1586	-1567.5	-1575	-1515
DNB73707373	-831	-1256.5	-1139	-1372.5	-1058	-1273
DNB73707375	-831	752.5	784	725	765	-1259
DNB73707416	-831	919	-742	1143	759	1467
DNB73707419	-831	-801	-1001	-978.5	-1000	-1500
DNB73707560	-831	882	856	906	880	-277
DNB73707561	-831	1334.5	1369	1350	1406	1158
DNB73707600	-831	1425.5	1459	1445.5	1449	1457
DNB73707601	-831	1211.5	1414	619.5	1287	1271
DNB7510	-831	1513.5	1481	1540	1437	1565
DNB75220	-831	-852	1280	-1334	-1043	762
DNB75919	-831	-1465	-1495	-1470.5	-1472	-1504
DNB817368	-831	641	580	708	192	741
DNB8226	-831	835.5	888	839	-838	829
DNB838	-831	-1494.5	1076	-1496	1260	-1484
DNB84029	-831	798.5	738	837	793	817
DNB9604992	-831	-962.5	-875	-1029	-968	-1071
DNB9815618	-831	1357.5	-996	960.5	-976	837
DNB9865652	-831	1330	1546	1270	1477	1461
DNB9892554	-831	1170	1482	1130	1200	867
DNB9949093	-831	-1577	-1550	-1574	-1532	-1456
Dobutamine	-831	-1259	-1450	1040.5	-1329	-1446
Dopamine	-831	1385	1075	1364	1252	1200
Enalapril	-831	1284.5	1143	1266.5	1294	1066
Eprosartan	-831	-1045.5	-1083	-1067	-1160	786
Esmolol	-831	1212	1330	1239	1319	1512
Etacrynic_acid	-831	-1542	1535	-1553	-1561	-1483
Etilefrine	-831	1201.5	1327	1217	1337	1499
Ezetimibe	-831	837	-1111	-1018.5	-822	1445
Felodipine	-831	-1426	946	-794	-1193	1445
Fenofibrate	-831	-945.5	-918	-1006	-1025	-1163
Fenoldopam	-831	1579.5	1600	1543	1573	1449
Gemfibrozil	-831	1557	1577	1548	1572	1553
Hydroflumethiazide	-831	-1459	-1466	-1474	-1500	-1526
Iloprost	-831	-954.5	-974	-1010	-980	-960
Indapamide	-831	1525.5	1562	1547	1497	1563
Irbesartan	-831	-1526	-1613	-1498	-1587	-1603
Isradipine	-831	1333	1461	1465	1345	1449
Labetalol	-831	-1050	1168	-1036.5	-940	-1006
Losartan	-831	738	-1392	782	740	1352
Lovastatin	-831	837.5	-783	850.5	-809.5	-717
Menadione	-831	1354.5	1474	1336.5	1403	1480
Mephentermine	-831	-1199	-1521	-1243	-1302	-1051
Metolazone	-831	-950	-1118	-960	-1048	1207
Metoprolol	-831	1175	1086	1168.5	-1207	-1196
Midodrine	-831	-1540	-1583	-1545	-1541	-1466
Milrinone	-831	1490.5	1582	1428	1378	928
Moexipril	-831	1334	1528	1305	1455	-1217
Nadolol	-831	-828	-829	-847	-827	1020
Niacin	-831	898	843	962.5	912	1178
Nicardipine	-831	-1569	-1586	-1556.5	-1553	-1468
Nicotinyl_alcohol	-831	1513.5	1481	1540	1439	1565
Nifedipine	-831	1390	1316	1395	1365.5	1145
Nimodipine	-831	-1144	873	-1170.5	-1284.5	-1203.5
Nitrendipine	-831	-830	-842	-837	-838	883
Nitrofural	-831	-751.5	655.5	754	679.5	882.5
Olmesartan	-831	1521.5	1503	1437	1522	1515
Ouabain	-831	834	850	845	838	1417
Oxprenolol	-831	-853.5	-858	-855	-831	-807
Perindopril	-831	1416	-1408	-1493.5	-1435	-1589
Pindolol	-831	-1440	-1530	-1443	-1495	1424
Piretanide	-831	1463	1419	1486	1399	1507
Practolol	-831	-652	1023.5	-622	695	-395
Pravastatin	-831	-1035.5	-1031	-1029.5	-1139	-1006
Probucol	-831	1074	796	1081	823	1394
Propranolol	-831	-967.5	-1496	-964	-1450	-1252
Quinapril	-831	388	272	394	412	1271
Quinethazone	-831	743.5	813	738	739	747
Ramipril	-831	-702.5	-1006	-730.5	-954	641
Rivaroxaban	-831	314	227	314	164	782
Rosuvastatin	-831	-1420.5	-1524	-1384	-1475	-1240
Simvastatin	-831	1381	1110	1395.5	1382	1401
Sotalol	-831	-959	-911	-1039.5	-894	-1412
Spironolactone	-831	1487	1506	1479	1467	1402
Synephrine	-831	-820	-788	-820	-789	-956
Telmisartan	-831	-1433.5	-1463	-1501	-1430	-1535
Ticlopidine	-831	-930	-1021	-882	-1051	-1354
Tienilic_acid	-831	1408.5	1404	1429	1373	1527
Timolol	-831	1146.5	782	628	834	1425
Torasemide	-831	-820	1274	-847	-974	-1281
Treprostinil	-831	1281	1043	1387	1156	1562
Triamterene	-831	-1587	-1591	-1586	-1589	-1546
Valsartan	-831	1448	1306	1474	1294	-1462
Warfarin	-831	1570	1602	1547	1586	1412
